data/coord/ELG_14_clustering_data.ecsv
# %ECSV 1.0
# ---
# datatype:
# - {name: TARGETID, datatype: int64}
# - {name: X, unit: deg, datatype: float64}
# - {name: Y, unit: deg, datatype: float64}
# - {name: Z, unit: deg, datatype: float64}
# schema: astropy-2.0
TARGETID X Y Z
[from data line 13189]
39632956859354773 -1035.9669543007462 -3124.727142234508 2208.747494111986
39632976874573984 -781.0220473094106 -2438.0126014465964 1768.5209993508563
39632976866184697 -1155.3465005872488 -3464.470947887021 2522.123888057828
39632981819656528 -780.0969464921063 -2243.5806464410957 1663.7805823720164
39632981819656354 -1047.4246066513526 -3010.058873639372 2232.4939940960367
39632971904321615 -1108.758894787723 -3567.5340079016173 2573.8077149589067
39632971908516805 -1023.1454291088768 -3362.2752351595445 2417.345017198319
39632971916905199 -1072.9547072116147 -3660.0702695280784 2612.3815783194837
39632971900129310 -688.6696743669555 -2191.702845965389 1576.3871404306872
39632976853602120 -677.4217308363081 -1932.356229686628 1422.3763827948162
39632996638130529 -876.7295830101325 -2681.8635276270284 2039.71416884562
39632996629742084 -1139.427678308693 -3365.779961824901 2556.7684133216485
39632971874962735 -1093.0122898722236 -3120.243131122328 2261.8114052094015
39632966904711118 -747.8933672680441 -2370.0788614086937 1696.9049463836973
39632971904319692 -1148.1612299716326 -3667.912179202862 2633.924510439993
39632991714019343 -1168.140835996469 -3545.4229961335836 2659.2923274172604
39632986773127567 -617.7274661391752 -1817.4647979056451 1353.5982200240169
39632971900129078 -792.07915721766 -2519.022908191563 1812.9138549593793
39632971887543932 -870.3646974118643 -2600.1533786875075 1887.4640037928184
39632971908516932 -1022.561068146131 -3361.7785162086852 2414.9389905544135
39632991714018664 -772.25519704851 -2338.3560357105152 1752.4375715682365
39632991714018959 -1135.164676431424 -3440.667629960866 2577.9045560637333
39632991714019253 -982.1438727631207 -2980.0629977188482 2232.3101275022054
39632986810876230 -845.1042379132259 -2941.6078930119784 2168.09220490329
39632986768935535 -1035.031026109725 -3022.1450498829404 2255.9814578519718
39632996638130358 -880.2638361949754 -2690.9580038156705 2044.8186076471138
39632986768935379 -904.2103451906684 -2638.3181712653754 1968.6079244177604
39632986768935609 -1112.258169403494 -3248.8578025722204 2422.393013594165
39632986768935516 -929.0465814187775 -2712.522562685986 2025.7031268713163
39632971908517248 -787.0978206332842 -2591.245115936349 1862.4462583594932
39632996629745875 -887.0897497504893 -2658.334695691533 2025.5776701151053
39632996629742748 -939.5445995311417 -2782.2615437256077 2113.600739090012
39632996629742759 -863.4286583468343 -2557.0597978024357 1942.6530999539673
39632971874962826 -1263.3222664065145 -3607.7768613043004 2616.895519008358
39632996629743395 -929.5805554778733 -2760.0050931902238 2098.689607366957
39633001541274518 -793.9046088914894 -2444.3755916903033 1866.752731940958
39632981861597881 -897.4333626896231 -3078.6277697485198 2255.8073728689837
39632991714018357 -897.2501450507448 -2714.0490383571737 2033.866669512568
39632951817798928 -960.7208818576912 -2827.5611430980443 1982.851103892458
39632976887153199 -1083.234289858304 -3517.4813240144995 2553.087326854357
39632971904321204 -1086.1949563409403 -3489.2968549070647 2520.27132217035
39632991701438820 -718.0627191096195 -2085.5377095451986 1576.88149938387
39633001541274694 -795.1396991390899 -2449.73981176221 1870.2480216302683
39632981819655212 -980.0984916600194 -2803.538013174776 2076.5374158828913
39632981819655481 -924.232929390753 -2646.3868809261594 1962.2744101621572
39632976853601219 -808.0982575539338 -2297.9072293138165 1690.8453797016912
39633001541272452 -797.3605176719557 -2436.0408066175146 1854.8398658156668
39632951817799017 -958.9388138078936 -2823.185391858526 1978.7188106356396
39632976853601179 -821.6998723678116 -2336.2069901231735 1718.0223669160755
39632986768935395 -911.1556432888888 -2658.7411650051017 1980.9265133118322
39632996629742519 -938.6563518501519 -2777.4021384560397 2110.9970893495592
39632976853602060 -947.4652500393306 -2702.052559311056 1992.0899527549993
39632986768934819 -706.0482650080987 -2055.640616974881 1535.5432865316457
39632976853601112 -945.277528490642 -2687.019494338607 1983.705116610056
39632976853600895 -927.7275728514179 -2635.1280073337252 1945.6366409229674
39633001541274324 -803.5741995620925 -2472.35951274954 1887.5210495249157
39632976882961982 -649.7684678440163 -2095.101562159753 1519.9282338850253
39632991714018499 -770.3404297504795 -2331.2126250080732 1746.3414577493404
39632966904711573 -837.3708567993574 -2657.9055454685135 1901.9590847552558
39632981819655365 -1186.2286775181246 -3395.0034079838283 2513.976680903383
39632976853602026 -737.0364133388448 -2101.691353425484 1548.0984805501403
39632996629745363 -838.5777586023893 -2508.0462364819464 1910.1225298199843
39632996629743069 -991.0642955294622 -2938.548558418598 2229.12069844556
39632986768935292 -906.1773823376515 -2643.287646325624 1971.279294502949
39632976853602484 -722.1806399188245 -2062.8235391983562 1521.259255788856
39632976903932462 -989.2641860837622 -3502.245577326954 2519.3098496684856
39632981819655298 -1187.963656032417 -3399.2431070520224 2513.759501770574
39632976903934464 -695.2964831812681 -2482.1187571977835 1794.2388324870026
39632971916905091 -804.7814943472061 -2744.0173362540495 1969.7111248458004
39632976899738655 -733.5254268589191 -2547.946403202369 1845.9799328779502
39632981849014758 -1000.7240383829411 -3237.141438797312 2382.6678206651795
39632961888321817 -809.4131722801344 -2484.2260201570907 1764.5828450456663
39632996650716422 -728.9906526992932 -2385.456547706552 1793.9807498303082
39632971891737724 -721.5391598902035 -2189.9857887923577 1588.286806049168
39632971908517688 -1026.7315734328276 -3387.3174052917316 2436.247816138294
39632971916905413 -851.4185331906491 -2907.116912448191 2087.7049953481396
39632971908517427 -698.6946965712592 -2302.3259183456353 1655.8056987553566
39632981857404890 -777.4718239125408 -2625.5862513225056 1914.8109407806942
39632996659105937 -571.2549311851021 -1949.312477167505 1457.7522544768012
39632971908516764 -749.7525897384982 -2463.352540565028 1773.3091287124641
39632971908516793 -785.4326427303988 -2580.9581506379463 1858.690898767208
39632971908517104 -876.4093454865033 -2883.410185603143 2076.0739907244524
39632966929879501 -940.9533798447233 -3374.0487754470396 2390.0170361513196
39632971925292394 -617.1804812521751 -2180.909612188017 1560.578921609805
39632971925293061 -674.9313189173981 -2390.706358450508 1710.9833960545695
39632981865796059 -979.3725080986997 -3481.3241531809745 2541.71940476495
39632986810880258 -715.6158204908538 -2530.460546493342 1861.4454604826892
39632971925293165 -671.3312368920576 -2378.905694459708 1701.292317793658
39632971900127628 -837.3359906085914 -2649.3727025883177 1901.267606322469
39632966929878056 -927.1702335050336 -3307.79434577555 2336.889358214869
39632966929877850 -862.0002687926664 -3073.1031339937845 2171.6552687698386
39632966929878012 -861.5748907655059 -3073.3053528293017 2172.345348203377
39632986810880160 -876.4998135774209 -3098.330604094779 2281.473846576267
39633001553857551 -951.2386576312654 -3097.2142778619273 2344.5447540465752
39633001553857823 -837.214861489529 -2728.6033196462413 2065.2903585156455
39632996663298558 -1028.6546274008927 -3556.0037821720325 2656.9813093324483
39633001553857106 -945.1082568515338 -3072.1267274683887 2332.7891335385357
39632976899740022 -992.2513802124743 -3464.2555548035252 2492.883054841163
39632976899739928 -940.4759977124575 -3282.1191971725625 2361.9567028989527
39632996659105733 -1020.1561265989087 -3478.8185748174346 2616.260251892016
39632996659106639 -622.943313659013 -2131.529900238168 1601.0691556944992
39632996654907755 -810.449306499605 -2672.2165597672506 2014.2901157953831
39632996663298076 -720.6714331985764 -2487.1660507095326 1859.207303919872
39632996659106810 -799.9571696055685 -2739.054770419445 2056.8112219964137
39633001553858370 -598.1400924976961 -1953.6026363022854 1477.8007194397546
39632991743379624 -637.2164809874128 -2206.7457273475325 1640.10285472651
39632971925295140 -1000.2399841059429 -3571.939698182191 2553.8161952064092
39632996663297257 -939.4725688278278 -3232.7162573857718 2426.599179310565
39632971925295029 -714.4578566928939 -2550.3040146350245 1822.8183125166604
39632991743379557 -636.8139718163229 -2204.8480809400467 1638.6387776290155
39632966904712474 -608.3159554569316 -1937.2371382269498 1387.3269797269324
39632971891739556 -706.5965765497665 -2160.350068811387 1565.413695844802
39632976882960755 -777.7226236660548 -2495.706603799482 1808.4430903361201
39632971900127573 -667.6412843123484 -2111.8749890051968 1516.1463401246783
39632971900127561 -689.4073208504616 -2180.5664761897096 1566.02382542042
39633001553856791 -759.2601548656295 -2465.199656968507 1870.207400640316
39632986810880665 -895.7025943928679 -3172.897202308859 2339.260460585783
39632986810880498 -799.0055577444883 -2828.308437390722 2085.3923768829645
39632986810880177 -870.5327325827881 -3077.425412018671 2269.4928901975804
39633006436027472 -770.346603704831 -2455.8391528182883 1883.9517333574727
39633001537078674 -1134.6754772940278 -3411.4911966071763 2604.2222748560816
39632956859351315 -812.6699433082882 -2416.8515597360406 1702.3630727959305
39632966904711068 -745.7681709805447 -2362.8652313642497 1691.0710711439729
39632986810876030 -820.6091412351185 -2854.2013917738377 2098.6426198309405
39632971908516859 -1060.2992320977219 -3484.9630527193385 2507.1555149020364
39632981857404607 -887.2694385563957 -2993.4712028013123 2183.026644111201
39632986768935877 -785.7511842210182 -2297.252605043965 1714.627338313493
39632996629745626 -695.4771301579341 -2082.188581713796 1587.2037740697463
39632966879545388 -1207.3837585691763 -3445.4302601871354 2496.3463198742006
39633001537077451 -751.4709479673428 -2248.544047417032 1715.075608837184
39633001545468189 -822.4380580485663 -2569.899590297576 1965.8327427599488
39632991705630266 -720.8617614418378 -2107.125930047641 1593.757168673458
39632981865796252 -646.129280536471 -2298.4144298723345 1678.9418296018312
39633001553857284 -825.9052733706608 -2686.591360034922 2033.5090054338218
39632991743377586 -764.602750080406 -2628.785433034327 1944.532423036268
39632986810880468 -775.8280356866641 -2745.8457847322666 2019.0861875627565
39632996659102581 -901.8462125820129 -3038.842948229423 2288.314675104395
39632996659104990 -668.5650328821813 -2273.7631591298036 1712.4058890658237
39633001553856862 -1096.4829771348789 -3560.9711705796703 2705.485514017815
39632986764742161 -752.9673797896845 -2164.7450737698637 1618.1064305654133
39632996659105824 -696.8635746034258 -2377.119082038659 1789.9106669472637
39632976899740525 -1018.9380812264121 -3564.388902888029 2570.11650288437
39632996654910680 -852.5844742126799 -2842.4446264338653 2141.761830824165
39632996654910971 -867.1056772569789 -2894.169039218724 2182.389814373611
39633001553856594 -1025.3063651911998 -3326.4220967828683 2527.8684767895948
39632996654911117 -853.3442845315215 -2850.008726502265 2148.233796159936
39633006436024483 -896.3294613846309 -2821.777566842631 2162.16414174095
39633006431834225 -910.5717086470487 -2856.4221893627137 2189.826840719605
39632996659105697 -963.8701748469987 -3286.484629524103 2469.5179905709188
39633001549662499 -1008.0635273688195 -3211.006541660651 2454.8048111073194
39632996659102754 -775.0421426616379 -2613.109604178148 1967.323515684504
39632996659102327 -632.4203384272713 -2128.7245741041183 1602.8046740144355
39633001549663773 -727.7708159681947 -2328.9402291911024 1780.3767295714651
39633001537079110 -1095.1227993790255 -3298.9212559583025 2523.768272115562
39632996659105248 -978.9861796189695 -3332.5609677823627 2508.247116605302
39633006440218889 -894.9834082197648 -2872.407953301852 2198.857114859947
39632996659105486 -645.2226285490003 -2198.233630390132 1653.2333790946218
39633006431833907 -782.6934634538891 -2452.2818048997074 1882.0892324995768
39632996659105625 -1057.1242552808333 -3603.5133271456425 2712.580215452967
39633006431831761 -882.1803222668786 -2743.0593424934864 2106.5628681088
39632996654908066 -743.0811386591614 -2452.5953065390136 1849.8431654411124
39632996654909315 -751.2221924120895 -2492.030329519013 1879.5740068019836
39632996654909097 -770.064580718373 -2552.2736888439836 1925.2253304061182
39632996654908843 -820.2334436136938 -2715.451827310689 2050.4904207281916
39632996654908732 -749.3377864932444 -2479.6576382671387 1872.615046721859
39632996654908188 -742.7317455376259 -2452.4733329648993 1851.85802584669
39633001553855620 -864.6555540647563 -2795.0988609696606 2133.9186884438072
39633006431831914 -1002.4045088556487 -3118.634277324734 2392.8249727632847
39632996654909584 -736.7693578542961 -2446.6755015195336 1843.505402623467
39632971874962505 -1109.1955659823993 -3163.966942914276 2294.7425748971923
39633006436025378 -1125.905026756642 -3556.7841917834076 2729.5114745424235
39633001553856351 -664.1674141360668 -2152.879001301656 1640.8226441323145
39633006440221506 -743.4890477258923 -2413.2041829695513 1843.1014688749767
39633006440221568 -983.5301057192358 -3193.3201054350843 2438.9074230938536
39633001553855701 -680.8669084870104 -2201.814536745354 1678.1601945298255
39633001537078635 -851.023676161393 -2558.3181884247124 1955.3219625527795
39633001553855932 -837.7505436106474 -2711.326645829938 2067.0041316347188
39633001553856249 -760.7894742407731 -2464.9982432910138 1880.4436237532962
39632986810880616 -730.5830352997443 -2587.5445993289595 1903.2056955367989
39632996663297730 -892.5351153989809 -3076.538325372203 2309.03542113405
39632971874961246 -1031.767445657332 -2930.5665155828033 2129.1634359418326
39632956850962894 -911.8397850237235 -2622.0869817775606 1861.1221825151347
39632976899738574 -980.5867300921683 -3405.140263672948 2455.6212500716733
39632996629744908 -753.0706027591758 -2249.087239203804 1714.1568136913259
39632976882960611 -904.9916504023442 -2902.7896269686735 2102.7566594659256
39632986768934942 -771.3232127828114 -2246.828724532429 1676.8495454302354
39633001541274200 -962.0449345751205 -2958.618105739727 2258.8397961421274
39633001541274053 -683.3828737019136 -2100.437495666288 1609.069372403495
39632996654911919 -831.7036026259735 -2787.873613839509 2101.068152124802
39632996654911837 -701.2130128936125 -2349.350903172486 1771.6026454979246
39633001537077568 -885.387187884127 -2650.5575000779727 2023.7242680745833
39632996629742101 -939.9953538879071 -2776.870954040751 2111.0597298319635
39632996629742417 -883.8656762056764 -2614.2984141127386 1986.9820427614568
39632971874962532 -911.5818699491542 -2600.539389546582 1885.2110545900705
39632971904320578 -966.0016977675067 -3096.4709458349394 2236.239823657699
39632976853602024 -931.8437383863824 -2657.1739711044397 1961.4619996257577
39632981865795874 -978.6032281974672 -3475.8632923367113 2526.4221763205314
39632981865795983 -898.1250584549233 -3191.6010205754696 2313.0227449170757
39632991743382554 -688.3995094325635 -2409.4051995503737 1786.5615592787965
39633006427638266 -903.8917256184122 -2771.0976382853755 2130.271614069302
39633006427640016 -829.6261342421834 -2562.706041750904 1969.1302157398939
39633006440219487 -762.6074848689592 -2453.8925096190014 1878.6200640979496
39633006427638120 -1143.0554001228966 -3502.237263684814 2690.79797498466
39632966879545517 -844.4134096397781 -2410.7730666433213 1742.3023145081124
39632966879545561 -785.332058420705 -2242.4828959399665 1619.4738745806706
39633006431834786 -689.9363500986914 -2168.844663230906 1665.326917364362
39633001541274399 -803.9825183425173 -2474.2938573887104 1895.689935074587
39633006436028678 -848.0874257289776 -2716.2352322599236 2079.770699739532
39633001541274382 -803.5153408177688 -2472.7066670826416 1894.752037338842
39633006436028649 -901.789160604345 -2887.893453119073 2211.4497896247954
39633001537078603 -1102.854797949304 -3314.967864113077 2540.431211697882
