data/coord/ELG_9_clustering_data.ecsv
# %ECSV 1.0
# ---
# datatype:
# - {name: TARGETID, datatype: int64}
# - {name: X, unit: deg, datatype: float64}
# - {name: Y, unit: deg, datatype: float64}
# - {name: Z, unit: deg, datatype: float64}
# schema: astropy-2.0
TARGETID X Y Z
[from data line 10093]
39627764277448727 -3469.75188680847 -3032.234097078381 -87.78848130331384
39627746128691333 -2498.638486779078 -2041.737571223421 -91.63143675345628
39627758204093621 -2773.7044095622705 -2249.684296098411 -70.34903905851985
39627764256474682 -2801.285636804248 -2335.0666996000355 -70.97203404101288
39627794447075202 -2803.9086216193637 -2298.4452612343575 13.295449077090318
39627764256474586 -2226.631445637664 -1855.7810219658718 -55.13388651490585
39627776315098446 -3308.4972874289692 -2637.8582664761734 -27.78765664954848
39627788403082485 -2368.806328857905 -1921.1884735794285 4.838699628642426
39627800491069956 -3359.302247188842 -2789.943915011894 45.28626250996416
39627776315099203 -2830.551085493439 -2259.5629125808414 -26.1736386996346
39627740093090527 -2894.1494250571595 -2395.7485908943904 -128.5354955693632
39627764277449529 -3070.9253099500747 -2686.052520488731 -66.89172652186258
39627764256478411 -2289.3169078158503 -1918.4830202993624 -54.0329172001934
39627764243891575 -2811.3584125269667 -2280.874002014585 -69.73504236880129
39627788403082903 -3259.2616233867943 -2644.8929512748427 6.1149374287805776
39627800503648793 -2376.920320012146 -2013.567457575396 22.5620103944871
39627764277449744 -2315.2250981326997 -2025.5892463349917 -57.7668623239785
39627752164296940 -3562.265727397586 -2894.6050426699053 -114.01404661348963
39627800491070427 -2784.5156124300797 -2314.3085947197005 39.056782946245164
39627776319294112 -3330.860036137051 -2684.0791275963647 -38.253375295717646
39627794451271314 -2213.0604229141472 -1835.1386588104247 16.83728609054463
39627752164296712 -2690.2803191443854 -2185.3864323069133 -86.1113386410254
39627764277448906 -2199.0043762368423 -1922.1004812486387 -54.718513001567615
39627788403082357 -3030.173239812395 -2457.188181385528 5.784312295464744
39627764277449590 -3274.852990147225 -2864.664265526934 -71.52634539835827
39627764256474271 -2678.0106349087323 -2230.9466569819347 -66.91570264958084
39627806530867599 -3171.316240496627 -2631.3840699751527 51.02330336885883
39627794455467186 -3321.447867113796 -2786.687189478521 16.062002986182357
39627782359092487 -2780.5438467845183 -2240.766188170474 -18.627517021229508
39627764248089959 -3333.0344792419073 -2746.831171793587 -82.10729960390519
39627782359092368 -3164.7675246624412 -2549.9953736809507 -19.63523647165034
39627758199903882 -3573.858691472003 -2892.644884380848 -93.8279531255923
39627782359092360 -2583.589705165657 -2081.7045820163403 -15.534953609440377
39627758199903784 -3558.9659939754265 -2880.239471609731 -93.2371039460358
39627800491070316 -3432.9533836957326 -2852.7867878202633 47.66383266280552
39627782384260201 -3049.295940926645 -2598.581654432604 -15.917971681995315
39627764252281489 -2683.453041586198 -2219.9520169726934 -65.98539553541139
39627746128696572 -2413.603439991241 -1986.798925882429 -98.99730814430157
39627782359092177 -3467.7574894042523 -2793.500450346552 -21.760404244116447
39627758229259410 -2015.4315323809367 -1724.1745462289373 -59.846052471087724
39627782359091624 -2145.5220431971215 -1727.0956430454792 -12.841401612009388
39627770279496951 -3265.530483256985 -2632.8487587839663 -55.69679665047274
39627752164298864 -2991.2657876508247 -2437.6925147937673 -105.58421549727858
39627782359092096 -2761.5998642274244 -2224.4443129550914 -17.75882062118595
39627740101479030 -3023.6948186094273 -2546.520190361137 -139.51153756186247
39627740101479572 -2731.709870051999 -2302.4210166433645 -126.5483580794104
39627770279497019 -2696.6653517894597 -2174.3885436272453 -45.98671676851801
39627806526674001 -2615.7021211990404 -2153.6662286706505 39.79250147812701
39627794455466353 -2057.8234374602885 -1723.934014952073 16.820595827381858
39627764252282314 -2365.085851301324 -1958.7899428300984 -51.29932304568944
39627800495263253 -2378.165170441791 -1988.962344098636 33.64798225032947
39627782359092770 -2079.230476062528 -1676.1330692015083 -12.527098236570211
39627806530867676 -2572.25670302507 -2134.5848799509017 42.65958272325422
39627776319293400 -2696.2019319502674 -2170.6232995401087 -23.25505313234166
39627752181076814 -3045.5569632739007 -2572.840472457311 -101.16153365920555
39627764248086022 -2576.759245063217 -2110.1963492061054 -59.66125880410324
39627746132885713 -3155.5846937335514 -2601.8069819565694 -116.21545163473114
39627758199899055 -2710.956054279386 -2179.272463402184 -73.26581765265108
39627746128691374 -2985.860997908196 -2439.9978818455174 -109.47487862109293
39627752181076864 -2424.2995928119435 -2048.110225189736 -81.00013004117523
39627776319293213 -3251.0632790132995 -2616.586264409412 -37.96264015298528
39627752155910423 -3073.9021111073644 -2461.664151070909 -94.77126779167574
39627806535061230 -2786.710174159498 -2329.474910688782 39.84906831405533
39627794459656545 -2597.284227568508 -2180.4166118472945 13.09015179184943
39627770279497880 -3112.253577792933 -2512.1598343916817 -53.22801908050055
39627776352849319 -3182.5513484229855 -2756.028684830996 -31.497469569953974
39627746124501352 -3477.640996295185 -2835.3423340884274 -145.23081106823633
39627800499455810 -3209.298610051691 -2700.6651393540756 30.16579202090235
39627794459656241 -3445.174380353608 -2890.9404064613677 16.406712586418827
39627740093090726 -2539.385289667204 -2102.640413760027 -113.31428293034192
39627782359093129 -2957.798154766585 -2385.4147570384594 -18.059047783957613
39627782359093034 -2323.130475977037 -1873.3426067667806 -13.827626230793642
39627782359092893 -3254.329529059139 -2623.816303073312 -20.628274415090473
39627806530868234 -3454.4776145335686 -2868.8957422350463 56.23567011056309
39627782380066775 -2747.6533091927004 -2323.476510361886 -13.80722596632534
39627752164296667 -2689.890464024705 -2184.9714419443285 -85.58642723414121
39627776319294226 -2784.068937574089 -2243.8694699776474 -31.298886356902443
39627800495262746 -2407.309100468369 -2011.9030228006707 23.856285350814208
39627764239699839 -2125.9495640388664 -1715.5510558702354 -50.510860954710786
39627800495261747 -3239.5274177752663 -2703.4111795654862 35.39357579164788
39627800491068662 -2461.7833824381937 -2039.9468198080656 25.034809431094978
39627782354898935 -2774.1549632172823 -2219.6576631814746 -9.463735775384885
39627758220872167 -2382.155426538171 -2006.112587759994 -66.47857193361497
39627752181072138 -1788.4501481926484 -1501.1514097213815 -57.25845872314075
39627752181072179 -2567.900445371227 -2155.524450491038 -82.3523993949239
39627782371673193 -2871.1893845511554 -2371.0494227915997 -17.89094894130301
39627782371673240 -2405.0619446573264 -1986.2564608307232 -15.234220299419743
39627782354898980 -3222.760098167838 -2578.752913065808 -9.511832309855313
39627758220871810 -2170.309652136281 -1826.7762203754055 -60.60003085736884
39627788403087394 -2779.086923893016 -2270.1193193105396 6.726443753900354
39627740097285309 -2112.865515981003 -1766.5462136168494 -93.04364637856065
39627746137083123 -2435.050265366353 -2033.77936208596 -101.17700539758161
39627782371674744 -2796.999814727503 -2315.8601318300066 -15.400594945110663
39627770275303779 -2435.6823345596 -1951.1821343784325 -41.37386385409873
39627752172690110 -2719.077574849289 -2259.881703790621 -94.32822946336924
39627770275303815 -3166.0681157556633 -2536.482308701728 -53.82813889674112
39627782363288076 -2816.329147930778 -2293.5376747251544 -8.34172130865597
39627788415670127 -3488.272869398102 -2926.5181210071337 -6.6457381762359224
39627758220871654 -2466.8905506651663 -2075.911479863225 -67.39975029338024
39627788419864742 -2749.9522562293964 -2327.809915787887 1.76942161872442
39627788419864713 -2745.8099561448603 -2324.229179688738 4.031116167012015
39627788419864465 -2398.734451086344 -2029.733975596639 2.7067973868609414
39627770275301763 -2670.319599320027 -2131.731008841027 -48.45069878668399
39627770275301814 -2669.963158106502 -2131.6070581444533 -47.09823150681645
39627770275301822 -2690.1043738062253 -2147.7063960383966 -50.304518208586146
39627788419861434 -2248.5698338747934 -1894.4321941670896 -3.021406584797495
39627788407278157 -2593.6679166460367 -2128.241388508158 -6.94922325744403
39627764269057716 -3490.975480095546 -2988.1215048234176 -79.12764631525711
39627764239699754 -2571.001815938693 -2074.4045295247224 -60.715516431582365
39627764235503226 -3112.1094728575704 -2481.39786902774 -74.21937739376247
39627746137084454 -2877.5942544318546 -2407.6494301025473 -115.45182020785822
39627794459662057 -2279.8101359537786 -1929.040101437211 8.763706273024933
39627764264868292 -2180.2391835960575 -1862.090164441119 -46.07626758491862
39627782367480925 -2888.0685329629914 -2370.0251772100837 -8.246021707196824
39627764264867863 -2589.4397557662123 -2210.1788359143625 -63.3850165861755
39627800495261941 -2667.137951245359 -2226.3129681221626 29.418906228804126
39627764239698541 -3363.6312663885938 -2709.4650116315033 -78.4893704992212
39627782367481157 -3208.7778693898713 -2634.0072937234268 -9.154327597045555
39627782354899230 -3356.2631174345847 -2686.68180449093 -10.505353130668533
39627746132890400 -3566.984633339235 -2959.980331072628 -137.54266808968816
39627752172690050 -2264.883316191914 -1882.240182401861 -78.58612043443948
39627746137082689 -2991.9243282604484 -2497.6802112461664 -124.26829220181364
39627776331874966 -3351.961609748227 -2766.2572072821245 -30.71937004073264
39627776331875320 -2307.958069507349 -1905.773940505355 -22.18666433104497
39627800495260533 -2465.269303951701 -2053.178053907108 26.027337522629903
39627758220870046 -2389.840285932679 -2006.2919085356145 -64.59597827730909
39627776331875352 -2648.9083062172085 -2187.41320655758 -24.98998880450078
39627782388455040 -3177.530666345383 -2732.93678079308 -26.373761796670674
39627740097285644 -2170.6034538154395 -1815.67364135997 -95.66332544545001
39627782354895006 -2590.726087450541 -2061.252145731216 -13.627318557196373
39627782354894989 -2141.4097081879454 -1703.7208333556478 -17.518162660101297
39627776331874684 -2973.2740248631894 -2452.4632472006415 -41.89552888816719
39627746124497501 -2870.8672466724897 -2326.8922758859785 -112.28278556841241
39627758220869758 -2381.4347027093136 -1998.5062098163532 -72.61449859682199
39627788415665057 -2594.004397128281 -2160.564398472711 6.292287308142903
39627740097284044 -3533.2374389653246 -2948.1848185889526 -165.15438599834962
39627752168494625 -2784.898642417373 -2293.958407021411 -94.83194176398308
39627758216681346 -2336.2823440835937 -1959.3942678457952 -67.68798952543241
39627794438688866 -2337.8857363270886 -1887.0295913962193 14.564588074419623
39627758216681241 -2382.108811137357 -1997.5247626110659 -69.91625125850634
39627800499456460 -2449.126318875431 -2063.2129904632047 27.82305855087428
39627764260670203 -3520.666048912763 -2965.8263244143413 -88.48890104379034
39627740097286532 -2381.17166949524 -1994.5115706006961 -104.75337998115582
39627794455464923 -2592.907160504429 -2166.7630568540003 9.784578384448565
39627758220870347 -3143.825437163816 -2640.3581204570023 -88.4738657228985
39627800499458171 -3094.376274092879 -2613.698501103622 36.39015485045666
39627782371675221 -2385.472264345096 -1976.682355518829 -18.863215326254647
39627776319297297 -2749.016456934309 -2225.5373298627665 -24.74640967417163
39627758220870927 -2326.920301890502 -1955.9996123865226 -67.06757415499109
39627752181072744 -3486.471063819623 -2928.7261775439474 -110.98802799689722
39627758220870856 -3201.7971697089783 -2691.1355882710845 -96.50471092492882
39627758220870827 -3117.1377774579305 -2619.8436953616506 -89.44588639629167
39627758220870724 -3142.6231116733957 -2640.909173079244 -89.78825583405506
39627758220870587 -2873.393705727029 -2414.154483735973 -80.26702315740307
39627740093089359 -3318.1640610182462 -2742.1457546017277 -147.1511912790562
39627776331874876 -2411.6366572400366 -1989.8949223283305 -22.455247662989247
39627752181075371 -1964.1013385585145 -1655.894125466552 -67.63139314415076
39627752181074871 -2258.8664439173135 -1903.0211007899513 -74.73121340783891
39627758220870578 -2709.44378051197 -2276.383367527733 -75.74249933989074
39627794468046255 -2928.4775369263425 -2506.7783680824714 24.794803341031738
39627752181074862 -3113.305808871247 -2622.837180966668 -103.3761812539984
39627764239697833 -3240.572033821801 -2608.092939881871 -69.5082273561229
39627770300471151 -2618.19995043299 -2215.3290188367914 -44.64797872844207
39627764248089754 -3399.7070541042435 -2800.88068510603 -83.98826436219899
39627776327682284 -2644.8235401467105 -2168.1997888199076 -23.98774744154469
39627770313051388 -2355.977627832307 -2039.8781387451688 -46.145293338257666
39627782384258108 -3357.4840920652255 -2852.8769119378567 -24.87558212669471
39627770287887031 -3460.698163316175 -2848.00493267802 -63.74813696361105
39627770287887116 -2734.905171038332 -2251.021669887 -50.31703276241096
39627758216681468 -2461.0920903144997 -2064.483542789107 -69.8540844145318
39627770287887018 -3398.006600868585 -2796.3334092775217 -62.30562726455977
39627752164296675 -2517.547245674202 -2045.002504784198 -81.17048971635656
39627764277449338 -2419.520197013066 -2115.819531648335 -51.599553391910796
39627776315099041 -3417.612840562477 -2727.4928366162444 -29.286670864217186
39627764256478782 -2362.933322443615 -1981.20160512811 -55.224515563029044
39627764277449553 -2669.110523814438 -2334.6519370289016 -56.796602508741934
39627782375871467 -3257.553657904232 -2730.5841044663807 -9.992764509904173
39627794447074740 -2805.7445183860345 -2298.034177939837 13.94756156309023
39627758216680892 -3077.679267048514 -2579.3416249367256 -81.48062867659826
39627746149664949 -2788.418101840363 -2389.8894047499507 -109.90444707694549
39627788419859830 -2507.01000113262 -2107.5250109988856 3.7628114825162045
39627770313051501 -2474.290869652088 -2142.684510069823 -49.24142674120226
39627764264867315 -2941.9380710711057 -2509.140622347833 -60.653548935250704
39627764264866913 -3485.610393504913 -2971.184216821855 -71.6821911532309
39627782363290110 -2748.5280059974148 -2243.979795925414 -19.651086554409638
39627764264863879 -2797.111478013146 -2374.962257598704 -62.725393733177924
39627800486875091 -2468.0079837471167 -2030.2899977628194 33.547071910417294
39627758220870858 -2333.4433732652587 -1961.2848028566925 -69.73954063067242
39627764264862805 -2925.2706342768447 -2480.1911015371707 -61.19287257509292
39627770283693802 -2520.9865487935426 -2058.3701256560644 -36.89078513072673
39627758220870624 -2575.638229218085 -2164.138098687894 -78.89034710578457
39627746149665033 -2523.38198967635 -2163.057948364017 -98.95647412441848
39627758220869771 -2241.110093414776 -1880.7727197581885 -63.06277666296202
39627770300465390 -2374.032895339657 -1992.3182896701912 -45.63275452048189
39627764252285273 -2228.0732518581053 -1852.874289830689 -48.33223819095206
39627794447078491 -2843.319857032164 -2342.967852752841 12.593409557187007
39627764252285270 -3337.511974688341 -2775.4814838810635 -70.47923394281261
39627800495263712 -2203.8007085382023 -1844.4570533801927 30.10782728852991
39627764256473241 -2673.872171529191 -2224.2047993460415 -56.712695539303176
39627794472239168 -2537.180742982733 -2186.294021089017 7.646696767685906
39627764252285200 -2722.7247108547563 -2263.948935828133 -59.550472707263815
39627758212482802 -2540.172199819303 -2099.094866390429 -66.02456809911675
39627746132885971 -2867.9385526633546 -2365.4195870469166 -107.13510073808193
39627764252285229 -2310.6443957366814 -1921.402171714158 -50.41153348645505
39627800495263312 -3000.0256077866393 -2509.2442185433792 39.83750772229724
39627770287885833 -2350.885083780455 -1931.2701058253301 -44.86683196732828
39627800507843242 -2536.8901319573756 -2168.9094228513127 25.94343157559887
39627770317248670 -2712.9781737569947 -2378.6875627824147 -49.11785333501639
39627800503649318 -3335.3623906972634 -2827.864851318293 32.434775339246606
39627770300466200 -3082.1664289506093 -2589.1252051955735 -46.21150548006392
