data/coord/ELG_4_clustering_data.ecsv
# %ECSV 1.0
# ---
# datatype:
# - {name: TARGETID, datatype: int64}
# - {name: X, unit: deg, datatype: float64}
# - {name: Y, unit: deg, datatype: float64}
# - {name: Z, unit: deg, datatype: float64}
# schema: astropy-2.0
TARGETID X Y Z
[from data line 10005]
39628454596970607 -3555.4269619686934 -1006.949273719833 2025.1782847273407
39628449261818539 -3707.758030654597 -936.9847519264185 2074.2491648097657
39628465158230307 -2191.4914867438433 -568.7425411674856 1263.0017912198764
39628449261818713 -2298.8718542325564 -581.3802163001889 1284.5373014742693
39628438608285469 -2489.072404396115 -638.1696367631664 1368.7074059509364
39628433243771056 -4013.9401794349187 -940.91159823997 2172.5952509190415
39628433256355033 -2824.734592196762 -709.4113053216174 1540.3419789172553
39628433256355131 -3915.661241655824 -983.7522467412731 2135.3363136236394
39628433256355009 -3867.6087839416664 -971.2134846158609 2107.8541626585325
39628454592778558 -3462.0150423136965 -970.080662339003 1973.0442568563114
39628427891835552 -3534.8014672231056 -850.7846117745362 1892.4997026222472
39628417150223130 -2802.1874968856455 -729.6594145348278 1467.7143359529878
39628454601163367 -3251.0383840163545 -931.6632169282254 1847.1389935813488
39628417141834641 -3640.459716974646 -911.643549994107 1914.9383864062545
39628443935049103 -3313.8694729052145 -807.2110523680024 1839.0633426674372
39628433260545556 -2789.0708349278266 -705.8251623726126 1508.9893985898832
39628438608285615 -3098.8432602545145 -795.0145197902947 1695.8526719370354
39628427891836078 -3372.395440917097 -813.2679202379138 1805.6104826089631
39628438608285701 -3355.9186858968196 -861.2697069541199 1837.122352071407
39628475694318081 -3284.3275749111317 -861.3460186281227 1935.1535166589654
39628438608285488 -2630.1304514656717 -674.412886057766 1445.6711235978678
39628443960217397 -2469.6075782667067 -687.3481356610122 1376.464269282702
39628459894376876 -2934.9936058941266 -831.5615501639116 1688.5664687149142
39628454571806377 -3553.7257349774213 -898.0433572893071 2018.0791515555206
39628443926661245 -3561.2003844425494 -832.9209967380685 1971.2656934925553
39628465158231014 -2940.9960903600318 -765.3607603152567 1695.880302972223
39628465175005996 -3473.5536645262114 -969.446914687454 2013.2936801361764
39628454596969270 -3364.861098996467 -947.400621309993 1907.9671795964462
39628438604091383 -2443.3162019811007 -613.8753914556906 1344.0012126367235
39628417158611109 -3812.53480039548 -1030.4780996376169 2020.915506820042
39628438591509153 -2778.4588407086667 -653.1592090338364 1521.3972774128806
39628459873403735 -2631.926595891979 -671.088756462893 1499.5521839931946
39628465175006312 -3817.8520907967745 -1066.577552321096 2229.469611382059
39628443943440638 -2751.6233715767703 -705.859560536162 1523.1699149197952
39628470430467106 -3419.635671092049 -877.1781862636229 2006.8003897162423
39628465175005288 -3326.3303434063937 -926.1169072597091 1927.029163937945
39628465175005285 -2875.562287144671 -800.60616688389 1665.7469501972225
39628454601163261 -2762.8139879513565 -791.3565242584942 1570.0987281178654
39628475685934096 -2372.1025032167795 -606.4976859950136 1393.8427066664824
39628449295368596 -3142.5516643553547 -913.3004459004912 1776.9467061852292
39628417137639845 -3877.9286234048586 -948.1856690286803 2042.3103526695786
39628443956022232 -3217.9524058748775 -873.2369669467266 1787.8336714193033
39628443956022343 -2862.520079367646 -777.1139621919149 1590.6730237881113
39628438616675599 -3721.9528730506045 -992.697522722436 2043.665200041841
39628417158613955 -2535.033290617457 -692.3315324238229 1342.0826027880958
39628417162805285 -3690.3056539151794 -1016.305089841556 1958.4493522500566
39628417146029550 -3388.223676192003 -867.9135541733159 1779.228438619655
39628438616676236 -2491.603917910708 -665.9156663952884 1366.3096667458449
39628422548294901 -2907.2005820295394 -813.6570264676253 1551.81448492545
39628449286981578 -3460.710306192409 -976.4936007190836 1949.597045705488
39628465175004427 -3138.4493855081773 -871.1546780287033 1817.2152305255966
39628465175004950 -3290.0387401897215 -914.9591776877832 1905.9172191472662
39628427904420333 -3396.647705883434 -875.3621276805194 1817.6941623777905
39628465175004872 -2881.3371531721464 -801.0640454409522 1668.78388052556
39628433268936125 -3483.1445670544244 -924.6140205146725 1901.9126866876259
39628465175004793 -2887.1412944406816 -802.4712776378279 1672.9233197276992
39628422539905604 -3211.6727083795217 -863.3638571600684 1703.7678636002292
39628433268936178 -2711.7617900048845 -719.989174470563 1479.6882481561106
39628422548294959 -3668.605926094498 -1027.0415532246545 1959.0337819576002
39628422548295150 -3261.526982757882 -913.7632785355166 1741.7507111076447
39628449291177499 -3197.263692840425 -924.8737242397674 1799.563605189801
39628422548295181 -3671.1664857939945 -1028.67308502579 1959.6291336861505
39628433268936050 -2381.009722615339 -631.8676081983068 1299.4491986304229
39628449286981544 -3464.678572277676 -977.4920580845867 1951.8514041893914
39628427925389896 -3030.9004746020078 -856.517097890624 1640.4786294891787
39628433252156631 -3728.1321563723773 -902.9309783945798 2025.1322344893126
39628422523127451 -3372.7922988490973 -831.582222791837 1797.7333471964087
39628438604088422 -3471.7181394918907 -860.4212442738574 1907.9788198508013
39628470426272164 -3126.0775996796606 -783.1661309295964 1814.22838715272
39628449270203538 -3580.9634210884105 -928.2531643263118 2005.4057656211098
39628417137639766 -3027.3862608605 -739.9658549288348 1595.5016002366822
39628417137639520 -3660.572370379355 -893.7348922227071 1929.4132271114213
39628454592778310 -3636.332983595204 -1017.8987002168458 2070.7877741558414
39628438608285987 -3344.192306109969 -859.2752590428348 1841.801372332356
39628449257623183 -3847.642987054318 -947.2820469605819 2162.5587534809815
39628465154035142 -3591.980071330946 -908.0371808424682 2084.344208847527
39628454592776908 -3588.743711936718 -998.4387982848029 2034.7677383302953
39628459869211118 -3335.0988029521523 -838.0890047572824 1899.5963663904865
39628422518935980 -3320.7312100516547 -809.6779937020983 1769.664342254134
39628459869211566 -2906.6386940127963 -731.5222829362269 1655.0004084996483
39628459869211426 -3475.6823201481693 -874.3044466050088 1979.3624143651166
39628459869211560 -2807.0239849161226 -706.4390728781624 1598.4723524410447
39628438637643813 -3255.2556854985396 -949.1640951817518 1810.4721220179451
39628470447245673 -3818.851473903243 -1066.1825129647934 2231.869029469055
39628443968605019 -3297.2392924670353 -950.3827672478301 1852.6726951467786
39628427925389668 -2949.5964221965914 -832.7514562380283 1595.7799789146497
39628427925389703 -3706.280123636892 -1046.5155086138168 2005.1929304260502
39628417137643696 -2910.527107693593 -722.3122577115835 1528.2950123929072
39628417162809075 -3730.002582189958 -1038.7025356616039 1979.436396570313
39628417158614200 -2941.3155351649416 -804.0774902056686 1552.2894787114187
39628417158614241 -2607.2427294633912 -712.840414214818 1375.7807981457486
39628438616674908 -2789.6615279292573 -742.7253744816345 1536.5422311329157
39628454584387165 -2863.5210744161886 -763.1340343977083 1618.8314781666688
39628465154037119 -3206.6767610901375 -816.6283778362179 1854.4227253635706
39628465154037003 -3769.763711678496 -959.6078251430615 2180.616927239699
39628454596970393 -2924.8847789089505 -827.6314322583668 1664.4812219677876
39628438599893089 -3766.192856167544 -908.997950402212 2064.950489561515
39628443930857141 -3051.7514567589583 -736.8991920155038 1693.118162749026
39628438599893258 -3344.2476623064927 -807.9423087163143 1832.895929125236
39628417146032328 -3042.993152128554 -788.5801030651085 1597.7687562133217
39628417146032679 -2623.4928947220774 -680.6906421085187 1376.7138074353477
39628454596970375 -3485.9900933964004 -986.3110763988883 1983.4038240701666
39628443930857130 -2172.2976836310536 -524.51486834237 1204.9661658297016
39628443930857233 -3739.380566724065 -903.358432906384 2072.5956177136486
39628465154037468 -2614.1711572267504 -666.6605918727805 1512.8572785726378
39628417150222520 -2711.9080142905914 -704.5461162187805 1424.104354537666
39628417150223297 -3629.4066660602734 -945.5546620903428 1906.9719801329725
39628459873406794 -3016.702939644324 -778.4732059447067 1721.9172338165458
39628422523128019 -3348.2853237378804 -827.3840501326379 1774.309370172028
39628459865016481 -2607.6041111040886 -640.8694904734188 1486.9227377110933
39628438625059340 -2832.040068356594 -773.9187446541199 1558.17979716327
39628454596970219 -3360.590860249314 -950.1601455004387 1913.4718934464038
39628465158226039 -3620.059667186562 -923.562716167881 2094.6212261860187
39628465149841133 -3783.420481360114 -937.2843731666866 2184.9428269509585
39628459894377259 -3269.733367128083 -927.9051827884136 1885.5513156267186
39628438608285773 -3244.344054941668 -832.8925400623076 1782.6519539992016
39628422548292529 -2929.2346410764485 -812.208744725686 1569.8580687049769
39628417141834709 -2988.4353557865197 -748.7213756930503 1563.5274915175876
39628427904418986 -2702.1431114478337 -693.457042800098 1450.0048394171795
39628417162809014 -3527.53299343914 -982.155951783846 1872.317637457909
39628449286981449 -3295.7216612399247 -929.3842118891406 1857.7936403821598
39628438633449917 -2576.8333534997355 -737.8779487438749 1425.3565012551214
39628427891836302 -3441.9985408434136 -830.8534338874355 1847.8202595797754
39628438608285521 -2485.9274204866824 -637.5124348737805 1368.2707079054426
39628438608285537 -3807.5380083243226 -976.4886009527546 2096.201589446262
39628417146029098 -3282.0574327679888 -838.882796226295 1732.412112111284
39628459894375570 -2525.933329652955 -712.1784273858422 1452.0220083088213
39628454567611474 -2602.227475853162 -640.1309735452455 1463.4598509553216
39628443972797051 -3086.0339025516028 -897.0115461929224 1725.7758913369782
39628443926661432 -3049.38324320702 -713.7913886727454 1686.3304268806314
39628443926661161 -3274.641014429984 -765.6393376687564 1810.5063155377884
39628443926661067 -3000.3358563354986 -701.2256893358098 1658.9170103034082
39628427925390991 -3650.2750069669523 -1035.9729756456813 1972.1709694074125
39628417141835128 -3030.4243596696165 -760.7791903781775 1594.4913920886177
39628433252157551 -2759.8164637955665 -671.200429516604 1498.3348193995457
39628433285711733 -3757.4054500225966 -1071.0048541075819 2053.2657841425616
39628433252157642 -3891.177404012875 -946.6451646960413 2113.655251080798
39628465170809377 -2868.8267681979823 -778.6870576590488 1664.1789529848006
39628454596970643 -3252.531333977399 -921.3382815592995 1856.129702344582
39628438620868566 -2740.5642226625355 -743.1214057253595 1514.921700932845
39628427891835748 -2498.6990733282 -601.8947713114005 1337.3070919981305
39628422552485951 -2850.404614903234 -802.6881252424174 1519.6818356329277
39628422552485997 -3237.6850129501954 -911.9749556734382 1725.5354464314066
39628433260544499 -3452.678075003411 -869.3933510888824 1882.4820961211167
39628438604090974 -3505.0783511112604 -879.0882448861491 1928.3260883450691
39628422552486191 -3572.3103821688637 -1007.0099504880158 1919.1451644135186
39628465145643348 -2994.654863952827 -717.1613211484371 1715.9893174265635
39628427896032217 -2584.9559559125983 -641.6123725178777 1381.3224276804804
39628454575997018 -3370.622982256571 -855.6516791935196 1899.9715595239843
39628449270204479 -2670.3430253312117 -694.555967610492 1499.331910305113
39628443964411791 -2558.7642617844763 -726.4121652797705 1434.6664492907407
39628443951831092 -3927.5972936799017 -1054.105342820712 2178.7998077576312
39628422518933477 -3364.7144531592235 -811.1957931759111 1787.3753590588765
39628433285710998 -3360.39301128095 -955.2315173692558 1830.8363161094242
39628422552486765 -3688.4076749853452 -1042.0398580605652 1982.3762349880458
39628449282785476 -3565.2779418003256 -978.1942520146445 2005.1395879540428
39628454559224140 -3800.6241195097327 -897.2977837550892 2141.2331903650816
39628454559224149 -2868.0806451502767 -677.1398216032708 1616.2539267909347
39628433277323336 -3160.1211976938416 -867.8939697742245 1722.8419845562428
39628449278595416 -3191.628999575555 -873.9114419556289 1794.423282109146
39628422552486593 -2667.864926360922 -753.2184028526055 1432.972424420373
39628417146029670 -2627.6804316814373 -673.4345292964034 1380.0022088378328
39628427904419874 -2767.699572032354 -712.2698793771892 1480.0243306391765
39628449282787918 -3412.7562242920962 -946.1717269208428 1915.3187696896025
39628438608282519 -2680.9049909886903 -677.3282298094523 1475.0414331865054
39628438608282557 -3588.4777283330927 -906.7980209544301 1974.339533140666
39628422552486271 -2901.396899869158 -818.1211129538965 1559.6534565988065
39628422552486260 -2260.9763377016448 -637.5116788817556 1215.7197183749677
39628422552486298 -2898.1662302909617 -817.2737304512956 1558.0268345838383
39628438608282301 -3072.216795457558 -775.4303595617008 1690.9875564012245
39628443964411940 -3941.413132167387 -1119.6409075645543 2209.225218702345
39628433277323017 -3612.523279218661 -990.9759706623046 1968.197725705966
39628475698512216 -2697.4049765755763 -721.3171127241512 1591.7517971685727
39628475698512269 -2695.981935987984 -721.0803111132619 1591.1057794659941
39628438633450707 -2429.5441325515485 -697.7707225035891 1342.9350977342579
39628411747960621 -2690.5690490993647 -689.2488114606259 1407.5082438304719
39628449249233566 -2302.2285920332647 -540.668244004721 1280.948450167689
39628454605357457 -3826.016269989213 -1115.4261544527687 2184.1829638141817
39628433285710759 -3149.904524847617 -894.5206118919757 1717.2521728348747
39628443964410161 -2932.327806135122 -826.5171666431988 1642.5368435252276
39628465170809205 -2064.3109521457495 -560.046331034098 1196.9361878782897
39628433285710681 -2490.987900922084 -707.1552871266214 1357.2748654267368
39628449249233504 -3344.3876295597884 -785.2073892342058 1860.8236505554714
39628443972796598 -2819.85999784624 -817.6189906626735 1572.5269428551005
39628433260544526 -2820.866948349017 -710.4290606291812 1538.1624090059988
39628422552486882 -2897.4976011379913 -819.0325614907171 1556.375835178697
39628443926659318 -3926.9789780428378 -910.2914151192339 2157.464683401904
39628411743765869 -2173.718377817238 -543.6118066358807 1131.128113317728
39628443968604521 -3162.5685747685075 -909.2607222253613 1766.4099879845958
39628411739574425 -3683.5107165448444 -913.1800929046698 1922.8991516446422
39628454605357328 -3014.8056770960097 -878.4455153786031 1722.7850330920855
39628422518933129 -3082.0223047422546 -742.199672913923 1639.779207540839
39628443964411903 -2809.1254014473675 -797.8367739982599 1574.0100591143212
39628411743765408 -3096.608471295047 -773.1578546328647 1612.1245910291316
39628411743765505 -3588.620736692113 -896.3222158071393 1868.9857380812462
39628406345697623 -3723.097028966646 -991.6058867939895 1927.367184759539
39628411764740791 -3696.9427439680308 -1031.197649040613 1942.7717177666082
39628454601166144 -3412.5770752732483 -988.6021677991131 1945.836516498086
39628465158227988 -2439.272003922019 -627.5140730199123 1407.8545191870876
39628438620868611 -3601.3202977531837 -976.6574954446768 1974.603160712591
39628433256350267 -2874.463021154177 -708.9502818207807 1557.0772744591904
39628449278593500 -2854.279268873522 -774.6828652112662 1614.0824577023898
39628433252158159 -3755.025776520515 -915.5355541461953 2031.9218188761884
39628427887645333 -2497.5996023803928 -597.2237199436645 1333.4624503904042
39628454584387134 -2424.816680041085 -646.0946407781248 1374.7031799478275
39628470430466398 -2536.731969856483 -648.883591790287 1477.3945302210077
39628427891835339 -2801.160099408136 -673.6668016890999 1496.7763543719295
39628417137640824 -3464.287188378348 -850.8567674646741 1821.1157271345865
39628417137640849 -3308.282215309717 -812.6331236795415 1737.2578129049414
39628454584387419 -3177.7523968500764 -848.0476800051515 1803.0986727717875
39628427887645851 -3339.9776792987673 -800.5058976572823 1783.5427508350217
