data/coord/ELG_5_clustering_data.ecsv
# %ECSV 1.0
# ---
# datatype:
# - {name: TARGETID, datatype: int64}
# - {name: X, unit: deg, datatype: float64}
# - {name: Y, unit: deg, datatype: float64}
# - {name: Z, unit: deg, datatype: float64}
# schema: astropy-2.0
TARGETID X Y Z
[from data line 1482]
39627884872075658 -2276.661690527441 -1361.227389336494 189.39124558307083
39627902949527076 -3723.28214858002 -2216.6949941806683 354.6658654955055
39627902949526991 -2996.0579743848075 -1783.41622467553 288.23851638988987
39627920993421834 -3312.507026798263 -1873.7817711783869 359.0865946269602
39627933022687288 -3886.6604502256055 -2204.147119640362 479.3535310714945
39627896926505124 -3224.801447546756 -1915.5784522998852 300.6553016664493
39627933039462712 -3691.4950636021827 -2171.817413302803 444.08867273754095
39627902949526810 -3310.1642919557617 -1969.7288626644558 318.4227309100989
39627902949524746 -3743.5076107082996 -2218.5496419567726 352.1138876995628
39627902920167750 -3743.0521524543087 -2080.425049162397 357.4365228653692
39627902920167732 -3783.426890543484 -2102.7766635246203 361.48251542829735
39627902949527095 -3828.559385710261 -2279.4885791593038 368.5668234271735
39627884846912361 -2971.3926325838443 -1683.042519870202 238.30572311860087
39627896922313556 -3610.076988350695 -2133.5336175228667 337.248892974527
39627933031076490 -3540.1123502351625 -2051.4672731161254 428.2311794131158
39627884872079229 -3585.5786313862627 -2154.6699252874655 294.2431961155656
39627902949527211 -2832.138083619919 -1686.568520693171 271.08393737215266
39627902949527301 -2890.179872589507 -1721.3655640812754 277.78574544414096
39627933018492173 -3797.7025760146903 -2127.3141120454898 450.3544636401293
39627896897143256 -3094.6400255009903 -1705.0517069398566 284.63108718803886
39627920989225683 -2683.5798038874614 -1496.9774795546427 290.88572136750213
39627884872076580 -3528.193843999678 -2112.112329952427 293.93507061023973
39627908938992460 -4013.3435493269835 -2200.9068271569495 402.8496043596639
39627884851107151 -3017.337166845911 -1726.6200059293376 247.35272570255086
39627933043658224 -2747.962854393222 -1636.7867283347198 332.9379071880748
39627902962108470 -2606.374827717264 -1592.2507410947394 254.63454088774986
39627896918116665 -2448.8723793602844 -1424.7137392962268 221.0423435090294
39627927008055658 -3918.009571818695 -2223.6397260832437 454.42185976815813
39627896918116793 -2336.872176135451 -1359.8798471394364 210.0471204109285
39627902941139062 -2731.560219531021 -1595.2703402695802 261.1936257738724
39627884867879860 -3619.213090542212 -2139.0437502296018 294.94469722154463
39627884872076643 -3060.8815680604857 -1832.5134169155751 253.83292017659315
39627914962010607 -3540.3275280424245 -1930.4072913544571 375.4525976526515
39627890886705436 -2745.160539364045 -1572.3907887893379 229.58713243192832
39627896897143395 -3071.101755367414 -1692.5769496166522 281.67425547097207
39627939045708079 -2778.886440761196 -1626.784624775141 345.8719843841287
39627927003861919 -3777.97311631542 -2124.3390052690966 443.1897954303384
39627933018492424 -3396.2333661209213 -1903.3441122189301 402.94495015826567
39627908955769502 -2706.8165087382463 -1544.9709043938092 271.34526869733963
39627920993422486 -3571.085033979509 -2022.4179555256644 388.3537135397985
39627920993422555 -3333.791855354043 -1888.2408009621292 362.58725775936404
39627890886708807 -3071.201893517759 -1770.3583850319567 267.33442521636056
39627890878319849 -3839.508058021617 -2169.871808610325 322.1950569370523
39627896913921429 -3851.834607500095 -2214.2182747564148 344.94824774982027
39627890878320048 -2834.814407745018 -1602.6677457002731 238.08768707754618
39627914995569221 -3484.332658453732 -2078.685828806206 372.2097616310405
39627878823890194 -3014.284625315458 -1736.5028884555063 230.43691690527706
39627872796676233 -2616.8808929794955 -1527.1071301343575 191.77941317676976
39627933026880150 -2300.4494434950902 -1314.5496920144258 283.5019419994884
39627890890902295 -3663.9538629879416 -2130.432525508821 309.1115294159228
39627908951575873 -2926.5342599257106 -1656.9814939919966 290.3256795448998
39627872796672775 -3796.962419542656 -2199.2932264226006 271.22037959881516
39627896892950587 -2579.2359127702225 -1410.9697613880812 229.32529124299606
39627914974596402 -3432.7296039791077 -1941.8583898155914 356.908250816429
39627896901338593 -3213.193193192182 -1793.3579388233904 282.0505285700171
39627920980837471 -2870.8722485512503 -1569.5835821564933 311.5790310499771
39627896901340746 -2675.550944520904 -1500.753831052502 237.3251349338748
39627896918118620 -2865.0388276497 -1672.9578747865257 264.07337662747176
39627890886710261 -3088.413882309823 -1785.1817535956359 258.5549617880819
39627890886710246 -3086.7326760889255 -1784.1784327447726 257.9782585128219
39627890899291560 -3105.2476435423437 -1845.8969404255497 261.69735628722987
39627890907677438 -3211.730787908004 -1935.7503904251753 278.6003660470408
39627939037317034 -3873.1935467293265 -2215.5710743292425 492.099730823337
39627939037316959 -2304.951975469291 -1318.330867202077 291.28930722843614
39627902945332033 -2404.7029855617166 -1415.05138490081 231.9501965121665
39627902945334121 -3727.828240293725 -2202.824385971296 354.73816159823565
39627896901338265 -3992.310820255512 -2226.507782938934 349.79237777672995
39627939041512296 -3534.550044586945 -2046.166080448714 447.9247207753917
39627939041512273 -3584.48128928931 -2075.0130750212725 454.0081528440439
39627902945332505 -3469.0848462804374 -2043.2470183722623 334.01508879582866
39627890890899512 -3440.8022115432486 -1989.9932305843226 288.79659758402
39627939041512433 -2399.8884867931106 -1389.7029402025505 303.78230003324427
39627902924361048 -3762.8264390287577 -2110.7013556237125 364.6687302778608
39627896913920119 -3231.6923946795437 -1853.536820174261 293.9783340692537
39627902924361386 -2810.538766828492 -1577.6460339305575 272.09067364951835
39627939041511818 -2656.898940455146 -1536.6057897980916 336.0459507607909
39627878832278150 -3035.7297241921824 -1783.2222863100656 235.8116626352258
39627933026878952 -2896.5115881837273 -1651.5593288630107 347.82650868518374
39627920985031360 -3712.6249316997287 -2049.6311429557863 399.57893775489237
39627933031076617 -2871.913643753106 -1664.6771672374662 346.7981743422636
39627939041512722 -3212.1343901337586 -1861.1052304515838 407.09905143947196
39627896897147242 -2546.561016319588 -1415.0822951448356 230.0470805385197
39627890878318237 -2631.2196050209523 -1481.807129296274 220.49150563126292
39627915003955370 -2398.344091538581 -1451.1600968500925 262.2657629975882
39627896901338477 -3496.037791497378 -1950.736648836104 306.74497977418775
39627890886710172 -2905.018459464783 -1678.938472532099 243.16104312017976
39627927020639506 -3523.154698231162 -2065.026958678335 412.76426777883177
39627920980837599 -3837.8738463175314 -2098.790862201489 416.2780550914265
39627896892950710 -3887.7291476147893 -2127.457010145938 345.62849836556944
39627902936944933 -2707.2504803989295 -1565.404302559586 254.34175818955558
39627896892948773 -3947.2479886427745 -2151.395132163644 360.74423264347485
39627939045704778 -3034.115091664528 -1766.4898005987318 386.6141937408277
39627921001809934 -2325.5930687291766 -1340.9549708994482 255.35611021168003
39627902953718544 -3889.631262831131 -2325.246218939228 374.2021051268392
39627884863684695 -3631.9391695737936 -2121.9830223197155 285.51648918688755
39627921001810217 -3522.3386407237904 -2032.0540209187984 383.2669467207623
39627908947382218 -2639.4044703215613 -1481.0669934533648 270.52972483645516
39627914974593385 -3321.1860379643877 -1867.5876921061442 346.60211493448514
39627914974593388 -3858.257148121997 -2169.622966559565 402.2557108023915
39627915008148103 -2686.117772250462 -1637.317576385179 293.2226764616774
39627890886710110 -2777.4392445833996 -1605.0154662544946 233.44483010738472
39627933026878807 -3680.6315011205174 -2098.143583114261 443.2119529572937
39627896934893393 -2599.3204378078653 -1572.3087706759472 235.19976720494049
39627945043563089 -3710.22641243655 -2132.3365713568037 485.7245801387656
39627933043659713 -3371.285286357543 -2013.4087155430395 404.3093887384685
39627914999762165 -3465.9896825817736 -2081.661320706261 372.71338020008113
39627884842716696 -3064.7717317981133 -1713.238254442428 237.85088676234983
39627921001812700 -3030.4373639227333 -1755.510794043721 338.97374504347806
39627920989225335 -3347.298384902533 -1866.0322861876698 372.7995164656905
39627890865736823 -2554.209654802844 -1399.3299774331765 220.01696093157832
39627890865736883 -3631.4173958340966 -1989.8079133029278 313.5695996452127
39627890865736897 -2948.6689358944186 -1615.7464189451823 252.68116538020547
39627914995565433 -3118.8902118763813 -1846.2742196405388 338.88526379536376
39627914995565424 -3479.0519368447904 -2059.4170019559547 377.49770174141184
39627927012247054 -2815.060771883407 -1605.6750811853633 332.0061881348878
39627927029027916 -3142.5058327696484 -1878.3199858318035 376.1146516518511
39627927012247310 -2573.2191495944817 -1468.52867159676 303.60739204172216
39627920980839684 -3718.7210952329433 -2042.1197794161374 414.95813801910987
39627872796672682 -3938.194459603426 -2280.584038847654 283.8162884153371
39627878832279540 -2721.7199465369486 -1603.2449902091025 209.6183667592041
39627896926503960 -2763.453281035715 -1637.1539894860875 246.7096254347668
39627939045707430 -3567.600918450382 -2086.168190444011 452.19066109641597
39627896909730875 -2689.3637056291072 -1540.7659849113445 242.7924190872488
39627872796672651 -2630.69682155775 -1523.3075447688752 189.11271194241294
39627872796672221 -3314.441736122384 -1917.509526956288 238.09915968357936
39627927008051472 -2952.9912320019916 -1662.6305284002567 335.90036138334017
39627939045707419 -3552.725340159915 -2077.421600876188 450.00518182929795
39627872796674563 -3663.5376511619256 -2130.9433017336746 265.78677816922516
39627927008052057 -4031.3939767390493 -2272.1153330566567 459.41753575145896
39627896930699113 -3935.8240077601704 -2357.527653513561 368.9704136114703
39627878832279608 -2651.9491783571157 -1562.3326395568392 204.37133157440644
39627921010196729 -3321.2935947239134 -1947.5127754272987 371.28008103121806
39627884859495377 -3663.1429532396915 -2139.538385688766 299.55060249494505
39627896905533586 -2894.8047941450923 -1634.2736597781752 263.7071897921236
39627896905533197 -2452.8576100576347 -1383.5147270360342 222.65537806260133
39627878819692893 -3102.2743111772493 -1759.021340602281 236.03240993206094
39627878819693036 -3200.3948433207715 -1815.072277923816 243.3111578988259
39627939045707131 -2261.9585700802722 -1322.0567016430414 283.93285789793873
39627884859495385 -3706.3575268348236 -2164.808376027286 303.0097151410078
39627927008051668 -2953.171933688144 -1663.22930904308 335.7028428103731
39627933022686414 -2492.4025653792064 -1411.20008615289 306.84845091793625
39627884876268698 -2930.3710601902662 -1766.6175473645494 242.50516420724878
39627896934893656 -3549.383984683661 -2148.0206548699466 320.8968658589083
39627902945334039 -3167.363709512445 -1871.3953241608833 311.21005110841753
39627902953721196 -2687.5704283458604 -1614.8101542883455 253.91435119031829
39627884842716208 -2416.8800091215758 -1349.8581596363006 197.56812005884134
39627884876270009 -2715.652279987073 -1640.777778932844 223.4821669994033
39627939045707592 -3522.407440008963 -2060.356057495112 446.494360659512
39627939045707803 -3918.053388467539 -2292.557677757611 494.21391031731656
39627890882513216 -2841.0011462530865 -1618.151551430711 236.05443039660443
39627890869928962 -3015.392004606297 -1660.6091466410812 261.0682941993357
39627878811306123 -3130.687243159897 -1745.6451593848128 242.1221356970709
39627872796672388 -3513.40958612682 -2033.3791295703527 252.59646799035306
39627878811307760 -2218.522112650006 -1241.004921413873 171.39383121895665
39627878828083741 -3357.4862056266993 -1951.616785951513 246.54754524712237
39627933031077027 -3395.0085750566527 -1969.4422611700263 416.97592924499224
39627914978787719 -2615.8395187875785 -1485.9736321163625 271.492337725076
39627890890904078 -3737.8403791455803 -2181.9818748746056 328.13084331116374
39627902932748149 -2864.521063746107 -1632.2413013226997 273.46660988333434
39627890882510997 -2422.2879216854235 -1373.1261786266793 209.88018487880066
39627890865736691 -3414.4722682997954 -1869.9937240902304 294.64747298324585
39627933047850993 -3501.7724817076555 -2101.8254971066026 432.9924858252976
39627884855299601 -3075.2870603239885 -1771.849312740418 243.94376088718784
39627884859491060 -2623.0072511969292 -1519.2110254132547 212.04985093620135
39627896922312822 -3659.1679870841804 -2159.077903923723 331.6460542793159
39627902957916821 -2262.0428728941133 -1374.982014030577 222.0740049229352
39627902957916592 -2694.915770560858 -1637.534752270251 264.05251262979715
39627890865736617 -3899.51785544547 -2135.3010413550205 337.05076059641647
39627908985127499 -2562.3231709933793 -1561.8194163000824 260.2734625853529
39627890878317942 -3346.861908594682 -1883.431911574656 279.3492215736788
39627884859491002 -3017.496137401125 -1747.5181843104374 244.6382319528059
39627878828084771 -2649.778161350712 -1543.3716740725395 198.5443849708532
39627890899290370 -3381.541244099878 -2004.9476046027337 294.0564344400062
39627884859490948 -3876.0189654599744 -2244.524400990334 313.1271029083289
39627927003857183 -2729.5932171689883 -1521.2995866863446 317.9249741431846
39627890895095269 -2826.440684553725 -1656.3689885150416 247.48495601999636
39627927037411521 -3476.755866548671 -2100.4432190926254 400.6858333850485
39627927003857120 -2724.892373143686 -1518.5199882745617 317.25177301214586
39627927020636927 -3403.181850379566 -1985.1847202385654 403.9282754566549
39627884842718738 -3492.540655731996 -1958.6079742983568 272.86354450262417
39627884859491188 -3466.7640675428997 -2008.4057142871864 280.13316974225995
39627902928552270 -3566.4588737170366 -2005.244336865438 336.81974421498415
39627878823892016 -3089.454310578456 -1786.5553966949333 234.0531351054679
39627878823891925 -2647.680008732256 -1530.7912068103672 199.44735557049492
39627884867884484 -2718.3885857815603 -1619.1876122850156 222.92668259623468
39627884859490696 -3671.0544921430733 -2124.7072435851605 296.0803750273295
39627902957915650 -3316.7870202628005 -2012.1195896778995 329.16951764618335
39627878828083848 -3651.035983859167 -2122.6180751616475 270.2357393818458
39627927024832222 -3287.560301639201 -1941.8925204884972 385.9988475469081
39627878828083887 -2899.809911250821 -1685.9910993924561 214.92053912595497
39627927003860277 -2954.917709046048 -1656.521602573011 337.3409680003562
39627884859490693 -2640.842078995993 -1528.4347644299476 214.713927448037
39627927033222107 -2125.8816820202505 -1283.3843104423704 245.9875649090863
39627914974597067 -2889.4861869547594 -1636.7074524778332 301.3672648631871
39627878828082066 -2977.925508614589 -1725.177717425018 228.6930537683285
39627896892952526 -2575.649128202774 -1414.5731973947497 226.07756287592994
39627933035267683 -2649.747506623136 -1542.814097254936 328.1012505199292
39627884859491108 -3638.750178363765 -2107.6980996731086 292.81427411396135
39627927024831652 -3268.8191787252226 -1928.5870320389424 390.2877176116152
39627927033222257 -3593.3543229694037 -2169.9609820540913 415.31258314884354
39627890890904228 -2538.369950746918 -1482.295090703571 222.96902169942547
39627902928552154 -3960.803443288275 -2226.442233361508 374.04998640522416
39627890878317730 -3373.2857609198745 -1897.3860723126766 281.7176395872365
39627914970401069 -2985.459652980713 -1668.1317175008746 317.8640345685331
39627896897143352 -4022.009983646597 -2216.4577639641525 355.8123051532692
39627884842716196 -2538.403717954988 -1417.6995487061188 206.9881274116414
39627914974597309 -3223.0479913165477 -1826.430896826044 335.35007159332446
39627878828084360 -3696.124566766427 -2151.083838484773 275.65496721773945
39627884855299966 -2280.711821591921 -1314.9112177910533 181.4167333131577
39627933043656834 -3345.3931144759786 -1987.863064448021 411.4458409276966
39627884859494855 -4005.7497649780935 -2337.099165863735 327.9437622092504
