data/coord/ELG_19_clustering_data.ecsv
# %ECSV 1.0
# ---
# datatype:
# - {name: TARGETID, datatype: int64}
# - {name: X, unit: deg, datatype: float64}
# - {name: Y, unit: deg, datatype: float64}
# - {name: Z, unit: deg, datatype: float64}
# schema: astropy-2.0
TARGETID X Y Z
[from data line 11387]
39633162564799950 -1192.2212276221687 -1727.2066870020783 2089.009696210422
39633162564799982 -1733.248326531921 -2511.287724168207 3036.9940166296738
39633153920339080 -1479.5123468431052 -2081.3263436266857 2487.444441133077
39633153920337775 -1500.207711152841 -2101.657844584801 2520.422161882418
39633153962279047 -1462.0067894191848 -2322.0411186320475 2671.5522709816223
39633153962278981 -1461.9156048946497 -2321.3898808656677 2670.955463910766
39633118675603299 -1516.5281601558015 -2351.3933981495093 2534.3406612427425
39633118675603341 -1161.0245389076072 -1800.3836851722165 1940.2730908699364
39633153924532924 -1588.046489397473 -2262.6637711747953 2685.081250272302
39633153924533018 -1867.3707057513213 -2661.568178773913 3157.811903439196
39633162560603999 -1714.2138709075098 -2439.880240743304 2957.2486987075868
39633140842499303 -1712.4201977616729 -2566.7271210275258 2926.8646551978172
39633140842499168 -1296.8663258485174 -1943.0008581692118 2211.7793405720167
39633140842499432 -1747.1873880999726 -2620.2220789868406 2982.3098603214557
39633136413313518 -1690.3103340050204 -2325.2493521857336 2705.232265395616
39633131996710554 -1619.4006007654566 -2230.610383607271 2561.4711823751345
39633140817331624 -1771.8067263711278 -2442.6587210127523 2855.719025813057
39633145200379431 -1817.2035285423206 -2494.27294424072 2945.9511679983416
39633149596011011 -1169.0356293458744 -1753.901770576794 2040.669085054873
39633136417506791 -1719.2505312966678 -2385.7114493491704 2768.268193863611
39633136417506478 -1350.731317631973 -1872.2047092808275 2173.474775866455
39633136442673295 -1682.2552420182608 -2524.4552940393146 2853.91738885378
39633136442673414 -1482.746650721938 -2226.2259071811454 2516.885592122704
39633145246518169 -1294.5062508713954 -2059.4031781336944 2335.028299741821
39633136442673557 -1469.9411534141116 -2208.341034987574 2497.0582264361856
39633149583428296 -1765.1100936631722 -2545.0880768869165 2986.809257849519
39633118658823433 -1266.0540501957173 -1850.5481680493015 2028.443477502132
39633140846690911 -1465.6811129187374 -2205.3237541023186 2505.873128615007
39633140834108602 -1737.914754726702 -2518.6995271426067 2912.390279923017
39633127563330931 -1552.755425570573 -2146.555919140589 2455.298715384522
39633118646240714 -1639.851670728591 -2311.2048817596697 2584.863150876072
39633127563331122 -1650.5405464367225 -2283.097767041328 2603.2395813374314
39633123117367981 -1757.4116942339688 -2467.0898594009427 2767.5445274533668
39633145229740354 -1411.3378778651283 -2126.673251617687 2436.5795451608833
39633127563331728 -1839.2914506313598 -2549.1599113267 2903.9376917942545
39633127563330727 -1664.5449350587437 -2299.3009164429586 2632.2388743053743
39633131996710464 -1646.3205923060343 -2266.912646565487 2605.2113463503633
39633131996709737 -1661.5511783740073 -2282.427660901105 2639.634154123303
39633123117367915 -1225.8876064750027 -1720.5134314274364 1929.931936829094
39633118646240759 -1552.4403831522513 -2188.3159168122083 2443.279660311413
39633149570843701 -1237.6571898724387 -1710.4034875161797 2043.514277121222
39633149570843569 -1800.0542900130251 -2486.346126897208 2962.478775686562
39633153920337349 -1863.1632881049848 -2606.7810859675606 3134.54719476
39633149570843447 -1540.8704447137168 -2127.3452816650893 2533.569245515268
39633145200378985 -1482.100489342647 -2031.585632440397 2397.6089174453423
39633158244666096 -1403.094152794139 -1961.8623114721693 2361.7930703060883
39633158244666347 -1719.779866378318 -2406.753046989225 2897.868087252452
39633145200380175 -1552.0667721351658 -2136.1439008570514 2527.978149487821
39633145204572576 -1558.5321847623416 -2159.2411629660346 2556.2586201277313
39633149570843063 -1640.272701206646 -2261.1956201943485 2694.9897696630783
39633149570844014 -1440.3316964367707 -1992.85836395834 2379.215248834399
39633145200379954 -1559.0280806939804 -2143.9630758677104 2537.7789225000843
39633153924530305 -1566.9781338662276 -2211.2107692691256 2645.2855788432203
39633153924530287 -1212.2424482975582 -1710.433069123596 2046.112895688337
39633153920338091 -1852.4564766679523 -2597.599864938419 3112.7177426652265
39633127563332045 -1343.6984887286314 -1863.9701606654962 2128.850408198791
39633162560605328 -1425.5480070366589 -2037.5071534174872 2465.367122831096
39633140813138682 -1800.6484432536272 -2466.043287899551 2907.420899120355
39633158244665290 -1326.214573404361 -1849.5491421529405 2230.9338904160086
39633149570843055 -1867.475565862936 -2574.330814354006 3079.5378681071957
39633127563330837 -1910.3187755103827 -2639.7605519284093 3017.2763034245954
39633118646240470 -1292.212525644015 -1819.753246099799 2031.9587388811713
39633136413313277 -1833.269309878526 -2519.5321557524253 2922.0034914585003
39633131996710013 -1551.4104753454485 -2132.985398968038 2453.208319838352
39633149566651800 -1464.911789940796 -2015.4892638140384 2400.5584333176
39633118646240767 -1639.0626106220238 -2310.4645699389694 2583.8045051884624
39633136446866647 -1224.0627233705804 -1855.6682262148008 2097.5799940939282
39633140846691187 -1227.256715731192 -1848.27273408631 2100.4709341060297
39633136417505337 -1701.1208296045327 -2347.5155546770125 2718.0357574055743
39633131996709593 -1457.0979117121385 -2000.5762573597292 2298.6694971200495
39633127559138463 -1189.2850545552499 -1635.2872988935196 1876.2276918764328
39633118646239806 -1579.5485594122367 -2218.8409364413506 2476.5695291165675
39633127559138408 -1957.9834434940979 -2691.6949278001634 3087.677987604343
39633118646241811 -1993.6852584679962 -2820.1653571503234 3128.956287749121
39633127559138454 -1130.3479078632624 -1554.2048072166892 1783.0965858149498
39633158257249873 -1192.7879681566894 -1739.2436483654158 2073.3249611727747
39633158257249710 -1386.7489839391499 -2020.9643959698378 2409.548325957502
39633149583427947 -1735.968485248821 -2500.3606453945904 2935.0507885736206
39633127559138558 -1447.35415288984 -1990.7270792630493 2278.9360694316133
39633114162531941 -1775.073293906538 -2594.5460727640907 2824.9509776488994
39633131996709962 -1805.0734298072618 -2481.329348877016 2866.5276815523002
39633127563329583 -1751.9170155543907 -2411.437662557748 2765.267666981856
39633123113173616 -1761.260822382375 -2440.62850911644 2764.759730644368
39633123113173833 -1697.354023267998 -2353.6197798810294 2665.393347218286
39633127559138775 -1605.1446481832274 -2209.1358237570494 2530.417008699015
39633114166722751 -1800.9123626097855 -2635.7145390914784 2867.441533252311
39633118646241873 -1318.8111743204186 -1865.935434782908 2070.793436147916
39633153920336948 -1931.2405555958892 -2698.3664917488068 3245.334384371177
39633118646241454 -1335.8853612604603 -1887.4016456096556 2097.7498885771647
39633131996709518 -1661.1248944241836 -2280.1043870167673 2634.6760517996986
39633118646240305 -1818.2587819405398 -2558.9862693013442 2855.074556724439
39633118646240179 -1073.5624097465402 -1510.1863833474245 1683.3676510253206
39633127563329637 -1764.791287228704 -2429.5873439181064 2783.53883463572
39633127563330555 -1955.73026076699 -2699.871761999718 3084.6671883837953
39633131996710745 -1820.2111580325345 -2508.7963851269815 2891.4040910231556
39633127563330849 -1292.3491324868428 -1785.9222512118913 2029.223347862887
39633127563330403 -1276.5037922660745 -1761.2332525750633 2013.5519705168697
39633131996710523 -1381.432942618875 -1902.6268287868602 2188.4736394824668
39633153920337170 -1456.7388288011948 -2036.9216140345825 2443.186908340126
39633123117368119 -1757.2621993651014 -2468.0000255592104 2768.298010045703
39633153920337064 -1653.6971136474683 -2311.541963520113 2779.62286952236
39633123108981999 -1429.126480611712 -1974.1193851074938 2242.4376636045167
39633145200379158 -1921.8042276592987 -2635.6860222435153 3109.45263059414
39633114166722675 -1789.348503284221 -2618.1622081270793 2866.3067516805922
39633114158336604 -1902.2336291455654 -2738.913495323415 3004.7446542560997
39633118671408644 -1154.4080441967844 -1765.0571519187026 1913.4169905849715
39633114158337267 -1686.6690951515618 -2433.8278649928466 2665.782318481467
39633114158337284 -1822.0144433734565 -2629.2762501329253 2880.32388109779
39633114162530940 -1368.5119442566197 -1993.6398145465182 2185.7314297564535
39633140813139395 -1863.5295651007343 -2558.1705694955795 3006.7080743719976
39633140813139268 -1595.4339582402688 -2189.206362559936 2571.8049295862443
39633140813139248 -1593.8154146080744 -2186.8458972300477 2569.190906559132
39633140817330217 -1022.6793354513138 -1404.2104057384777 1648.8716153923094
39633131996709885 -1265.1048778535878 -1738.6498339183363 2004.086263164404
39633140813139392 -1646.358419688634 -2260.030107688636 2655.959780108416
39633166859765487 -1583.2061492857106 -2300.217846781703 2783.764985800218
39633118646239667 -1501.5155177638273 -2108.3528885214087 2355.3488098777657
39633136413312649 -1259.8423675171275 -1726.7721045502676 2004.7684294831777
39633114154142159 -1413.4816936187967 -2009.5073304844143 2216.3891708288716
39633153932920310 -1812.6639653263312 -2635.542379573136 3102.796147582876
39633123121565828 -1781.5696008396421 -2557.6888876258017 2852.9454931659525
39633127584301475 -1566.9785329615136 -2299.659793518062 2578.375270246722
39633149608594870 -1791.793912890999 -2803.426988397811 3203.2929103041583
39633132000905848 -1617.3902474277247 -2262.5373360493118 2591.8227630240563
39633153958085061 -1329.2965314363717 -2085.133388172393 2412.5691954768768
39633145233935717 -1561.148885561642 -2390.462794714549 2721.2882033058877
39633158278218181 -1233.6605390933457 -1901.0324821710208 2219.206644202341
39633118671406911 -1218.0546320884664 -1852.1039456792564 2015.594591536764
39633127571719554 -1723.5226535962113 -2442.073952336685 2773.0294218856307
39633149591815873 -1784.3022797028473 -2633.4571131388116 3073.47594757969
39633149608595028 -1219.424324745986 -1908.8556864887603 2181.517809312768
39633140834110886 -1806.1538895064527 -2635.286290307583 3028.6973614776666
39633149612786973 -1651.2906540237059 -2598.6728260011655 2970.137567157326
39633149612786649 -1320.134919513029 -2075.112521272706 2373.7215742632898
39633149612786621 -1191.1230733291995 -1872.1519938552399 2141.4110065426535
39633136434283001 -1266.727638884793 -1841.8944734239421 2100.6141108017955
39633136434282772 -1416.7333162925129 -2058.339568586357 2347.1038449283305
39633136434282692 -1357.6588777356415 -1971.9151360191356 2249.5840706836602
39633123121563328 -1429.6427202429031 -2037.5709303520173 2288.389088042316
39633118650436206 -1807.3559342119981 -2588.052365717997 2859.936130395735
39633118650436082 -1325.3465853526855 -1897.0166053932592 2096.4033004616936
39633136434282858 -1422.283829631215 -2067.0336178901484 2357.5226988624668
39633153920339514 -1213.8829497584227 -1709.9767129966053 2041.867401985194
39633118671406826 -1458.1048407905726 -2216.6002037772296 2413.7099774079984
39633153941310370 -1514.380392259928 -2274.670384702593 2651.342124400494
39633153937115529 -1397.3348787753619 -2063.6085747266457 2427.908071325433
39633153937115437 -1511.245310399993 -2231.276488619442 2624.9877429342846
39633145233935887 -1409.135508599292 -2159.1674272776218 2457.446928617393
39633145233933764 -1284.5483069039105 -1953.46378458668 2235.6904714952443
39633149591814967 -1541.2124711019137 -2268.204412426005 2659.4230611685166
39633140859275741 -1501.910016122867 -2364.647201852818 2658.986570930179
39633118654629248 -1208.2080576277738 -1743.9864940467146 1934.1093098432532
39633149616980383 -948.2330474741871 -1508.1983494538822 1715.66745458266
39633153941310559 -1754.909434975228 -2637.610082573301 3075.0013278547995
39633132038653171 -1736.0213732003288 -2711.2121959960555 2989.032522616764
39633162564798016 -1238.8415613373352 -1783.2612368710525 2143.95528115518
39633158248861113 -1677.4549217056908 -2383.070604889012 2866.5332622185556
39633145233935230 -1357.0466831078304 -2074.0802381704425 2371.623757648065
39633149616980401 -1609.2421001208027 -2559.6846017592543 2910.847061305515
39633145233934998 -1639.4229995301203 -2503.4242925989124 2863.1437247276685
39633145233934978 -1598.054886745316 -2440.090174210376 2789.3688252238458
39633114162528820 -1282.4769935017835 -1855.9163528250517 2039.189139769845
39633123155118399 -1719.4006539099905 -2721.1497128446754 2941.334129289265
39633114162528739 -1570.9273499856888 -2272.737251081112 2497.008403874789
39633118679794532 -1196.6629107043948 -1861.2117965255595 2006.0389325220688
39633127605275725 -1533.7238883265768 -2421.64687245402 2647.5885450960927
39633127605275831 -1522.0885063088554 -2404.1053911223926 2626.0337119188016
39633127605275853 -1478.5157506761543 -2335.4235025424987 2550.984499428275
39633127605275721 -1473.5085419813392 -2326.5333333014078 2541.693387751476
39633127605275622 -1167.9395793517617 -1843.427819729499 2013.482542181869
39633127605275808 -1295.093557055246 -2045.3731116794465 2235.4105722587797
39633127605276309 -1713.5506238496998 -2710.782217260161 2959.859857021844
39633118654630914 -1368.4389291619934 -1986.8212973899406 2182.730254599162
39633118683988511 -1191.3250324104877 -1875.2656637664436 2024.5796974204668
39633118679796360 -1470.5593004842553 -2299.709089110395 2479.7862842640197
39633118679794260 -1273.4880897105645 -1979.0643119888794 2132.05533094935
39633118675602994 -1656.579182509154 -2566.5695350732644 2764.5778994681127
39633162577381845 -1758.0296731027297 -2644.236754366852 3145.8367936252857
39633127605276036 -1687.5301646582645 -2667.2409414782164 2910.731950539121
39633127605275839 -1304.7372351208633 -2060.8474308650552 2249.8956403403313
39633149596009873 -1172.7870580670922 -1752.6597451891914 2041.9752785742203
39633118683988721 -1357.3769409191655 -2137.9180503710213 2309.131253280688
39633118683988823 -1428.3988414497235 -2250.485905007864 2430.0926455434096
39633166868155975 -1607.020361394999 -2413.5032357079103 2887.7765575492454
39633145246516791 -1278.117081830016 -2023.1030952005099 2298.9739602729223
39633118679794843 -1361.1974658110394 -2119.2337447877044 2283.2655570047436
39633127601081398 -1554.6884202014608 -2421.754712303855 2671.399196623372
39633132017682422 -1687.4181232385247 -2477.9459183093345 2788.8243598632475
39633132017682486 -1458.948662612095 -2143.000873522822 2411.4529739740556
39633127605276457 -1449.8089145831207 -2294.808016465418 2505.322293286806
39633145225546316 -1184.1710156545541 -1762.30275312821 2034.2355677417902
39633127609467993 -1043.0012410512763 -1658.4077208650065 1803.2511919344263
39633127609468064 -1138.7504747655357 -1811.0178316045372 1969.472189005596
39633140817331736 -1660.1887995571076 -2289.5349698903365 2687.5480633088127
39633118650436216 -1747.6463939957093 -2502.6024981718097 2764.2679743953213
39633158278218106 -1336.7091529510913 -2059.2109816822676 2404.63648641807
39633145250711499 -1640.6384312873543 -2636.6115526356743 2968.4883475308825
39633145229739593 -1242.9964384162274 -1868.460101897613 2146.722910688469
39633118646242096 -1418.3009098124671 -2008.1198604901685 2232.9618633288737
39633118646242156 -1633.8942894272232 -2313.7819676927857 2572.635306968222
39633123113174204 -1660.3942252525505 -2304.8202018602165 2612.247732547474
39633114158336357 -1576.0963495590704 -2267.3621262164556 2491.2914192293265
39633132009291803 -1503.2401973836584 -2137.9740447096797 2429.5549631856657
39633132005101294 -1574.350166844216 -2238.619712826701 2544.1475077494088
39633118658823000 -1786.058401647322 -2607.2048598553247 2859.179586562937
39633123113177252 -1525.36580582605 -2135.9460476671275 2402.400820205209
39633162568992167 -1227.4091834667263 -1792.2400618174443 2160.8012526939365
39633109657846245 -1806.1270491871408 -2658.401721357426 2876.8525451339315
39633114183500488 -1041.3532100881264 -1605.9672780500205 1724.9162689700518
39633109657847423 -1799.6808869595748 -2659.8735725995857 2869.4328950857584
