data/coord/ELG_8_clustering_data.ecsv
# %ECSV 1.0
# ---
# datatype:
# - {name: TARGETID, datatype: int64}
# - {name: X, unit: deg, datatype: float64}
# - {name: Y, unit: deg, datatype: float64}
# - {name: Z, unit: deg, datatype: float64}
# schema: astropy-2.0
TARGETID X Y Z
[from data line 1049]
39627788344361436 -3496.118475400903 -2495.04349268481 -2.9767633174106254
39627788348561741 -3649.2152421070323 -2650.768347626392 -0.3287119710615579
39627770216582542 -2920.7648495124527 -2054.7814460475684 -50.113260688344425
39627788356946404 -3062.7222135355646 -2255.2062924774045 1.9169809906875552
39627746078363005 -2540.0642874022983 -1870.8991821206896 -102.6757160380815
39627764214531414 -3579.4241037007614 -2727.29717238851 -79.07673514143124
39627788356946350 -3295.661532122938 -2426.5115577237993 2.718089409564698
39627782308763472 -2498.01443276304 -1812.281484357954 -15.018238837189411
39627794409328501 -2725.13437277153 -2065.254557877396 17.5265038493484
39627746078364423 -2226.479118418207 -1643.4549941589567 -80.52725142590435
39627758149569032 -3451.5336918687103 -2493.886459138395 -96.07685462885377
39627770241749132 -2140.6437619691337 -1594.8427018675948 -29.683126086877888
39627806472146773 -2711.070182718265 -1981.7034831035462 43.96241282052129
39627782304566396 -2721.3613646001386 -1949.2408861092033 -8.829760714165268
39627764214531931 -2716.079943144787 -2071.175237162099 -59.90481794732623
39627800432348326 -3315.797921718829 -2420.8876156185256 39.852414597524685
39627752118160811 -3409.5536857572333 -2511.570819353572 -108.9756911882003
39627746078363773 -2668.8095064608337 -1967.9992280852007 -96.33408798472216
39627806472146837 -3426.9589293081367 -2505.2044710015543 56.325833061837415
39627770241750230 -3470.3610794174188 -2590.463639254352 -54.71153635265328
39627788373722836 -3108.0233208178856 -2369.7243565665926 -2.3027102190804074
39627794384165697 -2458.751680927018 -1769.0839202021762 16.6683663285598
39627764218725970 -3283.3940468769993 -2525.805426117691 -72.78234629196085
39627788348555745 -2345.821325397459 -1689.661246708572 0.963079336326622
39627776285741292 -3533.513467516424 -2657.597865712287 -41.25077898955801
39627800423957322 -3190.5089302525257 -2278.5328557713365 28.662874017954948
39627746086749719 -3351.760387345583 -2508.851070585859 -121.14804683302158
39627776294129308 -2786.737897066761 -2132.740618828324 -31.68573649253672
39627758166345870 -3309.2410722553936 -2479.4615849992306 -95.48543389129503
39627770241748679 -3340.0346842893628 -2486.6264258761203 -46.53710239431869
39627770241748305 -2362.211066459791 -1757.6078926926357 -40.96212704972921
39627776294129046 -3090.617902513788 -2364.303097322262 -35.396223264829494
39627782325538597 -2350.931088801461 -1765.1821960554828 -7.592756927409575
39627794400940634 -3530.3772316132604 -2631.1758059625445 13.190323118523194
39627782325538514 -3667.416862805061 -2753.3645539646077 -11.806979753457266
39627782325538010 -2350.7695761702666 -1763.7152613612607 -7.471047341461605
39627764176781348 -2576.471024297997 -1804.0894865811326 -53.93051684308415
39627782325538384 -3226.2349972725488 -2421.7274810826925 -9.83441222202008
39627740034371573 -2747.9141825035044 -2009.8239850074453 -117.2252704076956
39627770241748525 -2528.216283189713 -1881.8101944319365 -45.59917040071948
39627776285741123 -3495.6358807794486 -2628.3817578545386 -40.805072929046794
39627776264769896 -2522.3349774263265 -1810.078440224021 -20.46321087340727
39627746078363689 -3459.2378682164735 -2550.5377627480607 -125.43591008026809
39627770241748820 -2425.1223948090233 -1805.8472363076846 -33.65852834934283
39627788348556214 -2911.800535905941 -2098.6816795886066 -1.5034907540687803
39627752109769753 -2334.3230223019273 -1683.6340775475617 -77.69067553495964
39627746074170033 -2766.2536159385077 -2024.9834448334605 -103.12821586072488
39627770241748692 -2879.7677049172644 -2143.9885369165795 -40.450954412827286
39627788348555945 -3442.424887414991 -2480.2654032932383 2.2275112245303093
39627806472147437 -2650.629552851784 -1939.576132360761 40.26370748703944
39627788344361318 -3217.6606226643207 -2295.9644882957373 0.11024848130151169
39627800432347899 -2645.3614173646997 -1930.125514744494 31.848865756893815
39627746074170266 -2396.6659512459346 -1754.9318603936347 -89.08806693907337
39627794388353570 -2745.0094603241064 -1977.4095940609097 15.688177395438746
39627758141179481 -3743.3848260545133 -2653.4707284713577 -95.1496664206539
39627776264769867 -3238.763475947008 -2324.0777267636577 -27.309091945096746
39627746078363460 -2929.0341507729586 -2158.824633208844 -105.1126606064462
39627752105574448 -2837.5026007903307 -2024.005366802323 -97.55242900522205
39627776264769891 -3240.13110486327 -2325.165619897725 -27.201987060840683
39627758157956848 -2559.515164422365 -1881.1193373433991 -62.70301552647877
39627776256383289 -3500.1314609110395 -2472.812140473125 -41.032628302999214
39627776256383166 -3578.416682501402 -2527.699194459811 -41.76839424764872
39627770250138285 -3308.4584686734797 -2512.034294680118 -62.687297200559875
39627758132794515 -2281.97133825484 -1597.0561393311557 -57.23340593134726
39627764206142608 -2686.8338941998018 -2010.3237669450323 -55.326339517899804
39627764206142591 -3532.476632736398 -2642.9526170211097 -71.89253280871175
39627764210340111 -2309.543685761596 -1751.0511124479383 -49.4470668872714
39627764206142582 -2877.1259204994417 -2152.5701668467386 -59.75814564473771
39627752118163269 -2455.3092353600505 -1814.7915707425934 -81.54486813659575
39627764206142394 -3307.7582635662593 -2473.941926680893 -67.77780701937964
39627764206142328 -3311.5794115232043 -2476.4684458844754 -67.73763102982906
39627746069972809 -2713.0990623855455 -1960.1170146269026 -102.17415165241104
39627758157960006 -2704.3237718835603 -1997.2056770004804 -77.35034031702256
39627764180982683 -3407.580045932074 -2430.551424257979 -79.87982176565166
39627794396746182 -2442.96212397093 -1804.3399411239143 15.26632408585413
39627788352754381 -2348.422986214442 -1719.0657223542419 5.230312226034123
39627746090946554 -2405.811336057907 -1825.1600507280941 -86.86210510756807
39627746061585900 -2278.7413232470067 -1619.8388414034898 -81.00666584800686
39627746061585886 -3031.861664520912 -2155.1322544517448 -106.53157627673569
39627788352754531 -1969.8511723947577 -1442.279212673107 4.319732928455955
39627746078365816 -2500.3815230732434 -1849.1512477300705 -92.47480204563297
39627770250138103 -2258.3640678374245 -1714.11521038954 -43.182186791841296
39627782300371402 -3795.582120802896 -2691.4677501415927 -11.562247245503535
39627770245941917 -2419.1751838446785 -1814.6007392926817 -38.359450032919774
39627770245943744 -3273.4213912895 -2462.668448415046 -60.78591174248774
39627776260571812 -2304.764073152766 -1630.5044206591863 -27.82720128779256
39627740038565899 -3486.0985293136223 -2571.730709773989 -154.54885192655289
39627752118162770 -2100.3217548321695 -1551.4299958986219 -70.29363541098446
39627800432346832 -2675.0785580456745 -1948.426751301427 31.647430426447126
39627770250134560 -2579.279897739094 -1946.758311729931 -47.16953941955343
39627782312953754 -2295.216401363335 -1672.1167768246066 -10.640240175819672
39627782312952824 -3003.1314307940224 -2184.9185018272183 -15.177815776530426
39627758162153097 -2252.0319818791622 -1676.8423808319528 -61.27461698576179
39627752130743665 -2645.33058405385 -2003.7881502310763 -89.56565448347125
39627782296178326 -3223.932882652214 -2269.2774000258387 -20.991063060035504
39627764206145138 -3704.8989606995783 -2783.626924675252 -82.86731444433018
39627788369530029 -2715.4805351106834 -2055.672226037723 6.0303033064791745
39627782296178529 -3222.1676876135402 -2268.6865299035617 -21.631413184379177
39627764180981731 -2581.459819483286 -1839.1515114152016 -59.6723288015241
39627800432347120 -2482.6113660473393 -1809.182736088883 28.74743418067638
39627770216582102 -3238.8037029092566 -2277.303637869044 -55.16647622781306
39627746065777175 -3080.7664791977527 -2199.3004899596926 -117.32309180722899
39627758162150755 -2397.069818480317 -1777.994501757053 -58.765072543637245
39627788344361730 -3710.679666619395 -2649.3494602560904 -4.132215960696248
39627746078363029 -2679.323449343321 -1973.5489997710172 -107.79238861071349
39627758170543114 -3344.8209672852417 -2541.972447860347 -92.17206657323933
39627770245940919 -2638.0452839301547 -1975.6189135848397 -41.87475141452086
39627764210341446 -2963.983262250744 -2252.0988073391004 -58.056794176292534
39627770245940831 -2637.51175322348 -1974.9753509774264 -41.615080420003395
39627770245940653 -2794.779656563524 -2092.0957020373535 -52.297000156055965
39627752122352758 -2824.747334296618 -2093.512863517329 -95.2873450330582
39627794388353621 -3598.119491992467 -2592.1218231685257 20.562224118750226
39627800444930173 -2796.4724165419334 -2094.3504375897114 25.611547127352082
39627794400938051 -2319.471792085038 -1721.946761199382 18.227773723721267
39627800444929793 -3100.260378555864 -2320.76933703028 29.20062198213456
39627788348561765 -3064.3744323682176 -2226.013594478889 0.5185283155177729
39627800444929684 -2836.9200853329194 -2123.3194196917952 26.54219811619713
39627788348558513 -2303.0015565185395 -1664.9650250377333 -4.882478071581984
39627746061585628 -2299.9834626051534 -1634.1421405663098 -80.68625995570943
39627770245940553 -2318.044853488776 -1734.9187850000026 -43.53892459779893
39627764172590367 -2284.369614655526 -1593.3045958865291 -50.258259011324
39627788344361609 -2541.1984759447523 -1814.0609446853082 -2.728857442065857
39627752126552043 -2357.5748679821627 -1776.484761322096 -74.01560659894683
39627776268962159 -3190.1908887682653 -2303.6053015470798 -37.4916755686679
39627758174736840 -3343.3818013518544 -2561.695548337578 -83.10205268104389
39627800444929672 -3288.4303590785767 -2461.227181957983 30.985712588012223
39627764201951739 -2656.849336512335 -1982.8271452984989 -51.3338250941708
39627782300372901 -3614.3655374215577 -2568.294560213515 -13.96955338765506
39627788352754639 -2589.937004452268 -1896.678959988099 6.248057242301256
39627764185171896 -2807.420993717032 -2007.9948054265933 -57.166424032728536
39627770250137851 -3149.361894365117 -2389.338999604432 -58.91270215616766
39627764180978957 -2756.414727925155 -1956.7609730953193 -65.56231556568173
39627788356946717 -3008.322879537785 -2216.490604241246 3.4844149509688664
39627770212389000 -2813.7554303417905 -1964.282949606065 -51.91285933483792
39627782325537799 -3496.309728005032 -2622.443455391314 -12.082905492058362
39627764176782737 -3445.0885284766105 -2417.8362748477784 -72.23992787154148
39627782296178191 -2703.3574297754085 -1902.4896027808522 -18.677327602742995
39627752105577131 -2745.7189474457077 -1967.3209037560923 -92.20419579694874
39627770212389287 -3212.8922953493684 -2243.7617513326477 -59.79839295178575
39627770212389202 -2179.891045974118 -1522.1886550107974 -39.75196368084815
39627782296178259 -2956.8827363374007 -2081.1053445914554 -20.855071050879022
39627770212389052 -2963.8026378463956 -2069.15562465345 -54.30119143782772
39627800444930683 -2721.4707557466404 -2039.5187744470984 22.415757154778632
39627794405133549 -2916.8455825128353 -2188.4442255195177 21.771870879034942
39627770241749436 -2058.086472672565 -1534.1768498152423 -32.49875209096661
39627794405133580 -1835.1428894196367 -1376.9267579000941 10.931033412216658
39627794405133556 -2719.13174558751 -2040.117092257048 18.862086000742703
39627764180979290 -3278.453483116684 -2328.4468409691603 -77.90795878579456
39627758132794595 -2716.9990434987426 -1901.7634368956046 -67.52481806210713
39627770241749717 -2424.592641263096 -1808.2049148415638 -35.58387286333322
39627758166349205 -2576.648503549305 -1941.1497094068618 -71.86932382611289
39627794405132786 -2985.0458734555023 -2237.109149586132 22.778112372460974
39627800444930070 -3691.2681247438195 -2764.141777052676 34.463043456532034
39627788348555846 -2913.8278060655675 -2099.09358808116 0.6396401693451625
39627758153764956 -3663.404154187236 -2678.0010837344403 -99.25464103384736
39627758145377627 -3515.6864237759723 -2530.8527849244438 -96.29757739602807
39627800444930373 -3042.4335430080373 -2279.1437271884643 28.71159905126582
39627794405133070 -2954.095868838438 -2214.7744444359378 22.176971181776747
39627758162154454 -3476.577925071887 -2594.542194190635 -92.74650295903727
39627770250137941 -2421.2005444835963 -1837.164694807108 -45.93265410039538
39627764201950677 -3605.9573379568583 -2685.8540198532714 -87.32980244777428
39627764172591161 -2886.9688226305134 -2016.3574544191506 -53.819450709774486
39627794405133005 -2463.873164255043 -1847.0712465539677 14.779665291206308
39627752109769250 -3599.8264562939967 -2593.961743445448 -110.05993985336713
39627776289934147 -2747.972809512329 -2081.228498681242 -22.958812781476546
39627758145376517 -3455.0388745645264 -2482.8495741504325 -86.13843712524695
39627794405130584 -3095.8897683879964 -2312.954348236151 22.337346912411444
39627740042758323 -2963.631539537276 -2201.48551477912 -125.98669554060355
39627806476342188 -2538.708775097887 -1876.1168822648463 37.064056755775624
39627782317146191 -2577.5621962704963 -1890.1761923255433 -11.716543491834555
39627764201948140 -2825.152811758141 -2094.5025200540485 -54.06775081632804
39627752134936192 -2395.1619144284755 -1826.4476908764577 -82.58992736849837
39627806472144064 -3494.9175697664386 -2543.8865110131474 59.97277348794438
39627788365335053 -3205.3580090154232 -2402.7370294750713 -2.3301105099021724
39627776273154816 -2534.40053529829 -1843.525059363556 -25.93716149595864
39627800436541313 -3651.2915746847066 -2685.248958982056 41.003109521430055
39627752105579796 -2129.899549960534 -1533.0520284252718 -65.89134150186787
39627740038565345 -3547.307576387533 -2615.0236414185943 -150.61901258585226
39627800436542409 -3150.349741280069 -2320.921418512627 31.161289857105274
39627770258524701 -2811.0627723661587 -2166.721404054804 -44.900545743681946
39627782338121031 -3043.393226946529 -2348.2391056674214 -19.43448067539012
39627752122353851 -2512.924687318958 -1864.9305101044429 -85.81772053893145
39627770258524358 -2211.329138066781 -1703.5373121800253 -35.13713394438311
39627800436542936 -3007.7449139679265 -2217.848771978002 34.747936286274864
39627752122354114 -2507.46457185368 -1861.4944749998724 -85.41128661154404
39627788348559534 -3023.935343794839 -2189.3756927234913 -5.679241147987887
39627764185172404 -2590.396249995524 -1854.2707779856673 -52.084564398755774
39627800436542725 -3114.929170972058 -2296.1846062228865 34.67566834012773
39627740038562435 -2741.450425841501 -2012.269964302978 -117.53122927669365
39627800449127228 -3191.4643922180258 -2423.511700387757 36.344908685943
39627800449127386 -3420.6187587427203 -2598.2375943447005 38.32891400284541
39627800436540973 -3720.016678551114 -2734.3077472156356 42.307361069900814
39627800436541432 -2757.4389632637526 -2028.3176800290264 30.923439988189546
39627800436541570 -3139.2860412196665 -2309.6648117021373 34.329436526562695
39627752118159627 -3105.904858628049 -2284.03089594637 -95.57686097977827
39627764180981137 -2130.7911118379843 -1517.0018572672598 -40.34940159327438
39627800436541377 -2907.6604224163125 -2138.618812024288 32.73839176341868
39627764180981099 -3130.7648814480713 -2228.8167178447616 -59.639833950994806
39627800436540901 -2677.7879673738544 -1967.9820615483302 29.507437396482352
39627764180981138 -3334.6020359497065 -2374.0467975536935 -63.26437610477025
39627800419763432 -3004.2705846353806 -2126.4636347706028 28.63412174540016
39627770229167276 -3286.9098847279906 -2384.2441414770133 -45.893457594005966
39627794409326088 -2732.290539598101 -2063.8079133327487 13.527311373697568
39627800432349469 -3082.975971938541 -2254.9240425045514 36.83634075345937
39627800419763354 -2839.784892022694 -2009.8084953107732 28.151956971980155
39627764210339024 -2750.033685719429 -2081.786355135365 -52.99194115554301
39627758166348569 -2652.4584934964378 -1996.5606221397065 -65.39316468290605
39627794413519166 -3184.6138326966166 -2422.7083102159036 23.31823864981486
39627794384161504 -2548.2936062983686 -1823.7915439276608 16.002297753579104
