data/coord/ELG_5_clustering_data.ecsv
# %ECSV 1.0
# ---
# datatype:
# - {name: TARGETID, datatype: int64}
# - {name: X, unit: deg, datatype: float64}
# - {name: Y, unit: deg, datatype: float64}
# - {name: Z, unit: deg, datatype: float64}
# schema: astropy-2.0
TARGETID X Y Z
[from data line 8678]
39627902962110748 -3066.8994316020194 -1881.5270124964816 296.1002197203013
39627902928556110 -3696.206158833076 -2094.6452687052924 356.6874398487837
39627920997615620 -2759.3586290910125 -1575.2052426630314 305.45398008773327
39627884876270089 -2513.223768722796 -1518.6836472459793 203.2657814051643
39627884876270787 -3734.4141417693495 -2259.0471331658814 302.19342873267294
39627908959963235 -2738.8488489255924 -1577.981139826423 279.6039214169588
39627933018490071 -3009.5548539496763 -1679.7290805532416 366.59905197179853
39627921014391259 -3514.1359794152568 -2082.4213233428873 387.2009243002981
39627896897147382 -2708.9079077694932 -1505.7514266962112 239.25952813486188
39627921014391178 -3424.2047628230357 -2028.7061496375104 376.5306276550341
39627902928554664 -3225.0081940332398 -1822.1818986019034 305.90100726981854
39627902928554580 -3393.8844165333267 -1917.22134407091 322.0042855620559
39627933047850798 -3161.8038902965127 -1897.002794336636 393.0862500236368
39627890899292550 -3150.7735745986834 -1876.8708347073568 271.08333104428795
39627927016442201 -2925.217896834141 -1687.4594662002473 347.09878339157825
39627896930698305 -3463.8225103922537 -2071.5526096705266 309.64927888596253
39627933022686888 -3087.8555507220635 -1749.852543673807 367.9886181803201
39627902928554683 -3532.9999095967864 -1996.2635131090642 334.26530576512107
39627920989225375 -2611.5806807110575 -1456.0033210607523 287.8543989683242
39627902928554741 -2419.8367632203717 -1367.4476196807386 229.27799905140463
39627927012248520 -3829.124778332372 -2190.913042368678 435.1556888593178
39627908980935793 -2403.457367661898 -1456.1111011926787 247.69765218072138
39627933039465881 -2434.129711626739 -1439.1212316100189 300.5299611308577
39627902962108402 -2324.806486430224 -1420.0447660534019 221.8644422097244
39627933014298397 -3171.30979371879 -1760.5145088905535 385.0741946133558
39627884863686360 -2926.7345536300786 -1716.4163413663598 235.09924734692333
39627920989226184 -3199.623961078712 -1786.461291342615 352.56281817558494
39627920989225499 -3703.7510307713987 -2065.428407266553 408.5947175021118
39627927037415307 -2919.0468796196337 -1775.7695800695512 337.4615444657972
39627920989226279 -2340.6604690429026 -1307.0947733790329 257.81450516867943
39627878844858936 -2775.155201554401 -1671.960080449724 219.28158247543794
39627914982986023 -3858.5417209757734 -2234.1914105212522 412.1692830036763
39627884876270124 -3028.8081548325736 -1830.3090214373588 242.88070251953397
39627878836473464 -3983.3620688067567 -2365.8237020994516 307.56264195745985
39627939037318240 -3003.9044096194634 -1722.204592270097 385.0369839091591
39627878844858974 -2762.827257248118 -1664.6268659570026 218.19679210438665
39627878836473681 -3951.1472714833176 -2347.6552193298 303.87811274275134
39627927016441884 -3434.649978070715 -1980.2248063735933 407.6510604574597
39627878840669472 -2545.065302883888 -1530.9826570470875 200.69708779756024
39627878840668250 -3555.782749915908 -2134.384643867239 273.78359250718466
39627914982985574 -2213.613320196346 -1280.239263502982 237.62147941756032
39627878840668169 -3555.3312795278343 -2133.808561098584 273.6093386564995
39627884876268229 -3584.206422214937 -2159.2763190708174 284.22750074295317
39627884876269869 -3733.2371347884573 -2255.1028737599095 300.6579774812832
39627884876269189 -3464.451056680309 -2090.3796764233844 277.71264334927326
39627896897147422 -2699.4535990430754 -1500.6218639429705 240.46288375520825
39627878840669344 -3664.915857271168 -2204.1313107877036 288.0732247573739
39627896939087554 -2965.1829844281483 -1811.9063738286434 272.117262011773
39627933014299237 -2751.8877308544866 -1529.6080322980902 327.3620805396904
39627908959962635 -2719.0240405952272 -1564.4870457287964 279.5785684974036
39627915003957515 -2423.9805174814974 -1472.4580876915973 254.9372419694858
39627902962109630 -2342.1176733602447 -1433.6697884181035 223.41656539101572
39627915008149762 -2686.6774482928763 -1642.7740449948858 282.4439810025356
39627914982983336 -3899.1118390394354 -2244.279566694366 404.6032464569589
39627896901339980 -2537.796042015788 -1421.0495388403976 231.9651611775086
39627902962109729 -2994.0000193434184 -1832.9982784133565 286.0262566385673
39627915008149678 -2512.865137516378 -1536.2472291496842 265.67933525779097
39627915008149525 -2268.415027182024 -1386.4312702649825 240.04122469841224
39627878836472545 -2823.6914820645848 -1674.3818397239277 221.77523830576374
39627915008149855 -2792.3103757294843 -1707.658366465783 294.59980677397687
39627908947381326 -3061.6917292353837 -1714.7338290376113 306.12662980967156
39627914978791375 -2537.0568326016705 -1451.5643304652106 267.76882822573356
39627884863686080 -2912.3807484776685 -1706.9605709089751 235.92746529926885
39627933022685009 -3791.706106931776 -2140.9869415422377 452.92905653403096
39627921001812975 -2803.9279292116676 -1625.0227018924327 319.1381177337739
39627884876269275 -3668.2964893236885 -2213.6943761579664 291.8388753289135
39627915008149487 -3498.3160018551043 -2137.964595722446 367.850424517002
39627933014300018 -3264.8542918652643 -1816.9881645559717 394.40307961035273
39627896939089383 -3221.0202896757455 -1974.6141698498136 293.9315750796239
39627908955771520 -3849.417604224902 -2205.829337489652 383.6427123449732
39627872800867840 -2745.9678718825944 -1608.6175681503096 196.8623327952666
39627927037415098 -2411.4014359548264 -1466.3194153143743 284.8766724344155
39627933018489099 -2739.3237976248597 -1526.5653770071972 326.8254685845547
39627908972544960 -3856.2464369215377 -2283.4443760342497 389.05422901148245
39627927037415043 -3278.7920404601014 -1993.4894101340642 387.3424204549569
39627927037415040 -3280.6595502837035 -1994.6200280298006 387.32056587659355
39627927037414886 -2836.2660845960745 -1723.898255514997 334.90913522706325
39627933018489151 -3392.8971212928313 -1890.931767470188 404.8165998874807
39627933018489225 -3024.960192114783 -1686.1087181413207 361.2572159785759
39627890911874189 -2675.394764698022 -1635.9209008874852 237.9686516618454
39627902962111635 -2568.39981634991 -1578.272186564363 248.096330051989
39627902962111604 -2948.248655090419 -1811.5854435710153 284.6409315561404
39627890911873624 -3113.3918391673687 -1901.7060311122634 276.8912144414481
39627872800869747 -3077.925294924671 -1809.2554295779437 221.7634238436641
39627884876269823 -3105.840881876925 -1875.998197248654 250.30173070204103
39627890911874106 -2910.5714170511933 -1779.4011818562933 257.3502459969086
39627872800868695 -2562.710909780335 -1503.5281284674243 182.78899407455506
39627914982985713 -3169.751460522839 -1833.9073641700593 338.3401027601342
39627914982985938 -2795.4574883029495 -1618.2435174305097 297.40617482263747
39627896939090482 -2523.8689889047578 -1550.1843531836885 239.22499569409766
39627908955771289 -3525.219173294371 -2019.1124267264458 351.6901713609826
39627896939090268 -3585.4393862142983 -2201.443889559879 338.10118248595444
39627872800869854 -3400.6115309656557 -1999.3355390517575 246.75290243276177
39627896939090232 -3569.4251308269145 -2191.5279693091074 335.3671689428166
39627896939089748 -3699.1576014153147 -2269.267273916065 350.4318022099009
39627896939088914 -2710.084468453512 -1659.9137946190112 248.71016280397401
39627878832279394 -2842.884875846241 -1674.1279369847011 209.51575528816704
39627872800868284 -2512.691172072394 -1473.1441297096128 180.3433159447756
39627896939089016 -3884.847964862869 -2379.9566411510887 355.52527828393147
39627896939089611 -2598.80624713861 -1593.7693104587408 239.4693304987322
39627920989227456 -2662.1516998309926 -1489.7170991528026 292.4507425265023
39627920989227443 -2662.953030258268 -1490.1269014321806 292.6146591224477
39627927037414263 -2906.1260702243326 -1764.226913386559 340.20909871910544
39627920989227431 -2872.2898630474137 -1607.243765061966 316.2004033156177
39627927012248088 -2860.250177489491 -1635.097168988873 325.4232346462436
39627878836473221 -3361.83133891273 -1995.7923933942766 260.2865952780708
39627896922311118 -3791.544447089384 -2229.018909965073 351.46800246743726
39627914978792154 -2580.7152775252803 -1478.68061770969 269.8172849212025
39627908980933490 -3519.095567987835 -2124.508733635992 359.8566922535963
39627896939089122 -2970.4805709571087 -1820.1358111358081 273.2856036910935
39627896939089034 -3239.433807089482 -1984.6435838152959 298.67778839942844
39627896939088996 -3540.5895941229082 -2168.9677004168825 326.93407270971386
39627908955771060 -2548.2509399198634 -1458.855355527074 254.80131936921356
39627915008149407 -2290.275263967018 -1399.4167195384828 240.8755508537777
39627908959963223 -3195.377991970196 -1840.9713140298716 329.4049681549547
39627921014390861 -2752.2393026983254 -1629.6155311197604 309.86695094151776
39627914999762561 -2736.968082138528 -1645.0912019320629 292.9368959828221
39627921014390906 -2594.546626555548 -1536.387982032022 292.0109172375256
39627878815503927 -2311.1421943672235 -1308.7409268530519 174.18520415607196
39627914999762486 -3452.7918883281113 -2075.027284872931 369.0516536431726
39627927016445333 -2640.9207433179217 -1531.8122610694631 304.98955577504574
39627914978787476 -3650.48505492218 -2072.7266668004727 380.7143738223622
39627890878318386 -3717.4269515060464 -2094.162280800314 322.24365210726575
39627890874123165 -2433.953855877288 -1353.9174651032695 201.45741594406243
39627884863687119 -2541.8450318710748 -1493.007006113104 211.74133598091979
39627921010200264 -3094.06478104427 -1825.5215685950557 338.4734428593047
39627884842714147 -3481.2514854277324 -1936.834322910252 285.2033489990959
39627933031072063 -3760.791158203564 -2161.584313880146 455.3476453133788
39627884855299001 -2740.694934167451 -1577.3458984140161 214.21164870135556
39627927020639512 -2389.480359353247 -1400.560576770324 275.5744074766775
39627908955771273 -2862.418936401131 -1639.4375237116528 282.0829737197121
39627884851106263 -2710.522620341576 -1548.6298757023733 214.09136659448603
39627884851106472 -3534.1302602364276 -2019.8649543954866 279.3246667100546
39627908943185240 -3605.468833991366 -1989.8476074539178 364.0510380640016
39627878832277309 -3978.0558224852 -2332.775318317298 297.87120492435827
39627908943185256 -3422.9274907191707 -1889.1826416303948 345.59612722004675
39627920997615065 -3185.655701705024 -1816.4966824499936 361.1785020355861
39627896930697754 -3340.5309559790603 -1995.9000870554407 301.1110200849314
39627927016445184 -3164.350169453842 -1834.9572822183177 365.10969714229395
39627927024828590 -2705.5931833900577 -1586.3503163623154 311.95338489368083
39627908955770121 -3406.1963134123225 -1946.5208031381173 341.414204602088
39627914991370334 -3371.589788283742 -1973.1413147952949 362.47177804691546
39627890874124237 -3097.0933449423997 -1726.7752610251296 263.64404516546347
39627890882512418 -2594.931837435714 -1475.543839403272 217.1035755432426
39627914982984868 -3418.7308489902643 -1973.7945704713418 370.10132922074445
39627878832278782 -2422.389057423558 -1424.81367614817 178.11435729811112
39627914957819915 -2723.232785879172 -1481.362632817193 280.87473661781866
39627914982985017 -2360.457309055348 -1363.2877033652403 252.12601617635394
39627872784093117 -3217.909076831725 -1820.4636890159395 233.75383843374905
39627921010200397 -3340.7373232115683 -1971.466056027067 365.03578459326707
39627908985128967 -3763.3075350212025 -2300.3880452420763 392.75676748512075
39627908985129137 -2607.388193821384 -1594.2813402829279 271.23900462048704
39627933026882654 -2796.585288455455 -1605.1905765926936 339.11285271518733
39627933047853225 -2242.873451234648 -1352.1996683244342 275.72242579862433
39627908980932897 -3878.6003608917695 -2339.272599482601 395.23177605312145
39627914982985089 -3197.3745794212714 -1847.0032428279105 340.72439615338595
39627921026974708 -3431.5297345449753 -2096.7424398291046 393.0725734616562
39627878815503706 -2788.578341531245 -1578.4628462202802 213.51063997251137
39627896926506281 -2849.8186468176646 -1696.764912665372 261.27963336571423
39627896913920350 -3710.6578676321533 -2129.144788398988 330.80579578358197
39627896892950728 -2970.497423471924 -1625.6097289960082 268.20016382355163
39627878815503795 -2450.5492893316205 -1387.3538421223798 188.22326992105823
39627908943185644 -2596.001020692486 -1433.719354064435 261.75127312582634
39627915008150591 -3441.773587588565 -2107.7729681089845 364.54728078509527
39627890890903807 -3573.0729400518057 -2084.472627457971 300.2654141653567
39627921010201326 -2669.1745495920736 -1577.5630942432658 292.5557470420152
39627914982983644 -3519.698834976748 -2026.9991246630395 365.4789846843329
39627914982983931 -3867.034144588802 -2228.2150281283184 400.576083279251
39627896897146946 -3596.1823693807237 -1996.9196469873827 318.6012435916309
39627890911871522 -2725.8960010731776 -1658.5948221755914 233.57806010888746
39627921022780265 -3200.092771720009 -1935.616788666606 352.69665745853416
39627914995565114 -3752.3323602300466 -2219.8046839934746 399.10412830806104
39627927033217406 -3328.533978061039 -1991.8299940095305 384.614209319394
39627902962110874 -2934.0443257548663 -1800.4155301562398 287.5033481355779
39627921026976549 -2704.4665945657534 -1658.3756345816055 299.83278729954594
39627914982985640 -3018.66555719857 -1746.1660401202855 319.2396637541028
39627914982985556 -3652.2469063249046 -2112.1974769738426 385.78822759453885
39627902962111021 -2115.8695303020572 -1298.7658310385357 207.56882956156178
39627896939088456 -2876.1085908999553 -1760.1002840377491 258.5303904593818
39627921010201439 -3916.998827973302 -2315.482508608721 430.84043822685254
39627908959963410 -2518.3469316477417 -1451.566426278157 260.41869081087646
39627915008150223 -3114.6552594301397 -1906.0564373752434 329.4053744271589
39627914982985303 -3517.0205726782633 -2032.7556635247522 372.9948960998637
39627902966301484 -2562.1512462943683 -1577.7452454215515 254.8932815562761
39627927041607780 -3494.4942656970134 -2139.983103663616 404.7067583339556
39627927037412657 -3380.138300403803 -2046.249917240554 403.0411653750324
39627890874125497 -3674.1651862452673 -2054.116923630393 317.9690351053582
39627890865738038 -2826.610600211752 -1552.8599603945072 240.1539176637173
39627933035268159 -3330.772901457995 -1941.3366525926483 409.8097410356349
39627914962011657 -2759.804236222182 -1507.8660074817612 292.18667629402916
39627884859492143 -2540.648734239676 -1474.665897455827 204.70685380854223
39627920980838896 -3826.5906002885654 -2098.1024543870385 411.08100212076647
39627927029022907 -2954.1369404729317 -1749.58081142117 340.40697014819125
39627908980935128 -3939.0574536156255 -2384.1816754333163 400.29998774016394
39627908980935193 -3940.1436397288317 -2385.055631020388 400.3378632447434
39627884859494266 -2790.0618215315853 -1626.0321266031544 219.6084401047721
39627884859492258 -2643.1139457407853 -1534.5074217341146 212.63530163988688
39627927029023123 -3763.4171527198237 -2229.704568775281 436.21657587679425
39627884859494262 -2639.6502437529616 -1538.3679638693102 207.85907541468194
39627902941135681 -2882.3672911985072 -1671.7625845518262 280.70587338457835
39627890882511794 -3735.190920014329 -2121.003592809159 319.390898975901
39627908976741755 -3327.344734206643 -1999.6429713181017 341.43555717846647
39627896905535579 -2720.951610713961 -1542.303422896889 250.5373385552562
39627921001811904 -3476.27923353094 -2011.038665502002 387.65615951492293
39627933035268202 -2172.6889995555425 -1266.4861282615418 268.35858276551255
39627902962110338 -2566.907327984223 -1573.4667555578922 250.14519095144388
39627902962110487 -2543.620875425323 -1559.6146949642296 247.37497495327509
39627884851104476 -3876.8747315046107 -2208.148001978188 308.2712918622852
39627902962110540 -2653.0497885779905 -1626.9016757188165 258.7095262871626
39627915008148199 -3544.1519057584005 -2160.7134543742795 374.37309585673916
