data/coord/ELG_12_clustering_data.ecsv
# %ECSV 1.0
# ---
# datatype:
# - {name: TARGETID, datatype: int64}
# - {name: X, unit: deg, datatype: float64}
# - {name: Y, unit: deg, datatype: float64}
# - {name: Z, unit: deg, datatype: float64}
# schema: astropy-2.0
TARGETID X Y Z
[from data line 7814]
39633123197059480 -1564.0167701963644 -2813.727179503687 2945.6659351273875
39633123201255687 -982.5549107803123 -1803.3667069141657 1887.0752313040682
39633118734322582 -1257.5929190457246 -2346.8269517943527 2425.1874189887176
39633123197060264 -1049.8160887278582 -1894.0326327241612 1983.8662317461674
39633123197060326 -1458.006638523746 -2631.212048314413 2756.850557787985
39633140880248322 -1154.8014698708967 -1950.7884145071814 2147.6613723484147
39633154000028852 -1121.40135997561 -2026.072772563192 2246.1292028458715
39633123197059582 -1112.711294436103 -2002.5751566054776 2095.947490372778
39633123197059572 -1052.1955033628903 -1893.6093195387061 1984.060620377155
39633132059625930 -1349.976888432569 -2266.7044003126116 2452.608938710318
39633140892830666 -1308.4821346042045 -2301.385532037271 2508.0360768333962
39633132068014113 -1344.3388712276762 -2314.3620681382167 2501.485042230856
39633132068014058 -1139.4661102627701 -1961.2724562922456 2121.6269031459915
39633132068013931 -1708.389311390033 -2938.995584684211 3174.313008427756
39633132068013535 -1399.5138667096617 -2403.778161654782 2602.161057510917
39633132068013315 -1438.8901532315651 -2469.453368924025 2669.2766436046027
39633136488811632 -966.3586831728627 -1685.8678751083248 1830.4185417582696
39633136488810344 -1572.515402798235 -2730.3314977819455 2968.554204349883
39633136488810200 -1014.1381950357097 -1760.053129383832 1914.0791205490505
39633136488810124 -1353.3660543907704 -2348.19819961246 2554.1691802351584
39633132068012959 -1130.275743690952 -1937.2520580530952 2095.817469907818
39633136488808856 -1465.887621999948 -2531.2022931561264 2743.8819648478056
39633136488808680 -1014.6811695052864 -1750.7703653162473 1896.7625402810365
39633136484617774 -1260.6247149270764 -2173.1936751921153 2360.827320439793
39633136484617675 -1438.3579256639332 -2478.478320606544 2692.3672550571955
39633136484617420 -877.0116393879605 -1509.851200972814 1640.3792576786361
39633127638828211 -1452.4898149551982 -2537.6587518042784 2697.3527851076446
39633136484616851 -982.4104611436323 -1687.695747970983 1831.7681861367735
39633132068014188 -1515.5751882952418 -2609.759770832045 2819.52190584933
39633132068014223 -1605.965663429213 -2765.704679894025 2988.9209283917767
39633132068014907 -1338.080463238872 -2309.8629459821414 2497.585663325684
39633132068015151 -1202.0885179288032 -2077.1390616503363 2244.574987178374
39633127647219428 -1443.0504846080403 -2609.514166051721 2768.3065389448793
39633140897024875 -1253.1569360427688 -2232.0176192564736 2424.5917225573835
39633127651412197 -1070.8400920933718 -1957.0712582910871 2067.7347152495554
39633127651412268 -1027.6503874762127 -1878.4703879627568 1983.8752053352077
39633127651412309 -1183.5894033297216 -2163.71762112317 2285.0957268612424
39633127651412394 -819.764309263377 -1498.9655488901922 1579.339918461707
39633127651412529 -1453.4701921862693 -2658.7150686236455 2801.534431990777
39633127651412590 -1012.6638112588291 -1852.6523356535238 1956.4304420296355
39633127651412668 -1284.9126508094348 -2351.2775347065035 2478.6151762758604
39633127651412949 -1130.211360036021 -2069.6150906260655 2179.6717544112885
39633140897023538 -1099.1061121472244 -1948.8824178768946 2115.508123034649
39633132072210190 -1268.368253126299 -2227.2059169058184 2398.5181813083045
39633132072208728 -1445.3857186891657 -2525.9426876857847 2714.4728185606414
39633127655605822 -1212.243721152261 -2242.4974676126253 2347.3096658832633
39633132072206678 -1340.4266709778442 -2324.7155757152696 2496.3529496577676
39633132072206554 -1223.6769565957038 -2121.1731365832093 2289.27901990328
39633123180285136 -1405.0804709535325 -2413.459831290708 2555.367432639119
39633136484616685 -1267.1550239709577 -2175.5072818864815 2367.185415263969
39633132063818075 -1531.7341469680039 -2584.487455701085 2794.9433936442624
39633136497197429 -1274.5331904224904 -2261.8071307258847 2445.7438691645875
39633136497197481 -1117.5428448630628 -1983.5475361963706 2137.306390792796
39633132063818018 -1175.788909419833 -1983.5462059277838 2144.8329282801174
39633132063818002 -1342.3403956287975 -2264.3848816123427 2448.631470076033
39633136497197550 -1490.7115785307242 -2646.5455348364126 2860.827341553273
39633127647220011 -881.1012561378002 -1595.6159082996328 1691.850071980403
39633132059625919 -1348.170503487073 -2263.5329404710214 2449.190657804413
39633153983250720 -1298.9205387320803 -2210.5702336204677 2501.813141915919
39633153983250761 -1380.8240858713855 -2350.3792386799455 2659.9391777466253
39633136497198266 -1200.47298829073 -2135.8603980935045 2302.8357009166057
39633123205451325 -1485.1039851541912 -2778.7178915385293 2889.9500280162074
39633123205451349 -1456.9681423371694 -2726.3208092205027 2842.6371861896223
39633127634633749 -1668.364607632356 -2873.2428773914075 3077.7187487696206
39633132059625335 -1538.9733987361274 -2577.3366944206655 2792.825052772963
39633132059625314 -1540.522041201828 -2579.6717556652043 2794.947891992844
39633132059625052 -1082.4325963298288 -1810.8801334367388 1969.3667609965023
39633153983251929 -1591.277499492056 -2718.901666658078 3073.2446324230286
39633118734322630 -1058.1010924620655 -1974.9499557037823 2040.48013968814
39633136497197411 -1050.514382758195 -1864.1423046286936 2015.679582551602
39633132063818844 -1141.967187577784 -1932.2349080636677 2089.7854142669557
39633136484616608 -1103.935504193203 -1894.82466433621 2061.129893653005
39633132068012461 -962.679804779956 -1647.1390012426702 1771.945589574981
39633132068012325 -1406.0945635617986 -2404.5779242429053 2607.1946303785207
39633136484616052 -1155.3075207958225 -1978.3536879972394 2154.6820239461454
39633132068012217 -1217.537980560383 -2081.3696276379246 2240.2879810276863
39633136484615401 -1544.8048478829342 -2638.165851013456 2876.0239789503926
39633136484616676 -1344.9588432861563 -2309.04165948336 2505.8928749675392
39633136484615373 -1544.2236344473997 -2636.872922132821 2874.338295815372
39633145292655366 -971.9848123483371 -1799.757181495258 1960.553793561144
39633145292655350 -1487.2156862158563 -2753.6061971733156 2999.3345658763187
39633132063821246 -1316.8409352982405 -2248.2710220578965 2431.1822535953993
39633132063819429 -1348.4131083267337 -2286.6736898476097 2474.9759384939275
39633136493006100 -1177.2952932493893 -2083.6001541957194 2244.942454023816
39633136493006142 -1380.107957703846 -2442.8928097618095 2639.3736138043337
39633118725932318 -1247.6145857340691 -2254.197734774623 2331.0334853236063
39633158332745132 -1081.8192510874535 -2002.8269692310664 2232.129135822811
39633132068012191 -1217.1126659533745 -2080.4667148705985 2238.984249398001
39633127634634412 -1107.7369489038945 -1912.367069634862 2046.1185450712264
39633145271682145 -1052.751004840551 -1805.660342274947 2000.0108772027866
39633127626246702 -1264.616522298157 -2130.3062045395145 2296.479046301772
39633127626246635 -1585.9323469823476 -2670.9560556620054 2878.4098547084723
39633162640295559 -1181.5320113917433 -2180.061062066614 2450.918273631045
39633149663119130 -1135.359621791329 -2116.9301957686175 2327.31528651956
39633127626246554 -1261.907455581821 -2124.613426784647 2291.7926535713013
39633158311775773 -1174.412088914876 -2040.8863996676248 2312.629171580999
39633145267489600 -1298.7154411900945 -2210.892353271454 2453.589369944416
39633127626246703 -1585.6920180133686 -2671.1747254912148 2881.2035841597617
39633149663118859 -1509.3709963490157 -2811.6256124633187 3090.930500347876
39633145267490357 -1060.2739655878563 -1810.4306584254261 2004.2740936373946
39633145271681856 -1378.0941745298298 -2361.324206686419 2617.5613003539534
39633158332746110 -1376.9365098760977 -2557.2691308881717 2844.653266757259
39633145271681894 -1302.8794500619063 -2232.788781697142 2470.1308624119147
39633149663118713 -1433.1564440229918 -2668.2150335842175 2934.3246219116654
39633149663118947 -1247.5303952740403 -2324.5967045018024 2555.4399868653118
39633132084789626 -1050.538437509344 -1899.3730307228984 2015.9348786405399
39633132088985645 -1117.6508086764857 -2061.6799438202024 2188.548691916887
39633132084789523 -1337.4799253132287 -2417.1989383487044 2569.032507091964
39633149663119727 -1333.4683709052745 -2491.785203472192 2740.1621227467126
39633149658925617 -903.0605011123469 -1664.4416962553962 1825.330618228181
39633158341132442 -1507.8641976640429 -2862.6948526634496 3186.098519142402
39633149658924248 -884.2434299585113 -1620.8580120260467 1788.2523817628282
39633158341132330 -926.2417381658084 -1757.8114115590106 1956.63069301676
39633132093178814 -1251.4769434576035 -2332.8050412254065 2475.5403320812975
39633149642148449 -898.9418076753021 -1565.4556051910276 1750.1501351089432
39633149642148723 -1052.8109442637099 -1835.2065845568163 2051.3863746197926
39633127626247386 -1614.7844428006829 -2726.416264181408 2931.5540738070545
39633132093178681 -976.2656466269038 -1818.7639381126792 1929.794173583095
39633132088987413 -1538.8950694362425 -2855.6809543311874 3017.9455741560328
39633132088987358 -968.6183629649486 -1797.0681845368001 1899.3023055844592
39633132084789314 -944.4563837978427 -1705.6535144606844 1813.5269827260765
39633132088986599 -1376.2610397306678 -2546.357675959877 2701.954621116822
39633132088985978 -1461.249494469339 -2698.3136697276695 2870.596772864838
39633145271681960 -997.9319822541308 -1710.52324267597 1893.1799649671843
39633158324356829 -1374.1412500109097 -2475.970045407544 2775.576068861817
39633145271682069 -1257.6154771581166 -2156.5009102609224 2388.780228875654
39633158332746493 -1468.5959603388462 -2730.9552066907268 3043.549092898975
39633132084792683 -1080.2321984347882 -1975.0914599770144 2098.9884769572063
39633136480422883 -1609.2057966375007 -2728.3126018814414 2977.497385309382
39633136480422922 -1174.4086475678257 -1991.3789428261057 2170.62176469739
39633136480422996 -1279.7699521221336 -2170.459728166904 2367.5349741795585
39633136480423062 -1515.757559858872 -2571.1411128465816 2808.4118254023183
39633136480423065 -1435.5494246085648 -2435.0932829544445 2654.0654461065055
39633136480423219 -1391.6008338578997 -2361.507353794724 2576.660950334767
39633136480422804 -1162.8069647197262 -1970.9550763579223 2150.6361213457735
39633162627715547 -1253.1960440630164 -2231.9717878963506 2541.3842294108676
39633162627715563 -1001.5377912788489 -1783.8328829794104 2031.5481802134786
39633158332746553 -1321.6547403580987 -2458.300549706848 2735.386959745631
39633136480423508 -1111.1481863020338 -1887.231305242812 2057.4953632317565
39633162631905847 -1001.5771972074847 -1787.802901360056 2032.938935902876
39633145271682653 -1089.3772168735434 -1871.5854671318177 2077.3533469321305
39633145271682688 -1642.800376537201 -2822.7412783179293 3135.1891254333314
39633145271682746 -1064.5983068581188 -1829.6082261580798 2031.2085392822144
39633162627715338 -951.7002753665945 -1693.8135620173207 1929.384499994279
39633132084792162 -1084.9339338924797 -1980.0907080250392 2099.48595011394
39633132084792138 -1239.5805643704857 -2262.13439782848 2400.6245983341214
39633132084791997 -1125.4560096759622 -2052.77814742717 2181.312774530357
39633162631905917 -1211.5807726824567 -2163.1562698460143 2460.130537891293
39633132084792035 -1334.2675589260552 -2434.0228807658564 2582.099773357466
39633136480421592 -1555.8678386483557 -2626.8306428952556 2877.3481304292586
39633136480421649 -966.4141211695396 -1631.915548015977 1789.4042034808954
39633136480421801 -1667.5188911235543 -2817.2291928710506 3072.4960546718244
39633136480421826 -910.207405375517 -1537.8908788922954 1677.6697222985172
39633136480421898 -1466.2766418002282 -2478.0745971280485 2712.546790443556
39633145275876242 -1303.307818899251 -2263.3358574801205 2495.6775340533422
39633145271682173 -1218.7590173190579 -2090.5814496737544 2316.8495929913115
39633158332746397 -1041.9022786990804 -1936.8893661385753 2159.249798991194
39633145271682299 -1170.8820221050737 -2009.1630900782968 2225.219074983456
39633136480422727 -1468.2945776604804 -2488.1354633395326 2715.1297313895398
39633132084792133 -1613.3741846664761 -2944.2513508948978 3140.9115769342843
39633136480421462 -1576.6990576140781 -2660.7804671119684 2902.53439399081
39633114233832032 -990.6495852878191 -1792.0005817326744 1851.628152712159
39633132093178653 -1305.220174096472 -2431.4033297667106 2579.138004802086
39633158341133331 -1459.1137696976234 -2778.3947641377813 3095.728645072812
39633136522363992 -1408.1134545986688 -2730.16336840013 2894.6998166945177
39633154012612657 -893.4104540614549 -1690.8703231733398 1871.0713164543758
39633158324357276 -1191.0465430510162 -2149.2389659636465 2423.966258241241
39633158328549472 -1281.679453857058 -2328.5450235573717 2610.4126873074515
39633158324359217 -1162.1061904032822 -2110.7732496514413 2366.233232286829
39633158324359195 -847.2534682567998 -1538.786614398487 1726.0672907783876
39633114229639739 -1209.9431503621443 -2175.864093699188 2248.6904679097793
39633158324357029 -1100.4309522150913 -1984.260585373314 2238.3225376414666
39633158324358418 -1335.1769383772196 -2418.70788463514 2724.40724436562
39633158324359100 -1452.8871973149744 -2637.798566587624 2959.2170310262927
39633158324358766 -1186.1823734333884 -2151.0895490580615 2421.55057484038
39633158324358724 -954.8372810870151 -1731.4149685068348 1938.6505609908263
39633158324358681 -1164.9465069107134 -2112.069970520896 2365.4551395446097
39633158324358499 -1109.9622392207539 -2011.196221775427 2264.195121614398
39633136522363868 -1414.4287368534608 -2741.2440776386647 2907.894758838047
39633158332745135 -1067.3516214475537 -1976.1124613416423 2202.3474651438996
39633158332745021 -1534.783693797787 -2840.5081653732636 3166.908349394176
39633158324357326 -1479.4900861212725 -2670.1690889789697 3010.1882096435997
39633114229639472 -1000.1407851982206 -1796.7695813725493 1856.3265105700805
39633136522364020 -1375.3014653458588 -2666.8106857421394 2827.3644883243346
39633158324357227 -1381.8747708546473 -2493.1984539333 2808.645219800761
39633132105761409 -934.1496990977356 -1816.2240526033477 1904.921092866043
39633158324357126 -1337.0725131086192 -2411.649917054213 2720.690506878051
39633136518172008 -1345.4414816280412 -2591.794015204319 2739.337685862089
39633136518172104 -1513.0929734452102 -2915.8666749273084 3082.6112454161125
39633136522364752 -1008.4118183599479 -1960.666370148022 2073.6232566405733
39633132105761748 -1387.1616088957303 -2700.386737279305 2837.3111711566144
39633114229638479 -1444.7830229505037 -2584.820042177667 2671.8727787275925
39633118725931802 -1314.8560022306813 -2370.4630982636554 2465.199145495664
39633136522363838 -1546.987203772307 -2997.7131389898814 3177.9171512292987
39633127651410094 -1188.9941889393735 -2157.5762947838034 2281.019142938324
39633123209644373 -1013.06209264921 -1914.8800915294148 1979.1978362321731
39633127626246447 -1185.4221749425822 -1995.1528889147935 2150.3842817313457
39633158332746589 -1033.905664670104 -1923.270304618863 2145.751721213183
39633132068012370 -1338.6709381974415 -2289.6377692410488 2477.6309184838183
39633158332746648 -1538.4135647047126 -2862.259705629443 3190.4239993111805
39633132076400930 -1213.2937900716852 -2132.5884678238576 2284.8194179721754
39633127626246289 -1184.6884444564723 -1992.921670829354 2148.4088961957855
39633136497197148 -988.2294767905615 -1752.0707981161022 1886.1330403449879
39633132063818718 -1567.582301727158 -2651.1980131244977 2860.8552530877805
39633136480421119 -1491.6083998018942 -2514.341506559289 2756.310563773022
39633140917995141 -1070.4752314324217 -2039.9562157972043 2186.7942385065617
39633123188672400 -1413.0301284543993 -2482.963763054015 2615.3280436039367
39633118725932358 -1038.1326554095397 -1875.98532849544 1940.2344610055047
39633136493006080 -1034.7477633159008 -1831.173847977435 1978.5474680865725
39633154008418751 -1021.2675101030834 -1910.9389879814264 2112.178476258648
