data/coord/ELG_14_clustering_data.ecsv
# %ECSV 1.0
# ---
# datatype:
# - {name: TARGETID, datatype: int64}
# - {name: X, unit: deg, datatype: float64}
# - {name: Y, unit: deg, datatype: float64}
# - {name: Z, unit: deg, datatype: float64}
# schema: astropy-2.0
TARGETID X Y Z
[from data line 12550]
39632961884128021 -766.7001557146391 -2317.3438094750827 1642.6688345139858
39632966925682144 -942.2652305576593 -3279.096952962345 2329.679200785415
39632971895933590 -1051.2746228629946 -3270.5625767893966 2355.131866565155
39632986768936884 -743.6380445489548 -2181.756257893924 1633.5832565229825
39632961917682018 -784.5503113408571 -2748.4127123139615 1929.745553870427
39632961875740182 -900.576611363388 -2636.1972913599548 1878.9862282890192
39632991714020210 -1157.2431265444693 -3524.549570240552 2647.5916168348017
39632961917681741 -868.5868704756825 -3039.136610419725 2134.535584212626
39632971887543834 -754.5069106212966 -2253.313549638191 1638.9741854640802
39632986768934284 -865.8073973097562 -2515.7042968361197 1885.0974577957948
39632971895934587 -826.4522965463011 -2581.7043525255394 1855.4724081497088
39632946776247708 -992.16581214623 -3082.1057626779534 2118.869901746603
39632976882962266 -898.4170435106582 -2899.955184613339 2104.0112934483946
39632971887545595 -696.0911084818424 -2092.447634543765 1517.5390961481771
39632981819655625 -896.3646029879802 -2568.125754804097 1902.991024069597
39632966908904368 -1056.7303858369987 -3396.8444615010712 2432.3072648024763
39632976882962132 -1072.6047441078044 -3460.333456676347 2511.631600261744
39632986768934790 -1139.2219700285862 -3316.4493838855997 2485.353706844622
39632966925682021 -785.4985374745767 -2732.0529197079118 1941.0153828180173
39632986768934709 -846.6636426908542 -2464.074334103197 1843.5635623291778
39632986768934785 -796.6218732290015 -2319.0268022847595 1735.1714945986253
39632986773130004 -797.427293246696 -2368.0676566410534 1762.5794482202637
39632986768934167 -1025.8026006351818 -2979.080260948775 2234.9218086720443
39632946767856509 -1103.682354459439 -3279.3647753196637 2272.8764572946234
39632976882963043 -821.3203727833007 -2659.0603938861314 1933.1962550433318
39632946776248358 -972.087130262909 -3026.801529812847 2074.4102482600797
39632946776248348 -883.8594319655731 -2752.018035174559 1886.167532128044
39632956859354489 -889.6486225392892 -2680.2723774873684 1893.94894153264
39632976882961850 -1084.1373540814548 -3494.063502524882 2539.340629326819
39632976887153365 -936.143078453447 -3041.8097477047604 2202.5771825739
39632976882961685 -734.3408082117512 -2364.941598600508 1717.2954543585595
39632981865791980 -533.6587822589069 -1865.8690357397659 1363.184543565373
39632996633936398 -815.6220035068993 -2453.0976211552525 1857.173070338172
39632991739187772 -1051.6414403069593 -3603.224655393738 2667.993646520137
39632991739187586 -928.4074170390966 -3178.488255881797 2353.7625549207773
39632991739187583 -928.71757571807 -3179.5126942642682 2354.6180817999157
39632981861597734 -898.4289657816331 -3080.419471362737 2253.0552832414933
39632981861597879 -796.4064636646452 -2732.0375991691803 1998.056247026651
39632971921099994 -947.6634741868501 -3311.618091439051 2361.331037668359
39632971921100012 -948.3917162312971 -3314.4458113407904 2363.300802978835
39632981861597824 -842.3825717192354 -2889.219964255522 2112.9929835495855
39632981849014793 -963.3806966694628 -3116.791578403716 2294.711652970855
39632981857405059 -1022.7156495698016 -3455.8259140505493 2535.1733012668255
39632976899738697 -867.1218671996141 -3012.458139072965 2182.406956309906
39632946788829221 -797.7451309530607 -2603.307027721316 1792.1602720530852
39632966896323175 -1013.280959065873 -3106.132720419411 2231.24305190603
39632971895931246 -1018.796041676823 -3139.1999643559275 2272.9522006934017
39632966896323191 -652.97401022152 -2001.7760545473877 1437.8492049269305
39632991726604098 -813.5196135675767 -2629.0671567337527 1963.7646038809855
39632971891740699 -619.1601918993446 -1900.933288626596 1375.1233548946304
39632966896324619 -932.4053372611596 -2872.978590396629 2050.535119725129
39632966896324445 -727.5537159077746 -2240.4262721190153 1599.585407994773
39632961917681787 -746.466612714853 -2612.1927319447327 1828.6600365938675
39632956850964476 -1084.0457266752123 -3134.6877607655083 2218.895374219835
39632986802491339 -898.484141389999 -3050.0322256238446 2249.3380536202512
39632986773129291 -767.9870167384018 -2274.4903138381783 1703.6271052068182
39632951830383204 -727.7352672601892 -2267.973814870339 1572.4182922182404
39632956855159341 -819.5805101248247 -2416.0763575805986 1697.825678740223
39632981861597827 -703.4732507599177 -2412.792290143245 1755.4875577726682
39632986802491245 -705.6285391289402 -2394.3932983492414 1768.0189601417796
39632996638134744 -794.5357615767628 -2470.540410581001 1862.2174559304383
39632986773128371 -1082.810867293163 -3195.637641291591 2378.8958859574777
39632971908517511 -764.6464681556175 -2520.535961921655 1814.3683323313987
39632971908518576 -693.9532092740449 -2298.081318537287 1653.7771749189496
39632971891740724 -1024.3121164263407 -3145.1082692689397 2276.5751141210076
39632971891740668 -1139.2032417749906 -3497.2064092613737 2530.6013181852945
39632956867740837 -959.8723636366643 -2964.518949207296 2077.0532446411944
39632956867740843 -733.5498202386719 -2265.5918044426408 1587.1978784062508
39632941726304952 -977.13017858318 -3212.3692455180108 2188.93658251468
39632941726305160 -977.2258886689559 -3215.517283734004 2190.924916815125
39632966929879312 -921.2991853774096 -3301.601121479657 2340.5701570055935
39632941726304554 -736.5565259693327 -2417.063656930705 1646.8126558133715
39633001553856270 -817.7116747548857 -2649.6306557791304 2006.4944737648457
39632966896323393 -1106.5832097573498 -3395.368884792308 2439.88909578818
39632966929877814 -803.2516342901273 -2863.2482471164726 2021.9834234017828
39632966929877492 -795.5498366565843 -2832.6181077229753 2000.2908402287335
39632966929877439 -952.9079908371574 -3392.2492616370305 2395.0280525078088
39632976899738399 -803.805688741463 -2789.2786637639206 2019.880592790403
39632976899738858 -929.2754662010778 -3230.2804499515014 2338.886406087581
39632976899738375 -944.3694131524085 -3276.773293392646 2371.8276310740457
39632966896324634 -904.4321828009645 -2786.8772210991756 1989.9491337491293
39632961871545095 -908.1954827922501 -2606.6114065236234 1859.548677594771
39632961913488741 -856.9195768565095 -2953.1773856710056 2069.2896305379
39632956884521685 -724.6192924006463 -2443.099379147581 1704.2101805487864
39632976891347898 -951.7388739130829 -3154.539462986395 2296.2187978913266
39632966900517373 -1081.7214043139152 -3371.8470392924446 2416.28745124827
39632976878768394 -1052.4110262098309 -3344.4147299623764 2439.8922409894394
39632966929878226 -578.6895860721047 -2065.7949800424194 1459.2138050700555
39632991743378265 -706.6205978298833 -2435.572871737327 1805.5753517685741
39632966900517485 -1009.4564819743723 -3147.8559317803233 2257.2639792429186
39632981857404689 -1024.811961051911 -3458.413990738806 2536.1956208727215
39632971883348722 -1027.0368188531663 -3006.5962342153093 2185.346615397157
39632976878767909 -737.8118315840738 -2340.351592144563 1709.182719465843
39632946793024605 -1009.5508877922872 -3370.1766879845486 2307.650950011284
39632976878768274 -996.2316536634731 -3164.5259839997366 2305.2942456554138
39632951847159887 -720.8945517122448 -2417.3564584880787 1674.6396331198505
39632941726303921 -782.4097154885037 -2559.8890529452733 1742.1025593685542
39632991743378975 -848.8358515890196 -2933.0596889253493 2176.439676935208
39632941726303822 -730.2707852737831 -2388.257070069483 1625.2867655615962
39632976899737991 -890.0885687383653 -3083.8789159341686 2228.7324165730042
39632956867740605 -979.873270368612 -3023.6884086344553 2119.581972388459
39632971900127328 -1021.629326624383 -3228.27975603261 2329.9448127147984
39632956867740491 -795.0748897225894 -2452.349997136039 1718.3265245023902
39632976899737874 -884.6604542910297 -3063.4581524429054 2214.483102362543
39632971925295721 -913.158177653211 -3267.7160155242877 2336.439203018915
39632961871545018 -854.6170813553289 -2451.931159143419 1749.0936244417965
39632961888326219 -728.913842717549 -2272.9894388653024 1607.9086015207765
39632946767858453 -765.0914005382048 -2290.856946198791 1589.0990936164153
39632991709827400 -936.774733304279 -2813.814254822398 2114.8075477281236
39632976903932849 -768.0279114651802 -2723.6657157907775 1971.1815473182585
39632976903932949 -840.453887763027 -2981.851342205042 2157.2530177944004
39632976903932978 -767.4592623871713 -2723.188568827786 1970.0824489887452
39632976903933099 -781.02000884961 -2772.6699726602023 2005.976464105674
39632966883739028 -985.1886665802245 -2853.724379300605 2056.0088004649588
39632986773128746 -1028.7027236905976 -3040.169873009971 2273.3415124838125
39632966896324236 -752.265033216551 -2314.923206166479 1653.4475219613958
39632981865795401 -753.3318775233746 -2670.507555288357 1940.4538418055563
39632981865795231 -971.1648674663243 -3440.043985190397 2498.9048237310103
39632986810879047 -685.1361487083661 -2410.198823180724 1773.7212162986916
39632951821992511 -1096.5329642246238 -3276.832254091525 2283.06791267951
39632976878767803 -820.7122178271632 -2602.2549269780075 1894.3490244682368
39632976899740601 -846.7258149985015 -2962.74269686509 2147.0698640670653
39632996638134192 -729.8765189998473 -2264.7429560947107 1706.7444663361953
39632986777324466 -1159.162769077728 -3508.315269949468 2616.146183171197
39632996629745949 -819.4704802555518 -2456.267270020454 1860.433436135288
39632941717914828 -973.548643606514 -3065.522711769281 2097.66905343212
39632971908514634 -1066.0065177042673 -3476.261742928865 2504.9015975591865
39632971908514635 -691.3909803508242 -2254.64192457431 1625.2625652687204
39632976887157080 -738.2670200667851 -2433.5393825433653 1757.7311021902299
39632996638134411 -1123.5451165950683 -3489.1837394889444 2641.0100173995047
39632976887157283 -588.9615853907455 -1943.010600264265 1403.7662772028602
39632971887543061 -729.563396227874 -2173.081505335255 1579.1696198248387
39632971908518100 -718.4703389447252 -2374.6488927560335 1709.6509961376755
39632971908517875 -639.3371148580072 -2110.9916524911 1519.4490987136446
39632971908518167 -902.5494487045618 -2984.01726692945 2147.5028458536412
39632971904323655 -997.7737674248654 -3237.0069441990154 2333.5917903650256
39632971908518404 -752.0375102893577 -2488.616434472419 1791.4111809394415
39632986768935290 -1169.4650426860517 -3411.2779647398684 2550.4638310528444
39632971874963528 -908.1634955038634 -2599.5960127170747 1885.1138326541627
39633001553856966 -838.6953323546412 -2725.038186715446 2062.7295546396995
39632981865795246 -641.1180802724921 -2271.101312489402 1650.7722439595016
39632961905100799 -1047.2877270262204 -3482.655634120824 2446.9225687841567
39632991743378406 -565.2497786284031 -1949.2715810429083 1445.7883396943082
39632991743377754 -694.3805743334615 -2388.955061093478 1770.0424412560208
39632986810880410 -767.2037002649026 -2714.5457449741443 1984.6712080577922
39632986810880589 -844.9793206641951 -2992.3872425370446 2188.8463063552535
39632971925295611 -853.1795390900638 -3051.631832648847 2183.6419496125977
39632961884127876 -1161.4263896882278 -3508.3753185426017 2485.949389602918
39632971904323404 -1031.074281981341 -3341.6049567371374 2397.7133983092817
39632946793024295 -797.6389563618691 -2658.920983356433 1819.5463701831995
39632976903930635 -966.3689766771065 -3393.9398479673678 2459.3816230162483
39632971904323265 -675.8369836391677 -2189.024005832493 1570.5882571085517
39632971874961572 -1202.192769202517 -3418.3471141270397 2481.4498704151383
39632976878768156 -748.4645634944279 -2376.465555301676 1730.07797067485
39632981865795763 -794.9152054875008 -2822.1706323110707 2050.951064296101
39632941709525543 -1073.357475840144 -3253.591548724402 2220.069506577176
39632941730500123 -772.2541529632311 -2594.1143596957027 1765.0031071205951
39632941730500146 -772.0762011603802 -2593.794888232299 1764.8018533846205
39632981861598978 -900.1095681892826 -3099.4432018855805 2256.376703201626
39632961909293299 -872.9425929525936 -2938.951251731869 2072.2941915252404
39632966929875963 -930.178833711834 -3293.8376786534063 2336.6824239789667
39632976891347280 -692.030173560096 -2288.2435913783665 1654.3640140819223
39632981857405318 -701.7978014992991 -2373.372110530525 1739.453147667661
39632946772053753 -1011.7631952840976 -3093.5864038143927 2139.184718094759
39632991718214402 -963.479788842146 -2986.33970137563 2238.144339224359
39632961913491764 -822.2634228959975 -2867.906749618882 2016.2258877686565
39632961913491768 -1009.5942478372998 -3521.415003043031 2475.357616351117
39632986768936278 -964.6940981214317 -2824.5617575484944 2117.5353654113787
39632976891347292 -773.5558140875803 -2557.929600996588 1849.6801682189741
39632961900906590 -1072.2797712053134 -3496.0038968660456 2472.2564729632004
39632961900906504 -1125.876117297667 -3669.7372204908756 2595.7791468600276
39632971891738119 -1062.2471073826177 -3228.9017439130835 2344.1321090307256
39632971912709876 -790.6259965444933 -2637.88824140798 1898.3444248643402
39632961888325568 -668.9721430035181 -2081.086349811809 1473.878227889203
39632986802491916 -983.9985555152956 -3348.8733045479894 2470.495236392443
39632971912709776 -791.7250271870463 -2640.4889871473506 1899.0509902504027
39632961888325560 -875.933054837524 -2724.849293651711 1929.7615803197727
39632966917295526 -995.0026915812689 -3350.4750256838033 2368.886997858434
39632951838771832 -877.8992659664632 -2842.1232673481118 1964.7237704814872
39632976878764706 -747.0608704310043 -2338.063561197159 1702.4332316853422
39632981853211727 -708.6007763160163 -2362.405854108686 1726.3827707878836
39632986794100165 -1053.1243790749315 -3409.723880953022 2523.411265329763
39632961900906874 -1027.8837194265177 -3354.2142620241816 2370.4590381999774
39632956892908828 -880.2430497554005 -3069.506902396788 2131.6948324722707
39632961909294644 -720.3465969575559 -2438.9253032924958 1714.3616531043292
39632986794100166 -850.8646514422318 -2754.8713960828104 2038.9659406611042
39632956892907273 -719.9205237071338 -2496.323639960495 1737.836971917284
39632976891347396 -833.5252467732971 -2757.33990238285 1993.9840258202828
39632976882959859 -744.4777723318977 -2381.3585009675517 1736.8645247249685
39632986802488449 -933.9852427089357 -3135.6801674817625 2305.9063598689536
39632946797217605 -1055.2094850385922 -3573.4097511414284 2443.376616812469
39632961909295846 -719.1357459384406 -2447.1658422875653 1717.4695222905277
39632976882959680 -744.2782454726952 -2379.2502287646325 1735.564985060137
39632961871547279 -1120.8930587970776 -3245.8048821078523 2326.668491156152
39632946772053688 -962.6618107632651 -2942.794932027711 2035.5750355306836
39632991718214617 -762.2979751257893 -2364.6149728127275 1773.0480406619354
39632991718214308 -835.6804791196004 -2589.377709184889 1942.0862418651511
39632956888713779 -1048.1565334894697 -3575.1196026833018 2479.0183577748107
39632951847159313 -714.569197419423 -2390.6368896199688 1645.6966660794983
39632951847159419 -722.6051927012055 -2418.5724514098356 1664.9700541059701
39632951847159449 -1044.1507188359722 -3495.314533947753 2406.067138061117
39632961917683403 -945.0766618063838 -3330.254712526076 2328.7902936322484
39632991722407127 -1005.6869901707407 -3156.3306777870666 2362.042656595039
39632966900518985 -995.671827473523 -3121.4989584060445 2237.4263665569906
39632966900517533 -819.0217754557092 -2554.409419993067 1818.7621237835554
39632951838773445 -1055.6614961240016 -3441.1023161227495 2390.3853544213407
39632981857404775 -1034.0966465684808 -3490.824321840332 2541.941259281363
39632946767858773 -852.6486752137995 -2556.5173810385472 1766.9029497696363
39632976891348749 -995.3837887303068 -3309.996998069801 2395.0366783167055
39632956884521202 -958.5625684016334 -3225.675650834477 2247.8000769571295
39632946797218412 -809.6259184451839 -2752.189295406874 1881.1468466231422
39632946797218593 -932.5627317120764 -3172.9175478209413 2167.7962698340525
