data/coord/ELG_15_clustering_data.ecsv
# %ECSV 1.0
# ---
# datatype:
# - {name: TARGETID, datatype: int64}
# - {name: X, unit: deg, datatype: float64}
# - {name: Y, unit: deg, datatype: float64}
# - {name: Z, unit: deg, datatype: float64}
# schema: astropy-2.0
TARGETID X Y Z
[from data line 4051]
39633451359407193 -27.667322515106285 -1207.7681186910602 2684.2672481962454
39633448859599486 -21.0691461067415 -1508.4532461345416 3291.9452218182405
39633451359407049 -35.1402507203484 -1507.6023307597357 3350.7934928863806
39633451359407056 -40.36226323367545 -1732.8009147655348 3846.008209829685
39633451359407061 -30.23777645386329 -1298.807705095155 2885.785338043729
39633448855406627 -39.73503754597029 -1926.0819073219384 4232.031149374969
39633458728799818 -28.886951241922656 -1609.273847025704 3680.160302940432
39633458737187608 4.164805474248177 -1512.6207734141472 3498.720782271672
39633453855018519 22.976633130883958 -1633.160751017781 3666.622950262254
39633461157300437 47.164477915388744 -1227.1440421558461 2848.0097600063796
39633451359406822 -31.394883927098885 -1310.5804613174414 2908.3439195054366
39633451359406521 -31.89195885432565 -1284.016729479512 2843.954145742147
39633451359406495 -33.98118447637611 -1364.6271248004937 3026.6395868074587
39633451359407264 -29.199895315688714 -1284.6789421386468 2855.8472486021064
39633461153106804 48.062476401968645 -1615.302051885723 3745.916995518232
39633461148912536 22.435406442525387 -1174.161157710778 2745.8370061925175
39633451363599795 -20.616074930403148 -1175.2303196122075 2605.9985034238816
39633451359407364 -36.111006171970324 -1611.749859695068 3583.5824235071887
39633458749768788 40.569324898377445 -1347.3105933347892 3105.577302365945
39633463531277559 29.386014077126998 -1134.3765337170855 2681.8045420265066
39633453829853109 -72.02501959464996 -1438.5844538906497 3238.9932647163528
39633463531277483 38.65532286143041 -1508.278827737719 3567.8182446141695
39633446313658748 -85.4987731325416 -1649.3568520779036 3594.783364555048
39633451351016060 -76.42824535529506 -1484.9135764844677 3295.5607865681227
39633451351016090 -70.90554234790476 -1379.0437359169514 3060.3304507059556
39633441225967668 46.05004317650367 -1508.8087892313401 3218.22684327313
39633465880085312 2.775869144160157 -1173.5555702883946 2784.987179482645
39633446343016817 24.042211944832268 -1458.172140364447 3147.9853566715083
39633453829853211 -90.21769263843642 -1809.7952985107263 4073.8531419442343
39633463506112707 -50.30406801756639 -1291.1178202312694 3048.633878401309
39633443797078140 50.60054501667915 -1658.601940092342 3538.621093461586
39633446343016894 20.613076508579212 -1235.8501226428968 2666.814738821046
39633446317850910 -44.50246237603429 -964.4655575452656 2097.3032252671837
39633446313659077 -67.60699166845602 -1323.0152982041145 2873.7069837927274
39633453842435537 -20.86636479064573 -1238.6668173928115 2778.7501964277176
39633458741382843 17.645938729068057 -1129.9413442659425 2590.016498533293
39633451363599769 -28.192181122511048 -1602.5261229490816 3556.0042415735224
39633451363599797 -33.24604488504046 -1895.6437025021387 4206.559469750589
39633453863404713 53.46267557737526 -1797.6611056401002 4034.2875175673175
39633448859599370 -19.50832871765991 -1366.1863267784267 2983.7483105103647
39633446326240592 -32.06069846716251 -1395.9923340576079 3016.5649982648297
39633448847017645 -57.62791683604054 -1328.736378293024 2905.064608097426
39633453867598456 60.67096432296497 -1565.6212709360718 3525.5165938619693
39633446330434161 -18.10985343901036 -1284.9678824712778 2803.361155188785
39633463531277647 33.252325613648196 -1271.6858808764264 2993.538912042702
39633463527080613 12.729269781988714 -1760.5724415950074 4126.7684209808185
39633453829850924 -91.74123103171112 -1686.9738019819417 3786.527022554221
39633458753965291 54.697976368843484 -1153.2525644531677 2666.075476907372
39633446317850900 -63.54775387631501 -1376.8208626523938 2996.5380176591057
39633451359404969 -48.73447786804857 -1663.071604494291 3672.196709142999
39633451359404642 -57.73954188414607 -1906.6931138872114 4213.016303358536
39633453842432148 -38.81925001982512 -1477.6715689716355 3338.243732419176
39633461123746506 -62.876078525762054 -1331.1011247221743 3109.4491748369473
39633441209190504 -16.718464784521313 -1609.6373137129547 3414.956066635692
39633463522889082 6.622287710597581 -1446.169587109022 3398.1752461372685
39633456287713542 -68.12490772805029 -1395.1751382528057 3157.842550800792
39633441209190576 -12.844138253706552 -1255.117235232211 2664.488184824757
39633461140521028 -16.3219220218197 -1505.7661917732214 3506.4487066866122
39633441209190438 -11.40147893079687 -1084.4376024602723 2299.532995566967
39633441209190870 -15.007869370373342 -1574.3108273662083 3338.605059736281
39633443771911007 -38.525298500353244 -1130.499752629441 2416.2182723431974
39633443771911041 -40.172082940834024 -1182.5063015011951 2528.2797915172323
39633453834044468 -60.80299214893 -1336.3260374876904 3021.447778205285
39633451359404672 -47.10212680526602 -1561.3788715866547 3449.7815813825405
39633453855017619 21.72253990207605 -1841.8487814160071 4134.277247975738
39633451359404547 -53.93093514088517 -1768.1320644534007 3905.547452601753
39633461123747439 -56.123023217579906 -1256.1788322651712 2934.411417397388
39633458753964146 81.01591299853288 -1837.077824307721 4221.021017039391
39633456325460282 62.5277553344862 -1428.7427799336617 3247.7127104730926
39633441217577432 7.788610415364319 -1247.847911694865 2651.7519708740983
39633461144716681 6.2855511525336265 -1553.7190528405822 3595.057195281576
39633465884279537 20.051235334395205 -1524.945751837305 3617.2246127266862
39633465884279657 20.22392107442572 -1497.4659598934752 3551.5701099221214
39633453838239604 -42.21395476287548 -1295.936131410265 2909.3180266821623
39633463527080888 13.262316478913732 -1673.0071924787285 3921.1233482117023
39633446317850719 -54.76443993436322 -1176.1816753837952 2555.947038777393
39633463518692659 -14.562292173412606 -1130.8731581919371 2675.4635934434436
39633463518692775 -19.095794085569615 -1520.852613871912 3597.3148175894944
39633465863311029 -40.46333119071336 -1115.5592739557399 2671.225185548767
39633451355211959 -66.41551463046089 -1807.5073659849836 4030.6822029382365
39633446347213349 50.82813931214881 -1542.606255743251 3362.88172098792
39633458758158751 78.28560289323521 -1397.8868983072184 3207.7516020499647
39633456325460818 53.733952838716476 -1189.972480320617 2706.6199146106396
39633438617112911 18.049378037595435 -1827.71159019852 3852.006059279206
39633453829853579 -67.45206788928922 -1377.6337348531595 3102.253258412795
39633453867600413 52.760421916454625 -1210.871563912221 2707.5239354074715
39633451392961098 104.78845777335495 -1769.6929098189703 3942.3969213730184
39633453829853651 -73.67395982790552 -1511.0502037496065 3402.8335194966394
39633443784494438 -2.7690095570001243 -1195.4073188454963 2553.7715838588215
39633446313659962 -64.66013449279414 -1320.77555182058 2869.745590510143
39633463539663341 46.03645768214289 -1148.944074325466 2703.921440295373
39633451359406919 -44.793478906287156 -1890.6308563244709 4201.590558946049
39633456291909685 -46.59678874287942 -1441.7006600074017 3264.7911004462376
39633451384570473 53.96176947322718 -1627.639507931657 3605.848715755974
39633456321266619 45.99581830677798 -1316.5551969389019 2982.9213897000254
39633453829853454 -58.98092117918285 -1196.286552517537 2694.917843469179
39633453829851467 -86.86103439507363 -1627.1984472896088 3651.5865462279116
39633451359404422 -39.60037708033858 -1287.1453583727289 2844.9269877024644
39633463514498386 -38.39549608539644 -1600.308364671901 3768.1076789333565
39633441200800131 -46.26208018689454 -1330.5755295157305 2821.794356473129
39633456291909511 -44.590358483090625 -1361.7138334303831 3084.7589006299104
39633468212118728 13.875762478429628 -1578.1716203870283 3796.3161802982004
39633456325460334 60.18660185484141 -1371.2943265562365 3133.407811529015
39633456325460583 62.82430123949778 -1410.7094971438376 3207.540909944112
39633458753963848 62.06826574111949 -1437.403393194535 3301.0763391708465
39633443805463387 68.73572368660398 -1595.0457186467338 3442.8008212574287
39633446351407459 55.6241305284941 -1294.8493869350702 2799.473239007158
39633448842822073 -75.26702861648356 -1328.2248760496507 2923.235675799279
39633441196609395 -61.76179382264966 -1673.9297871238991 3549.8479377260505
39633441221772730 19.73645699416492 -1060.7282964723893 2250.5253083058346
39633446313659259 -92.59157017164404 -1827.8159647692057 3964.1580088419114
39633456321265891 43.088486007578204 -1309.6810265212118 2975.8181959129306
39633456325460104 58.904448741345895 -1359.7881242094081 3104.613036954463
39633458758158314 78.42599017191124 -1437.2117327700942 3319.0311767089042
39633463531277712 35.45881090102506 -1347.6730938221087 3184.6235449569076
39633465867503138 -42.55394170187208 -1467.488227299763 3502.319773650213
39633458720411641 -47.61877572257846 -1234.6893779154111 2836.5271799927627
39633458720411731 -56.773794248078325 -1481.788399164858 3404.6819705675653
39633458758158670 83.31116405252054 -1493.9362254171701 3424.5080508919077
39633453871793695 77.17012475533406 -1482.2382390146342 3328.0715121495714
39633453871793392 72.13034695549446 -1405.3549911032053 3156.1723244078344
39633451363600801 -22.472384717914746 -1497.2524166266214 3337.0306212354617
39633453871793241 76.6065790766147 -1505.776130883297 3381.5321683133284
39633441209191622 -14.632888997689294 -1884.4180526874422 3991.9281300645716
39633461153107610 40.16057214324024 -1253.7607159056236 2926.9768526663975
39633441209191258 -14.326957644392898 -1664.5736364491167 3526.6445881335258
39633465871699531 -18.68965804512667 -1612.8757198526707 3845.2266219623457
39633461153106660 48.06270236820826 -1639.2409296026065 3797.2531984815396
39633465880085342 3.6990089842770115 -1510.8855140781195 3593.43587956919
39633448876377818 53.393157475023855 -1745.960403134791 3841.809527745896
39633463510304591 -36.389252124731314 -1063.4806215415238 2520.7079850510295
39633441221774405 32.81671548307348 -1419.9483659211926 3008.326883386844
39633463506108583 -62.03365810344362 -1249.4541931513456 2937.6977340070907
39633441209191322 -10.016075113866172 -1180.5140791194165 2499.9173239304764
39633448838629047 -109.78331500950627 -1719.6759244339155 3774.456425204302
39633441209191238 -11.18911390407387 -1293.4521704152608 2739.361266720868
39633441209191319 -16.418437086814485 -1933.881195264953 4096.374833445106
39633448838628888 -76.2009365471189 -1185.743189906707 2602.873321583909
39633448838628957 -100.08566364195626 -1562.0713798643433 3429.3748489947648
39633456329654615 65.25540488020356 -1191.3986265214137 2727.6686325224323
39633451363601178 -14.822466132464145 -1069.5240234374396 2384.1400371852706
39633453842433538 -39.338959111322666 -1772.985971196179 4005.5433100294567
39633461123746115 -58.205198322534194 -1203.656824526989 2815.4790121307547
39633461123747255 -60.22558178103123 -1333.1139429461573 3111.484330393474
39633461123747222 -54.526566945227245 -1204.3200543618252 2808.58856036338
39633441209191266 -12.70464850157436 -1477.5112547279273 3130.654140989861
39633441196608833 -65.3477951557126 -1711.0223329417647 3629.8857605982907
39633448880570966 52.08941989595403 -1370.3689363575584 3008.539317293182
39633453834043845 -84.04701886495863 -1792.09787252148 4040.663573310113
39633443801268504 30.748160774221535 -975.5522494997974 2089.9413837311567
39633456283517776 -108.21593580489127 -1728.6623933214246 3921.488592748584
39633438612914590 -11.595598614547445 -1264.516954069801 2652.5726522121504
39633456308683545 2.72356442965025 -1478.297781012137 3358.5136044408705
39633441221773767 31.113281932749665 -1464.906444985522 3098.290760226963
39633461144715904 2.7936154519322303 -1480.10104579532 3461.3834926750123
39633463506112297 -45.279273077594624 -1130.0581750286276 2668.6366019260267
39633453825655711 -108.38408383086717 -1621.8954869428276 3650.312318406656
39633463506112421 -59.401479635046606 -1495.5330346965843 3531.4482057972964
39633448880571667 53.59124905992218 -1353.6557332847744 2968.5338534754096
39633448880571840 62.929723342681186 -1571.9553305900495 3447.393339814975
39633463506112470 -59.23422777494131 -1496.395757645273 3532.735271959443
39633441196609216 -42.13429999289342 -1128.9200201350932 2390.315035083469
39633441196609114 -70.60003105245718 -1879.8439619659816 3976.652181157308
39633441196609246 -49.47793775502987 -1329.140527140588 2819.4527499651304
39633441196609008 -43.011414648773325 -1137.590106185201 2412.6329082390534
39633441196609238 -63.09929803498525 -1694.057948866487 3587.2943865235193
39633446326241551 -25.50130169786025 -1238.28046888803 2685.166396308703
39633453825655509 -96.42130145804519 -1431.2133097611368 3222.813787197487
39633463514498670 -21.124101048265295 -913.0463006553547 2147.1600362326863
39633458758158071 72.54886958052253 -1347.6213277855447 3111.6966564628465
39633441221773163 38.204674975437875 -1946.2705162067427 4117.504751423167
39633441221773370 37.67977993597062 -1867.1508070188688 3950.9546451543215
39633441221773493 34.42932809651613 -1678.2375731886236 3556.470460286367
39633441221773539 35.48623849537612 -1721.581033713167 3648.568381708448
39633453838241676 -36.851695639851435 -1363.5069903369606 3081.1162984175508
39633453829850282 -92.0828269817199 -1650.1017247674831 3708.19367220592
39633443788689531 14.346839227420897 -1514.095628311651 3246.727133629021
39633465880084593 0.29826012589223644 -1223.8279345461217 2932.0738468224376
39633448872185549 39.230881551756426 -1586.32738877615 3489.9739274403823
39633451359406541 -39.40628035193898 -1590.0025141191866 3527.248672158884
39633451359406712 -38.977268822275704 -1606.0483674490058 3562.5293058993034
39633456283518597 -95.15807072657992 -1570.5368114453602 3559.0940155814637
39633465871696434 -28.76318386028206 -1373.946678403479 3288.7940423372056
39633456317073896 44.983437350354166 -1583.9747074858892 3618.627800256013
39633453838239901 -58.6465981248501 -1844.0891898643165 4146.683418557314
39633441221773448 28.989226123525814 -1420.7234633385513 3011.750651790309
39633441200799958 -39.327724167594894 -1117.443437625306 2371.5650417125507
39633443776106067 -29.43628393128658 -1310.07387484807 2804.5031180754618
39633446326243296 -22.54526232872834 -1378.5241545295512 2997.3141836379436
39633448867988708 13.72877324784413 -1705.2885048070455 3728.6786664666106
39633463514500379 -19.124117782434833 -1036.355339219421 2455.1588916088235
39633463518693432 -12.43434071168695 -1156.4195728248571 2710.7737346798453
39633463518693453 -12.374254699118604 -1158.0952124732416 2713.74482242404
39633443776106351 -30.248515113813237 -1381.6703566555652 2959.884228316313
39633453863405314 38.081838485841274 -1218.1105839237568 2733.6685600507203
39633453863405286 36.95407945200669 -1184.2859495588848 2657.8782593893384
39633453829850003 -76.28119439107141 -1349.6530046407952 3035.752421716715
39633443788689754 16.16869457242357 -1614.5552263561308 3463.1692001732854
39633453863405083 42.47776350130578 -1384.3889260187107 3107.911923257235
39633451359406411 -47.58482855224568 -1892.800145763186 4202.653122983452
39633456283517869 -102.68477167823562 -1646.1742410600316 3745.5047237969247
39633461148913503 23.15173954600417 -1064.6418145867683 2468.4241663388416
39633463522889208 5.741579825482026 -1171.6125561720394 2754.468842479005
39633463522889178 6.439059686152955 -1331.5265480130072 3129.71301713342
39633456291909370 -54.746235170475046 -1654.4075819752172 3741.110959064078
39633441196608637 -49.87360555685412 -1289.8651309583647 2737.7261909741674
39633463522886494 -4.455383844553107 -1446.8681638547284 3389.2264830746412
39633465888476716 42.698297972224296 -1329.4866479768536 3167.6247106809096
39633451367794280 -9.15824717310953 -1426.711535788099 3169.7931291371483
39633461157300507 50.89016385908805 -1317.3984026924595 3074.6394043194978
39633465875893684 -0.3930780504888967 -1399.5575292171013 3354.554821405147
39633465871696203 -27.991294763165772 -1298.9512644086687 3110.268411800638
