data/coord/ELG_1_clustering_data.ecsv
# %ECSV 1.0
# ---
# datatype:
# - {name: TARGETID, datatype: int64}
# - {name: X, unit: deg, datatype: float64}
# - {name: Y, unit: deg, datatype: float64}
# - {name: Z, unit: deg, datatype: float64}
# schema: astropy-2.0
TARGETID X Y Z
[from data line 10269]
39627775681761127 -2600.682711667314 -42.5018998885886 -19.776958449332998
39627781717362977 -4027.331787690189 -41.97772870440337 -14.850569838486127
39627781679616244 -4124.651849838531 112.79812423612788 -10.806853389394032
39627781679616293 -4492.217152850546 122.6698882323705 -10.251166688522854
39627781679616440 -2564.871042696469 69.76900242298154 -7.829600155066646
39627781679617506 -2721.0197782657133 71.8117724985492 -13.885257525931959
39627781683808395 -3371.171724321188 83.00010526875914 -20.432979612692293
39627781683810429 -4033.8336861722128 94.03341827778779 -19.925649511880835
39627781683812331 -4438.105530199361 98.04848419950336 -11.153528520021323
39627781688002000 -3698.741114658737 76.96301702249228 -12.912356228339956
39627763576999896 -3810.5937438653705 38.26514259399271 -70.3475244684546
39627781692197289 -3109.974043142968 48.71984706687945 -18.373203948739192
39627775673370632 -2945.0102555626554 -17.697877197127504 -26.491925010004273
39627763576999911 -3798.572910160388 38.11718594338441 -71.08898980974408
39627787752967456 -4328.960667274699 -29.794199168216306 0.8511034522646113
39627775677564024 -3637.271780059868 -34.344416279103946 -30.31133510323543
39627775677564361 -3237.0134778888482 -31.411626495759528 -26.652103983677836
39627775677564471 -3274.084903139546 -32.019826493076415 -26.514416400132188
39627775677564496 -3272.9969479089095 -32.067316107288875 -25.856842103024338
39627775677564625 -3908.836354054656 -38.5985711142578 -32.63326675324819
39627781717364142 -4239.4482599589455 -48.254227695684676 -11.362201978286482
39627763576996615 -3811.2142159510036 47.70661209439081 -61.77569208882188
39627775677565227 -4512.982668685664 -46.751742695346096 -34.39985357816334
39627793788572954 -4140.185279553818 -16.943542221194 21.83837172967665
39627799799008529 -2991.6432659851366 83.85321235388183 23.715421908953942
39627799832560246 -3229.58481981472 -15.254282563165779 25.076316080332255
39627781692197388 -3041.807573851519 47.44131461753231 -18.558123733415165
39627769629378190 -4362.838733016372 -4.936677443824404 -65.49046049763373
39627799811592184 -2772.9034387359575 39.05833374328823 30.11926357242549
39627799799009494 -4030.8870977047604 110.06665976521043 27.555306566116442
39627775681758550 -3047.2819217499127 -43.18351753646352 -24.11643636773009
39627775656595310 -3243.615287148915 31.58590579267111 -27.0944701592108
39627775660790254 -3080.4260842679955 16.238931486693776 -27.936031666888294
39627781696393561 -2758.9082919246125 25.251186106477576 -14.561667681643296
39627793763402760 -3286.6728802137386 83.57694826802596 20.236384426664742
39627781713170110 -4059.0397194143925 -28.2357751298995 -21.027264949500957
39627763568611679 -4288.97508831663 77.03104290170305 -76.70578917845629
39627763572803018 -3045.584219173798 49.46090810495374 -46.61723933160526
39627811912155767 -3544.888511468624 -17.899717138269768 56.351579492166096
39627787748774975 -4411.878811782108 -16.85363685142509 -4.268803590489675
39627799803201628 -4036.2622917401413 99.39654870552128 29.71087285091602
39627817939372509 -3451.989055159821 23.06290072775105 74.96345921527362
39627769633570848 -3002.5174694467587 -13.134912328199649 -44.835257588712
39627811903769976 -4155.23707940824 5.77332439847278 80.83632891167026
39627793763403919 -3190.9514728101717 78.10160404275227 11.042636679267208
39627793763403927 -4037.168791073888 98.7864547886595 16.349438254528163
39627793763404028 -3272.8147380311507 79.8104348649874 10.764124740384625
39627817947759380 -4015.374737305969 -2.8431378356004453 79.53263231336527
39627811899574280 -4345.974692125693 30.178095012881936 83.35674761226565
39627769616799141 -3676.7776405274835 33.74931916836349 -55.34624577993598
39627769616798958 -3331.831230493042 31.03836973306404 -50.82310120855132
39627763581191866 -3243.227758599807 23.99399271682656 -61.95836525244462
39627787736187756 -4100.007802002401 50.43600956201732 -3.81393460691107
39627811903768530 -4095.5373788433863 10.845146433382528 65.94585309304244
39627781713170360 -3422.1819056135732 -24.460700896849822 -19.365210326372985
39627811903768680 -4098.169632157135 10.326451402320906 66.4334785601992
39627763577000910 -4001.385578244191 37.44996694162458 -62.122336133853125
39627811903769969 -3359.0131213728887 4.680450705248347 65.06207560949434
39627811903769989 -2835.4896690101073 3.9104984598894803 55.18329356043162
39627817939371648 -4297.127526097395 31.78005730780836 92.63614639405395
39627799824175512 -4485.734155094454 4.053020862878887 34.83964012871042
39627817939371454 -4424.373769840279 33.33787946262317 95.4400380434016
39627817939371492 -4085.982393391492 30.69399595834378 89.6049578254825
39627763589581403 -3537.0807924054902 -6.617456183311383 -63.7949003554876
39627811891184667 -2944.9743105018956 48.217980682140116 45.965335585930916
39627769625182934 -3914.891388424164 15.273980088299394 -56.400208681292206
39627769625184814 -2924.0551382249473 7.551846071287908 -32.96574253947371
39627769625185041 -3400.858358852751 8.120214004756939 -40.23864152076204
39627769625185195 -2964.25787592819 6.745891445470845 -35.25178626290919
39627817939370266 -4074.0460300932027 34.477473286317014 88.07341620985096
39627769625185513 -4555.253510120919 9.249841647018027 -59.17014066108731
39627769625186027 -4209.367689976882 7.042797429476859 -59.340666749133355
39627793775985447 -3256.714015429656 40.41783836426957 8.192139259263042
39627811891185057 -3813.7979151025575 61.03180000790301 63.70177048550189
39627811899574613 -3392.2272054572477 22.50035340072939 64.1356730560838
39627793796959855 -4263.470940957584 -49.61811550756902 17.14547646503358
39627817939370773 -3210.0432038126623 25.91794806004349 69.4800206030618
39627811916349765 -3646.16002509069 -32.80508421349278 65.01497829525516
39627817939371172 -4231.2414613075125 32.805852258659236 90.60785520673177
39627787748775025 -3083.515244483094 -11.880733369507983 -3.0020144040187318
39627817939371158 -2841.1969420686787 22.068040630771318 61.499377725729744
39627811916350815 -3736.687069935387 -36.91796839747453 70.60779111405176
39627769616798871 -3747.3508589246494 35.11995934223879 -56.413583605600664
39627763576999027 -4012.9819545132686 42.752505807979325 -70.73892695528723
39627763568611955 -3672.837911151554 65.18863760112905 -58.13826109922759
39627823979170128 -4096.64313182853 26.895001112964163 106.1824170422586
39627757541394176 -4156.299643415945 29.931510705105016 -97.87121146146913
39627823979170234 -2803.682083459161 18.108954974424478 72.49083705739021
39627823979170283 -2787.7787392648056 17.850019571360743 72.1085759077593
39627817930985031 -3454.5553051199895 48.4841899276852 75.70036771410645
39627769616799047 -3409.8492759662695 31.529446989880533 -50.380734945234224
39627811891187971 -3198.6542601351025 42.22211281757711 61.9342013243494
39627793771791666 -3701.9327552362483 59.48421861331695 19.512967420802177
39627805876552284 -4636.390931371942 -42.55886974907727 56.28120858775054
39627805868164949 -3986.292145791738 -5.356088784856335 57.980448389810114
39627781692197024 -3546.9228755234362 56.203085164912935 -20.132438915499527
39627763572801597 -3353.543865248196 58.45348104578167 -53.08006699842391
39627793771791579 -3698.0146336226167 59.75497002032784 19.457142191002585
39627787727798378 -3467.6960073070595 75.44479103710589 -3.24008060388904
39627787757161954 -4135.026770824214 -48.13016485470124 -5.953313398504484
39627775681759474 -4160.882253848493 -62.16518928839604 -40.60535171084738
39627769616798738 -3816.7691058471855 36.118633084576615 -58.100571463267585
39627787727798590 -3464.99608834871 74.82942543730013 -2.834581092925059
39627799832561092 -3456.2641383967643 -18.16578289135537 34.066468452050884
39627787727798673 -4113.236216054668 88.56660907062705 -4.5174483037734054
39627787727798674 -4042.173876828159 87.02076316047031 -3.2098975644607264
39627775656591653 -3198.154465673356 41.20659919544757 -23.301071774212495
39627769625187345 -3224.4907895503234 2.620855777460728 -47.308064378251125
39627757533008006 -3541.2189260033965 48.430396257915845 -77.88577542217024
39627781717361990 -3339.5869965371526 -32.210065918234115 -20.424091545346943
39627793759212582 -4173.003671576039 110.83379354007523 19.229155159772198
39627799807397818 -2907.060876106918 53.112151281921264 27.595845929799584
39627769608406889 -3214.0153646909134 65.74523836383 -44.98629466449291
39627769608406893 -3212.0674066637225 65.6872572235568 -44.89805831341219
39627817930985099 -3368.053298519833 47.01999522356898 73.31429346131723
39627817943567776 -3208.727383951512 3.901682483302452 65.22078366696088
39627769608407370 -4117.726874635174 82.68288690391144 -54.87699563470262
39627817943566032 -4387.351497775345 12.374465353902169 97.41523432993698
39627817943565866 -4091.0022029860584 12.207015086416593 91.46979930127797
39627805872359238 -3345.3728121214367 -20.007262504271324 45.355435824589904
39627781721555132 -4035.0541215905105 -53.422441791923454 -21.81422905528321
39627787723607189 -3037.7523485938104 72.2759172129061 6.117478423219462
39627763572803709 -4403.453427663589 69.06044164527306 -82.83025053228435
39627781704777920 -4012.8811302793542 17.074602333705247 -20.77109881464228
39627805847192666 -4336.862656508936 90.73742749256157 57.953212929247655
39627817935178829 -3474.1445315496176 36.52429213485499 80.8787454308786
39627817930985267 -4594.751596477836 63.445416768837795 99.02680096407282
39627805872359071 -3036.7148400134915 -17.81042190088602 41.21286971133368
39627775652402206 -3040.293361003007 40.651459359168086 -23.267643928265226
39627793763404810 -3723.19435634295 88.40165393961617 8.869804998614084
39627781717364580 -3105.3895995357166 -36.52128317635852 -7.792168069325661
39627787752966727 -3729.977976948406 -23.578871467937685 4.830703636964408
39627775652402294 -3195.669222444988 42.5046518261866 -24.658038934186052
39627781717365965 -3374.479517843135 -43.92792018577431 -17.442731786675328
39627799807397547 -3942.009362240821 72.9933588870804 38.27685493372484
39627775669179812 -4068.7519933670815 -15.10527240083943 -43.70703976322829
39627781700588458 -3441.2790673698573 15.158191917849129 -18.61954448029055
39627769600021312 -3232.5944586667115 86.34315097749513 -42.67761227514168
39627793775987326 -4001.6631522426374 42.681423196017505 16.888927110363525
39627799819981136 -3061.4380719727305 15.557004892335165 23.241696225560094
39627763585385444 -3010.623305594001 11.117490627466196 -49.933643126521496
39627757545590648 -3457.619037766171 4.41448092139355 -82.73818667314251
39627811903768461 -3393.283154071331 9.15759670685379 53.40400846998201
39627781692198610 -3168.9052752103585 46.485781841480616 -14.697801182437155
39627769629379206 -4343.720826108048 -7.990124200287169 -64.52739055178456
39627805847192307 -3281.120608871354 69.56363722999623 38.893439002909105
39627757545587339 -2690.4173102135387 10.510328262987946 -57.20073470238314
39627757545587404 -4129.295346731282 15.967533515504027 -86.65574870119329
39627757545587284 -3466.375454511035 13.681065471552225 -72.64070084642542
39627775669177541 -3420.464554892108 -7.571951109682033 -33.37381351609032
39627775664982107 -3189.0983891557075 8.977184302611136 -31.60978556129066
39627787736187639 -3477.955948277116 43.23534060839521 6.7931884923608115
39627823983363298 -2826.867444562947 9.301365742575792 71.43265599432776
39627775652399047 -2911.277397031062 46.36871958919933 -27.571636001707407
39627799807397774 -2905.6852396760187 53.208449153514785 26.697668795535055
39627811886990663 -3428.961579262165 71.0174956457817 67.16750564225516
39627811886989432 -2762.550174153795 60.07308253948607 44.880637916986814
39627817947758661 -3522.320538058969 -0.09906525343645929 69.2652457845414
39627793759209033 -4029.5037225736182 118.19223936105116 17.295100015412373
39627793771791879 -3530.385057801595 55.94143225682819 15.324818545174763
39627787736187847 -3960.801411570933 48.369987510892855 7.579387140544462
39627787761355483 -4616.920468974197 -72.48164757217785 0.7805094447500164
39627787757162208 -3667.1436231407683 -43.45963726801449 -7.705092767919688
39627775652398911 -3042.413077076114 48.77315566126988 -28.00737579086735
39627769604213769 -2901.807783300415 68.98532071568428 -35.569727865338805
39627757533007436 -3609.065339451427 51.16545570816382 -79.53548529538433
39627781717365925 -3218.4366111942545 -41.766053148292464 -16.36747410711928
39627763585389945 -2838.037620705517 2.1292314700291137 -43.49923473238674
39627757533005658 -3419.5972748350714 54.04405094305807 -71.70175957950165
39627793775988489 -3187.2699407293258 30.80017943844526 11.655546696998575
39627751497403366 -3387.7687225652694 35.34878374132863 -84.7591391438983
39627799811591953 -2781.355911926048 39.73665210896947 20.48288730202058
39627757533005462 -3439.5555052249365 54.98311540655345 -72.36017873685806
39627793775986476 -3522.968610845519 40.44424729577728 17.329032217092536
39627811912158004 -2795.9798517350227 -20.230646881613087 54.217734030318134
39627787731994835 -2821.6468428952167 43.814234343862104 5.790005875543938
39627805847194510 -4338.803414284609 84.22075645803552 48.33485004840845
39627799807396810 -3527.374260765774 67.55791755785923 37.370356662030005
39627799807396928 -3994.9529386845184 76.07642638809074 43.07165243681111
39627757549783718 -3839.2416848844255 -8.193808802236191 -78.00903056560857
39627775681761454 -4200.7388204506915 -69.7505239400579 -32.01693442214101
39627787761354839 -4146.213407188651 -62.43301609885794 5.978936373223394
39627781679617251 -3638.5680079326908 96.68887911258598 -19.940013355754388
39627775673372756 -4201.256018227087 -30.605789210557607 -33.705050422125396
39627799811592862 -2989.1370888807432 40.553931514770696 22.660164204928876
39627757537202032 -2892.2595965723385 28.112762247490856 -66.28767300716206
39627775644011461 -4210.029647414033 99.807250402503 -41.62231545515707
39627769629382321 -4249.884752359224 -18.088059317193114 -60.213085411570084
39627799811592404 -3809.48631268974 53.03707531742113 26.0442095741546
39627805876552461 -3844.8764106412777 -35.79170165940776 46.89330362866275
39627805851387311 -3482.429271354654 56.06533396527147 40.38498931420402
39627805876552715 -3848.2752938834897 -36.548354449524226 47.53389981577495
39627805868166685 -2594.1857389590073 -6.911760011345429 29.916175774244195
39627763577000464 -3489.508003677098 33.75074695039877 -64.65794802442011
39627763589579989 -3529.7078775012887 -3.260357994476568 -60.86906202289448
39627763577000360 -3462.6719549281734 33.734022970060444 -64.81045653007867
39627793763402556 -2910.1445037148956 74.4454443394217 15.693058822908778
39627781721557330 -3801.874912600771 -57.87206895512118 -24.340454587858424
39627799840948799 -4115.862190629248 -55.32187018446401 38.59438077813732
39627781713166657 -4616.244305718681 -20.904772252114963 -27.203101643602945
39627799811592146 -4386.060680417242 61.97536028812964 30.208473036364566
39627805863969671 -3039.3703811036903 11.261826028357737 40.08785520695259
39627781679616371 -3587.3153842780944 97.77127929539601 -23.215737314331392
39627805868166435 -3429.4784874646316 -8.457759617151401 39.08863789292194
39627769612604667 -4121.955880573428 54.76086358772505 -46.896430389490526
39627769604212498 -4468.46781682787 110.27662573831235 -64.308864453577
39627811895378589 -3514.226350886236 44.21921451195779 62.453047789674486
39627763585389460 -3778.043173976347 3.9962763271986352 -59.52381968689659
39627799799008052 -2903.324115882606 82.41856201711673 24.08705440657271
39627805863968976 -3262.5114266322435 13.822171922209339 37.50847168279749
39627775673371165 -3233.5961423703343 -20.583611758133898 -28.687819775327874
39627793788573291 -3019.204148184993 -13.056992293781372 15.461948577692045
39627799799008217 -2768.892376285203 78.26113214591709 22.635473289510806
