data/coord/ELG_0_clustering_data.ecsv
# %ECSV 1.0
# ---
# datatype:
# - {name: TARGETID, datatype: int64}
# - {name: X, unit: deg, datatype: float64}
# - {name: Y, unit: deg, datatype: float64}
# - {name: Z, unit: deg, datatype: float64}
# schema: astropy-2.0
TARGETID X Y Z
[from data line 5571]
39627829540815358 -2607.5330242110626 1443.871717111733 93.74647002694434
39627811417230550 -3549.864039992181 1974.2377010487537 68.92447276516057
39627811413035462 -3300.898546710265 1858.266208587218 68.95402246882882
39627811404648612 -2446.5874747095872 1401.1719470688463 44.34320108107832
39627859723031247 -2746.6253468619298 1574.0663988091824 164.30541346486658
39627835538673982 -3700.1892126910725 2245.912483513669 142.64214648921683
39627859731415281 -3161.660285110491 1788.1471639523695 184.33328202787126
39627865758631346 -2564.7021527942206 1479.5975317859436 163.22546853712637
39627829545013374 -2248.194526713061 1221.094620553858 76.14962555083405
39627835584808739 -2527.7536783828436 1381.3705942910722 98.22490525382568
39627817444443109 -2840.0724289264176 1637.0510359436082 65.99976774922865
39627835542864491 -3572.740760062033 2165.6287723536993 139.94389027596966
39627835538673995 -3707.7440188075207 2250.4311530005416 143.25716513798145
39627847660210746 -3093.987941459924 1706.6350754247246 151.50558615798593
39627835542867674 -2527.2333480024604 1523.2533381044466 100.56932286239939
39627811392064981 -3260.0154255266534 1926.9726833226407 73.30396574982073
39627817436055621 -3570.3880063733827 2095.600738207208 83.46278156709268
39627811400454999 -2244.3199147154596 1298.0081543914662 49.09508908240877
39627829536623548 -2612.0316057780487 1454.4703433654777 87.20658182774032
39627835584809000 -3351.593620716363 1830.4426959029408 130.89029677232617
39627835542867128 -2764.975037353386 1668.2915003129804 109.16765957309727
39627835542864499 -3572.0701527776687 2165.1854586008203 139.60709276059976
39627829540819691 -3123.416415809089 1714.291198314076 116.47917726868302
39627859731415421 -3866.0889640836554 2186.0137049566097 224.70524527330718
39627847635045884 -2691.518608156343 1573.7131040862776 141.13857660950313
39627841586861529 -2794.7474880728096 1662.8877038384387 127.22511563013342
39627829545011006 -3622.35406007252 1979.332861265976 127.08263466156849
39627871781652625 -3568.493739402979 2097.4256950244867 245.70792210007843
39627841586858076 -3162.0933903579576 1892.1896340962824 141.8564841544091
39627841586858043 -3331.3538953853517 1993.5817149361505 150.36399369221212
39627829540819837 -2984.6231797098417 1637.6425065289407 111.13213497284255
39627841591055140 -2940.090117900838 1732.6805138653351 132.0492792633965
39627811404647899 -3100.7166264068437 1778.2491778471176 63.295868881312174
39627853683231494 -3129.8551358497525 1798.0730602659141 179.51078766967422
39627811404646227 -3864.4262232405904 2223.5531455190353 81.11423742722842
39627853700007826 -3971.5867520744428 2193.53390248294 227.85323763281417
39627823488434299 -3598.1207970191713 2056.0740800891763 114.69389723994027
39627847622462015 -3549.1546592358864 2142.083248114768 175.4958818843994
39627817440251421 -2656.2340105597773 1540.089842578678 66.23569978499037
39627823484244917 -3237.8318897074732 1851.132337432192 104.00724957451018
39627817440251144 -3118.153519177025 1808.8394000425897 74.0556189082913
39627847635043943 -2390.099866981344 1403.3191410767647 115.86934461312502
39627817440250909 -2324.5464923927593 1349.0395483502098 55.01950158234533
39627859710445252 -3424.076523146018 2028.7503166638085 199.99998331960677
39627847635043931 -2640.7023369953536 1550.491446416388 127.86569449603086
39627841582665068 -3350.125930984787 2018.9733450210138 157.70581081715733
39627847635043674 -2582.4986489202643 1517.1502258710052 125.3393366685905
39627865758634904 -3633.0970698393107 2082.4879157729483 235.82091483939072
39627811400454711 -3391.2563293671806 1962.5879307601124 74.74252124557647
39627817461221741 -3638.0877942919888 2006.506252205646 88.23294918778899
39627829528234020 -2886.659058478219 1643.2931098126533 107.20429537823199
39627829528233983 -3904.842615765975 2223.0808388544992 145.58927031713972
39627829528232774 -3784.672427024831 2159.5459573564776 127.5653112639006
39627829524042768 -2879.0741237811358 1646.4083935661606 107.85226938595608
39627847622461200 -3183.0379324609025 1924.3287199812862 168.41106985259256
39627847622463029 -3672.697130207614 2211.875929674359 178.67162515914762
39627847622463200 -2768.4213862753368 1666.6196974487764 134.14217296362
39627859727225970 -2492.947460886821 1412.1545013103582 153.4766938617513
39627865758631367 -2561.9741783555687 1477.9662246539444 163.17893033224337
39627829524039221 -2714.75846863636 1562.6531942869553 97.91337837182898
39627865750243717 -3537.551936923547 2077.53814783025 234.90353637644918
39627829507264640 -3562.9554918775248 2124.5125195289247 123.04128066303797
39627865750243281 -3677.8857610816576 2161.840122351862 247.71711607065944
39627877817257542 -4004.4042975643974 2322.860082325727 294.4643164900486
39627859727225742 -3808.8186673994946 2158.342271113614 231.65421722236462
39627859727225698 -2824.088622953837 1600.4427525383069 171.66810997253077
39627853674842072 -2939.827477755271 1724.4245952687163 156.85868962018154
39627829524042925 -3354.435236668935 1917.6552357487258 124.82046960878785
39627859727225668 -3580.0134630650546 2028.9388030162065 217.82566492160763
39627859727225647 -2643.064606450884 1497.9744720039864 161.06500261295773
39627877817257573 -2725.896979555521 1581.1426994722856 200.6004272635668
39627859727225575 -2825.478500701249 1601.564226087249 172.02584643571114
39627847622463325 -2977.700847229583 1792.1787240166914 144.5457076332455
39627847622463646 -3786.127128011218 2277.435369946231 185.7331440150424
39627865750242586 -2731.5126209434334 1607.6710829386825 183.5671532782289
39627817440253054 -2971.5904933942784 1717.236911878259 80.2689967489057
39627847622463978 -2605.23473065547 1566.1059140986586 137.0403199755492
39627829515651040 -2867.9577007909716 1682.560162219205 104.4416853411302
39627865750242787 -2320.5222361587066 1365.306223996613 156.0997022130252
39627859739805418 -3970.1518010615832 2192.7755909335165 227.80169677923413
39627865750242878 -2997.33357725771 1763.2385069835368 201.77378130503595
39627817440253315 -2446.1666643171534 1412.7094246124332 58.05208547675615
39627859727225572 -2491.993986216571 1412.538199594242 152.56836497794288
39627859727225574 -2492.5808128566696 1412.868170775561 152.2836449717393
39627859739805684 -2999.759038740933 1655.7948539980737 172.57624094713762
39627841616221697 -3741.7471652738536 2075.2604551343825 165.87746545191538
39627859735613674 -2514.5574863358333 1394.968426180644 145.28422320016884
39627847635046860 -3561.2683933330904 2077.9970823254475 188.0073227869773
39627817427666900 -3492.1761520011087 2089.8328960207905 87.26906905198067
39627835568031190 -3335.6913282314686 1901.4214602563893 132.03336919121634
39627835547061519 -2841.127865445915 1697.785347209601 114.25242500069562
39627823492633996 -3196.968712399837 1791.5961020197742 88.22180062403969
39627817431863584 -2643.5391280989465 1560.4218664511914 70.53166580097077
39627823484242869 -2881.5373551855932 1653.6659013069502 93.84459611711088
39627817452834586 -3083.1245709858913 1732.1568647959464 70.27271488179146
39627817431863921 -3609.2855233779374 2129.398089375341 96.80257090539452
39627871794235630 -3603.696500949103 2054.1677119090646 255.51629862569604
39627811396257727 -2981.4312734398754 1749.7782266701372 61.440093601338894
39627841616221619 -2991.8253809671924 1659.5778994021005 133.083691494526
39627823484243392 -3360.5841337320903 1926.6802250035848 103.68710338708681
39627811404648963 -2664.0026264334665 1524.6451555945482 47.93376374173358
39627841595248934 -3736.7431359070447 2184.715379810474 169.69444587486157
39627805364848731 -3189.934144950128 1834.65117839415 55.11072299641179
39627811396256903 -2976.933240691505 1749.6825001770665 56.072512382554585
39627865771215149 -2945.551762620807 1644.017003538945 187.0005137929205
39627841578472420 -2858.6954561204852 1735.897620506253 126.59354138759407
39627841578472542 -2776.7057048494294 1685.6969843733768 123.01118699473484
39627853674841544 -3217.0049897790786 1888.9487684154565 171.33737435715247
39627835547062958 -2793.46349930794 1665.1253199914133 111.68488005112735
39627835547063093 -2720.797379289344 1621.5490635879926 109.5811436044348
39627835542867736 -3285.901752222979 1980.2548206670263 129.43220779388184
39627865767019240 -3804.4591407136754 2152.646384400196 243.02711991552056
39627865767019266 -2777.963286248495 1571.7667365658042 177.60230299082187
39627835568031816 -2806.1960067444543 1597.8259282093231 115.99939007967318
39627829498875636 -3172.5187725629385 1929.2175347232603 109.6757373593233
39627865758634214 -3460.5612312959797 1986.2069517082293 224.91737270967138
39627841616219271 -3119.788488606693 1737.8896855719606 133.53325975706113
39627835568032953 -2596.0625635520187 1475.3581289890878 99.80923069232544
39627871794235094 -2445.900402751683 1395.7312877700099 174.62012447552976
39627835547063960 -3480.7343347909828 2071.3681913896735 137.75649339658537
39627823484242360 -2351.453492923295 1350.854091049494 74.685110969275
39627835547063664 -3055.4587616236677 1819.2109085410311 121.74023505370099
39627841599438941 -3084.62706004586 1798.7596455723083 140.17368785056456
39627811408841678 -2637.664001204021 1498.8497054885145 46.78825147402657
39627829515652601 -3633.5910475525898 2124.292990661322 135.91215433610412
39627865758634652 -3264.048274790757 1871.8237457566606 212.44163150976942
39627823484242240 -3215.0331079013004 1847.473346913354 100.82990357465354
39627817431864612 -3662.5200565153073 2158.215881733277 84.72657287658559
39627859731419129 -2975.1933395165233 1669.532590940041 176.13630612382403
39627841620415109 -3214.13756887747 1766.1741966947918 138.20293217312374
39627823484243576 -3480.1575200117372 1994.5936231832582 104.70808409926475
39627859731416457 -3331.542071143119 1880.1463981872657 195.23964705990568
39627835547059128 -3177.9731479284414 1906.3692023555068 124.95057098356158
39627817436055270 -2724.07177362029 1599.9972417708752 63.81700365914092
39627865771215479 -2785.5099749424594 1553.5431547106177 178.43047555876737
39627865758634492 -2692.5987054991133 1544.558137090046 173.6444332633852
39627841616222001 -3816.648156248005 2115.65978581617 170.65417963816589
39627859739806636 -3500.7827557133473 1928.49780939207 204.4878834589309
39627865767020544 -2369.7976205168375 1337.2549331625385 150.29287679339055
39627865771213351 -3227.5655288175144 1808.903381912624 207.2151292755311
39627823467464831 -3285.368270509167 1966.7937078180207 94.03553462387025
39627817436054856 -2979.1309057712756 1750.9619452260818 69.5618463503648
39627841616221843 -3739.31516781192 2073.3347148780085 166.414846504023
39627841616221780 -2875.110993420273 1594.3543500885987 128.18952589415625
39627823467465404 -3088.592103050551 1846.9481403655336 89.41775940457785
39627853700009719 -3745.898944840376 2060.9751437741616 209.77368170261107
39627829507262245 -2662.5836032463876 1594.602676998034 96.75486277223268
39627835584809183 -2443.3256940808456 1333.8453023183376 95.03682437563293
39627817452835410 -2807.0397060040887 1574.364651138998 75.34366048890108
39627841616221707 -2752.168608753473 1526.3910452501032 117.93661733922882
39627841620414956 -2758.682823995448 1516.3094278804413 122.77543509777622
39627859739806094 -3348.1174048379007 1846.2119038931942 192.64785888354766
39627865771215456 -3356.6582020002475 1872.2039303276586 215.12929983906596
39627817452832684 -3130.263251696588 1765.3379003611626 76.74074567448548
39627841620414798 -2420.780459516716 1330.9518410654875 107.64223513481213
39627805364848324 -3016.8481275598083 1736.238064764208 49.58174771605541
39627817452835599 -3468.50715390569 1944.6208990960997 94.50742565850004
39627865746049413 -3192.696677131058 1891.813831413804 202.93988191622697
39627859735613696 -2575.883370332849 1428.9378177085607 149.0595825926519
39627859731416986 -3046.5438972242737 1717.548025398369 177.86758701299007
39627835568030829 -2804.3581137887204 1599.5848673669766 112.46552703730929
39627823484240997 -3224.0535955532127 1857.5564608452776 100.5346078221421
39627841599441330 -2882.182816030726 1674.3074139058576 124.79023889037015
39627853687426098 -2933.5232621964233 1667.763354486273 163.29350984440487
39627859723026524 -2934.522140775839 1694.1206936108767 183.12151994508412
39627829540819821 -3104.812695899704 1703.646862691419 111.31546123717216
39627829540819756 -3450.7030535721988 1893.6812314180688 123.33864778421218
39627835568030980 -2804.665475353413 1599.2847727662456 112.32047075518737
39627823484240909 -2990.092078766758 1723.0070500824495 96.83987866163166
39627847660210026 -3684.04733573019 2035.1703923569173 190.48527439355948
39627841599441056 -3041.7334207691147 1767.7213610196723 131.62646279698527
39627841599441050 -2829.0696690650184 1644.1395654626588 123.27423274565837
39627829540819709 -2623.8180100310033 1440.0347231417234 94.55086862763841
39627859702059034 -3092.8425467662346 1862.208612635603 190.2095415716098
39627829528234817 -3987.8645810435487 2266.9254119820575 136.8538985367549
39627823467466402 -2759.322604319814 1647.2001938795324 77.96593579773824
39627829503070325 -2119.2647543279095 1275.830595099241 79.28341811093341
39627841582662211 -3577.0117409094705 2168.077078595749 160.20313212847574
39627817461221108 -3142.7294752327607 1735.6130791621435 80.73822263948215
39627865767020007 -2428.7263179660154 1372.023131647226 154.56107840558496
39627865758635167 -3414.172525131757 1956.101866506805 215.87094804201112
39627823484241101 -3224.454287515977 1857.405778729366 100.8963929263823
39627841582663725 -2638.9795523129087 1594.6552522717755 119.15826720229205
39627817436056649 -2758.2979697505416 1616.2061243507737 65.62243551484882
39627859706250288 -3344.7852608792077 2005.0948085008583 202.42381968736595
39627817461221012 -3944.4095062125766 2178.858415058382 101.5509290336098
39627865741856906 -2723.93963914244 1625.0860687787138 185.35335047750974
39627817440251498 -2783.3493717086753 1613.550735488194 68.20843554967568
39627817461219951 -2929.2750679956293 1621.7470797732904 74.26579767016088
39627865741857055 -3025.7655731358377 1804.5282901235423 205.69429333708607
39627817444443343 -2594.4101781943823 1494.856260173588 60.084095218139524
39627859702059021 -3258.836687785161 1962.1887514254292 200.15588702061038
39627859723026615 -2751.342574992605 1588.1468403441202 171.8413539873967
39627817452835625 -3176.7477250734173 1780.938417131931 79.98588548749211
39627835568030698 -3384.847264530249 1931.1813630747858 135.78804153924986
39627817431863046 -3496.926831548225 2065.8726359274838 93.69606028469322
39627865762825429 -3793.356686918013 2167.0679652270396 252.96816576112457
39627805364846836 -3498.0801643288596 2018.7572401692628 57.126095468663195
39627871794235068 -3242.2427247399687 1850.257857148783 233.4818557336437
39627865762825431 -3347.5594625825224 1912.3848350917706 224.12656864315503
39627871794237474 -3574.98478105717 2029.707229283001 245.11591549265074
39627841607831547 -2860.6020162919353 1624.4049218534433 128.20823234337638
39627853679038843 -2553.6318728395136 1475.711764598477 142.50087796655183
39627841607831502 -2786.516358512352 1582.4702106777804 124.68329259595265
39627853679038840 -3772.876652674742 2180.2995517857617 210.2648439653943
39627835584807523 -2762.0651383656054 1513.5996211370361 105.6255404326817
39627847626656716 -3162.2684735496373 1889.371936073289 156.4996554354685
39627817436058534 -2826.7560197868 1650.9211332172188 68.9746576129848
39627859718836982 -2406.6662404024373 1391.882889436453 149.17052851876002
39627817436058563 -2995.3265215977513 1749.2984851322828 72.53452844035984
39627853670649311 -3801.526082907768 2243.578749180076 218.3062593802959
39627865758632271 -3128.8069540655006 1801.9673854821467 209.137315521557
39627829540815094 -2611.767524610824 1446.9541676045992 93.72841356636432
