data/coord/ELG_0_clustering_data.ecsv
# %ECSV 1.0
# ---
# datatype:
# - {name: TARGETID, datatype: int64}
# - {name: X, unit: deg, datatype: float64}
# - {name: Y, unit: deg, datatype: float64}
# - {name: Z, unit: deg, datatype: float64}
# schema: astropy-2.0
TARGETID X Y Z
[from data line 3857]
39627841612027424 -3112.175268383056 1743.561476805782 134.73417105151145
39627871781653157 -2623.186282826254 1540.0574318777979 189.64519872636916
39627865741855740 -3707.488754120249 2217.505550303499 251.84979525546999
39627871777456598 -2669.944568715876 1589.7267773928809 185.3446903875212
39627859710446680 -3553.466382927079 2099.1844070761554 211.64141588111045
39627865754437290 -3405.0754658395235 1983.219632146605 232.04800419193504
39627823463271469 -3006.7862387334817 1813.2425028933305 92.18076241710946
39627847651820760 -2690.746456615232 1519.242931182817 138.75552245062426
39627847651820915 -3556.105830743385 2007.3270102482547 182.39890672160757
39627805369043497 -3153.6841648649556 1793.898940162407 48.97414847617705
39627853695816476 -3751.8544199980597 2081.037437409138 211.10018690973345
39627853695816524 -3449.7082006482287 1913.224017133232 194.0486869092507
39627865771216679 -2897.972535114216 1611.883974190377 194.61699007474027
39627865775409864 -3682.3437026601673 2031.813279588322 237.47660452693958
39627823480048497 -3458.786020877151 2004.8687434650415 98.80437817932227
39627865771216446 -2271.2845656716904 1264.1034780045113 152.2211646458925
39627829532426517 -3546.8355201210666 2005.7258259953499 133.28151318157657
39627865775409709 -3315.9966138593045 1830.2541326872145 213.15375913956996
39627865775409754 -2318.5475393338816 1279.6084004066797 148.79727748899342
39627865775409983 -3314.4049438259585 1828.2931414033392 214.16690096553515
39627865775409936 -2802.346616279102 1545.9876144642546 180.19561770190865
39627835568030246 -2880.9490574925608 1645.0627768323886 118.10119150487036
39627865767019968 -2770.072174693055 1564.980805909974 178.3640841028208
39627841612023955 -3362.1376479351193 1895.8859437068136 144.05633621612026
39627847622460042 -3884.7398311779034 2354.18390153048 204.30281537001449
39627829532429860 -2588.8652293981686 1454.1262142385003 89.91141646004499
39627847622460025 -3809.1001426105004 2308.424746469099 200.60943195202492
39627835568033277 -2608.4835123199628 1481.6167811874932 110.81233491714008
39627823467467046 -3260.089752789183 1943.6449620242824 102.78391935291984
39627865771214630 -3414.623570432242 1908.0777731562748 221.91358226820134
39627811404644391 -3055.366065553421 1764.001355242826 55.69599336776975
39627847622459921 -2927.7680371123897 1774.7375576471627 155.6576611707628
39627847622460362 -2670.916037098747 1617.6053541369643 142.28247765110632
39627853666454384 -2984.267590602744 1782.3701475992034 172.0310496500322
39627817457027556 -3470.426372702745 1934.6976634553607 91.36100653812622
39627847622460350 -2928.7675685402555 1773.8292609266132 156.50035788311328
39627847635043692 -3300.520234139324 1938.8667396188914 169.75771001236294
39627847622460150 -3257.739340740366 1973.8177818998554 174.59799486044417
39627811417231182 -2304.5529128123235 1279.9118508614797 44.13081017823058
39627811392066335 -3760.305106677549 2217.4217499618376 83.74830877117685
39627847656016884 -2793.0707394359197 1554.9464155140452 134.0406861907678
39627847656016762 -4029.245067744995 2243.6271138872626 195.7594596347563
39627805369043404 -2815.985088397721 1602.1105178814764 42.845507983994004
39627829528234114 -2668.2791843406953 1518.7455582393266 88.78628280624028
39627853670646390 -2769.817972651886 1645.7722226085534 156.24547121205904
39627847656016688 -2882.557831700823 1605.35792524345 139.93363939090955
39627823492631005 -2803.745922674078 1578.8143120382103 86.09962672625664
39627835555447233 -2668.0537569250705 1570.3346132814615 103.3295566831024
39627835555447078 -3410.511876730748 2007.8621598891093 132.82877703670377
39627811392065807 -2648.6554315432863 1563.4034109162624 47.42853758690856
39627817457027569 -2117.3328922336304 1180.348497263109 55.56957319898716
39627823488437266 -3449.1126335277318 1960.885044011464 108.84883913242909
39627817461223494 -3243.2814873838397 1781.7449536142622 77.22874925540782
39627823488437849 -2784.9375188695612 1581.4374513628645 82.64186962793598
39627829540815894 -2561.168799081706 1416.5432306694145 93.63974990334535
39627805364848563 -2995.49822636706 1723.2582210215276 42.4893050696609
39627817461223485 -3479.1071260518665 1911.3490970638734 82.72176105940399
39627805364848664 -3262.5171372903505 1876.5879758599121 47.018908786509854
39627823488437580 -4028.8535421987226 2288.991385336303 123.41312896568024
39627823471662277 -2958.0317829464584 1745.1144595717471 83.16973502572425
39627859706251166 -2426.4038319888195 1451.9318178139622 142.19389193061488
39627829532427697 -2895.3713742962104 1633.504644955887 107.88207933375047
39627829540816025 -3118.2404689479 1724.1951107567606 112.98346420441023
39627871777459675 -3753.722567026775 2219.905694136417 258.3865064717153
39627817457027723 -2688.434286167421 1498.2912125578503 70.87827989340244
39627805364848935 -2935.323513212919 1687.648494665375 43.18157718379038
39627829540815899 -3341.3561196520213 1848.0408591692446 121.50165961652534
39627841620415838 -3184.005380624319 1747.4475178857838 143.7767714773502
39627841620415970 -2871.549323547962 1575.631295278066 128.67549172499054
39627829532427804 -3621.457474028744 2042.6122758579454 133.08762860538818
39627865771216493 -2575.8049567561116 1433.3999090334469 172.93167737811413
39627841624606300 -2502.1202141623976 1368.6138645320896 112.19223203690505
39627871794233410 -2669.0856257600412 1527.9729236048825 192.00868327067278
39627823488437511 -3715.8230892807887 2111.4881275638945 112.02340852002882
39627817448640004 -3075.8772418848653 1744.0984790309778 81.9663041655135
39627859710448095 -2790.572537899454 1643.8209661804356 173.87707297743495
39627847660211191 -3235.488677903114 1783.0986387963044 160.31070250214518
39627847660208534 -2994.8028480616213 1659.0169552827615 153.65309644518393
39627823501020674 -2813.3546833341697 1548.0702911085912 77.49051636635097
39627823501020577 -3953.2928185805285 2175.789052230406 109.67391942373932
39627823471658420 -3277.815904406259 1946.1002045959588 95.30663297712272
39627823488437417 -3738.2865971279844 2124.654705025244 114.3396113109995
39627817448639891 -3474.146363215618 1970.3597888244142 92.87991348493892
39627853674843213 -3971.937602035485 2324.291198294714 229.31516265103974
39627829532430755 -2865.365503846332 1606.4648687482988 100.65172887795681
39627811408842073 -4049.151272218008 2298.8751816410395 77.79412061377252
39627823475853387 -2766.7603076799483 1623.15439006616 78.81747194096315
39627829528234365 -3406.823310793892 1938.184015818132 114.77040305056396
39627817444447246 -2776.7045001015863 1587.4821950478722 69.46606226060588
39627823475852986 -3486.7222365652487 2046.98528608935 104.42971372532712
39627823501021043 -2624.3734563724843 1442.9712948786107 73.41386651985982
39627823475852983 -3513.720031840282 2062.843367063672 103.50542451953896
39627823475852911 -3484.5900373737804 2046.0366315626607 103.14382321537725
39627823501020978 -3257.89728729092 1791.505898688661 89.96235017765149
39627817444447351 -2880.1378397260182 1646.2307871773144 72.51516379412013
39627823488436736 -3714.9294920253897 2114.022049243346 118.47059404835207
39627829545010766 -2281.743829370704 1247.6035503988946 81.9697902919266
39627817448636507 -2881.7555862057716 1646.7561698375332 72.20889126892534
39627823501020931 -3258.3297853084023 1791.888701515796 89.2898767426164
39627823475851590 -2906.2172122347406 1710.8153782379284 90.99884061477964
39627841620413573 -2966.6499276390246 1634.5229018966395 127.3429300712161
39627841620413870 -3159.6450414887076 1740.024718629192 134.9813916517056
39627829532430637 -3320.962121738168 1862.3591699152844 116.69258874733157
39627841620414025 -2929.8559751546622 1613.034513995575 125.47764163893423
39627829532430666 -3319.028424289428 1861.1882112432725 116.62397951789495
39627865758632622 -3724.7351764101286 2143.768272554806 235.15458925082734
39627823488436792 -2653.350437559616 1509.7951230966835 83.69780922304048
39627811408843668 -3750.6562018783598 2122.3272935398218 66.38763909278083
39627853662259320 -2904.511595682386 1753.5544625869159 159.96201810776662
39627853670648309 -2872.7675396790028 1699.5968440817499 167.01108696910566
39627853691620497 -3148.0060516832973 1770.449766492204 169.18936887781865
39627823496825190 -2530.8830694484764 1411.0130478630826 82.0978788330162
39627847635044183 -3625.931412692551 2127.776251989169 183.51124717423127
39627853670646812 -2241.5525393817134 1330.5404354033853 123.79551300435459
39627835538673516 -3373.9361857917775 2049.75106974432 133.84558216873566
39627865741856676 -3895.1175132847425 2325.1640244536197 249.6441820720881
39627835572225050 -2724.721972036936 1539.1936222555607 108.06265850970522
39627853670646842 -3687.3190431801204 2188.5780907906346 203.17365834087133
39627847635044483 -3583.256331301062 2101.4148127726844 181.86479868869952
39627823488437561 -3201.108571119063 1818.7639268101175 96.03710846674511
39627847635044719 -2728.428730490363 1599.2068762896681 137.39056174277917
39627853691622036 -3040.2950586324387 1704.820676884801 168.26844355026958
39627835568035251 -2564.9733797645345 1452.58408182963 97.18904808976397
39627835584810604 -2594.8999906931454 1411.8619239027391 106.08571841613215
39627853662260508 -2665.3799129217127 1605.6480214325345 145.70068795977045
39627823467467422 -3025.2361788358367 1802.4804112851762 95.66943094910346
39627835572224391 -3573.0348230979043 2020.390541503712 135.49199629394764
39627829536622126 -3327.486229378245 1857.9433117497117 109.56324575563463
39627847656016585 -2784.4707702322153 1551.1023638668246 133.8400202044027
39627829536622640 -2570.5074638043425 1433.8038807504645 84.04616340070336
39627829532427581 -3645.111240077192 2057.0735646724493 133.90852426656556
39627847635044542 -3269.269571300835 1917.0039393477311 163.95077492377038
39627829528237162 -2573.193300530502 1456.661777738021 87.21693071516388
39627865741856466 -2482.9081086655474 1482.7555969298785 159.19636051964508
39627835563837439 -3644.081578186739 2095.3289541541203 139.2377328772103
39627829528236821 -3917.8117931155566 2219.134856120214 131.50665809290035
39627847635043109 -2975.1193071128937 1749.8711430575904 154.58626542359312
39627847635043141 -2833.2920462130514 1666.3535427162085 145.7791964593056
39627841612023863 -2791.957626460888 1574.6137083951176 119.3679057130134
39627823475851798 -2663.95906754171 1567.5070738109082 86.57572423093403
39627823501020416 -2972.665149527014 1636.711811616107 88.45633343526485
39627841582664371 -3207.2558964593045 1935.5098735211766 145.6179713313293
39627853700008245 -3964.498285854866 2187.6499886151933 216.69027455480722
39627823501020558 -2714.1397693891404 1493.836377758068 81.93648448015772
39627817448640126 -3606.124022066164 2044.299649434173 88.31015373791062
39627829524040164 -2902.312913758249 1667.1133518846048 108.20181996626918
39627823501020277 -3626.3194080992357 1997.2777049126046 108.2107398437044
39627835538673657 -3636.164463951201 2208.4746510479167 146.1068242111698
39627835538672755 -2529.6596988821066 1539.2739383568091 102.70420819165685
39627841612024089 -2668.8069880332696 1504.5750167039248 114.40100433730314
39627823501020845 -2616.5152312057207 1439.156605751065 78.39369602308956
39627865767020483 -3435.320226543572 1938.7476692842745 224.1630446853747
39627823496825518 -3261.276563164845 1817.1423789502546 104.74320779638326
39627853670646547 -3577.713369198006 2124.987971560142 200.26891463053857
39627829532429470 -3766.4514472045375 2117.1223437835556 134.17817739829061
39627811392066473 -2820.2087638317753 1662.6972078006745 63.24619005007005
39627817457027779 -3812.3977774655577 2124.451913334101 99.90477348563374
39627829503067497 -3582.7496420646016 2168.6683988807818 132.90855850010232
39627829532427684 -2545.2544821114975 1436.0377748009234 94.47656740299368
39627823492631923 -3849.803123743449 2164.592000388781 119.78257848659217
39627817461224022 -3264.5540005133184 1791.3918118731128 78.0567953334366
39627829532429252 -3318.9085764556667 1866.2621455571418 118.79546009118242
39627835568033325 -3783.1206085703943 2148.60447883048 160.39579410109732
39627853679035975 -3164.841335672983 1839.1178081350488 177.12480988268274
39627823492632786 -3101.217519710791 1741.3203103640767 97.5324903559089
39627835568033303 -3951.2754742807583 2244.1933753155363 155.8658056487031
39627823467467032 -3688.907994835784 2199.3542245522253 113.92315935358121
39627829532430044 -3045.4101335192686 1709.8755580021989 104.02054168657281
39627853679037713 -2534.100930906261 1467.4851910060586 139.90373158071904
39627811392066041 -2665.628365461129 1572.7206554590475 60.60230477075867
39627847664404754 -3594.6827086232292 1961.9460233645714 181.73022357309878
39627853679037474 -2699.7753276799494 1564.1611003063126 148.8838441082238
39627829532429987 -2862.225722430995 1607.223594894664 98.19721459016294
39627829515653691 -2739.3049094933576 1598.0858634002018 100.30732655025388
39627841607830214 -2679.794523134203 1525.0221797303907 121.61246290617005
39627871777459983 -3388.7636290725286 2002.6131117272516 233.64738795744216
39627817452830886 -3516.826653997425 1989.2277717662098 83.13534814106431
39627823492631817 -2491.370641596586 1401.0548182734158 76.4632652363016
39627847630848428 -2536.820164648822 1507.9892722572881 125.5031704951894
39627841607830035 -2713.6566151033267 1544.7113300123501 122.47027086198283
39627823501018756 -2921.2384046872035 1614.1369684704878 84.72375107747168
39627829536620781 -3314.092131940199 1855.1931143540344 112.84596441779986
39627853662261714 -2420.9826612744255 1455.10282737967 140.6009479374826
39627835538672424 -2457.054599392004 1496.151012416953 99.22410167256123
39627841612023331 -2995.64559305588 1690.9886812143518 142.00219484905668
39627829536620681 -3013.6342422198586 1687.3667797318808 102.6591868080545
39627823492631630 -2589.0587205616976 1456.443303120628 78.80856760621872
39627823492631713 -3321.720059742629 1868.3400327761433 101.342589885014
39627835547062282 -2739.6975354668416 1634.8428466087025 114.70366013729347
39627823471660742 -2473.0770453439527 1462.9702706473158 69.8777879918762
39627823471660799 -2395.1180069496745 1416.7091343994193 68.21328957186195
39627853666451508 -2799.1439801362862 1681.852625912136 162.13903715392408
39627817457025547 -3827.6616755968453 2141.8553136987985 86.69690947170095
39627847660209759 -3181.0735553654495 1758.3476407069409 157.6557816556791
39627841612023432 -2787.3014911790465 1573.1640759159513 132.0026889657931
39627841612023521 -3813.331876007312 2151.9153950149175 180.90506374134006
39627835538672306 -2640.5258409840767 1608.3121723803558 105.04484974360516
39627823484240998 -3072.7467325805255 1770.3780549958271 87.89596414253383
39627829528237070 -3662.715491555757 2073.729711328467 122.80758221451592
39627841612023398 -2791.115760405872 1575.3866089722771 132.2389445058708
39627829511457384 -3556.4169106398103 2106.0958662819644 130.52000403102198
39627823501020415 -3581.207822519836 1971.7698509984511 103.13816106716068
39627823501019662 -4079.0696486110633 2249.6410363729547 118.8415072404876
39627859718835229 -3642.367960620825 2112.9325395966384 222.10573098350346
39627835547062807 -2892.115026719773 1724.3607857024365 122.36447398359341
39627835547063335 -2536.6805025836265 1511.1970610488956 108.14366286644552
39627835547062776 -2886.853131969533 1721.3054577236944 122.17941108082259
39627871781654493 -3033.4272621326477 1776.097986012405 215.0843112731087
39627853687423076 -2929.8703355229877 1674.4778545201457 164.1162979240838
39627841620415548 -3123.044090968439 1714.8657425885442 137.4982137065437
39627847622460224 -2902.4265624609525 1758.3002181090335 143.0526218531516
39627865746049793 -2879.915506022945 1705.1481518012874 191.44237488109962
39627859710445629 -3349.8170644362044 1983.1776514961648 199.085709587076
