data/coord/ELG_15_clustering_data.ecsv
# %ECSV 1.0
# ---
# datatype:
# - {name: TARGETID, datatype: int64}
# - {name: X, unit: deg, datatype: float64}
# - {name: Y, unit: deg, datatype: float64}
# - {name: Z, unit: deg, datatype: float64}
# schema: astropy-2.0
TARGETID X Y Z
[from data line 640]
39633458716217021 -61.894259204612325 -1221.8991295835685 2807.6467963690425
39633458737187273 2.7419996094774843 -1558.6071596970057 3593.923784450496
39633441196607108 -58.129082687290506 -1382.7783536023794 2943.1848908337597
39633441225967342 57.28337995699753 -1927.8524441068803 4105.486317035483
39633441225967349 40.01712332564573 -1345.916864758946 2866.1932455594374
39633451380378068 35.68190407985771 -1310.8504914154394 2904.4309451089007
39633453859209521 27.75734478722833 -1673.2336300503591 3741.0816323360673
39633448876380076 55.6071917622752 -1529.553592163667 3374.6694552858585
39633451384571350 48.05600904807009 -1360.8125318438476 3005.7817222940776
39633446334631871 7.986243269134913 -1915.3645156684347 4133.092446314346
39633456300294286 -28.82520303895063 -1357.1944208767798 3086.3864766658858
39633446334631834 6.256671546755987 -1529.0241564203593 3298.8819628342053
39633443792881866 18.63947357620363 -1199.3693014943492 2576.8249135089527
39633441204998042 -30.810749428466295 -1947.9072490443184 4145.16409318216
39633451388766533 71.46143522972434 -1472.0172412708946 3252.6658696328423
39633443792882658 24.591653846420964 -1409.4216078742854 3006.6375492337775
39633443780300237 -22.355402122916306 -1764.417900521639 3770.228101357615
39633443780300147 -20.254171063036683 -1572.8430634417246 3354.5512215284925
39633443788688917 15.46871335720731 -1905.633984090556 4096.729002409713
39633443784493261 -7.817728737928894 -1551.499931384142 3331.7175953475307
39633443788688673 11.586888364623091 -1551.9737114531674 3333.6354780905904
39633446334631833 7.828623440269642 -1915.6961382244715 4133.7541635248945
39633451376181914 19.98924207881166 -1641.1134420566152 3641.0048452062924
39633443780300203 -21.347082351702564 -1673.7939527780716 3576.1124920325447
39633465875890632 -12.470035738779265 -1259.5429607303004 3014.056002985372
39633451351018018 -84.02866071029305 -1794.349107346407 3983.3681284625077
39633446322045995 -49.555744551654826 -1451.4832160288968 3136.555516626832
39633456300294222 -27.73057174963727 -1295.7244654062438 2943.4423870429187
39633448867988167 9.7525030781619 -1419.27273157611 3114.1068947443355
39633456304489913 -9.00920107738695 -1294.7503934428719 2956.0516365221897
39633446313659778 -65.917249875101 -1333.1183138437843 2904.4938390444245
39633456287712146 -58.48289449228213 -1124.943015057309 2561.1581910203176
39633438612917936 -2.172125274616823 -1689.057497928729 3551.929250620646
39633461136327931 -25.896122195526598 -1414.8695462916414 3288.7513882909916
39633451346821929 -103.86270674315011 -1691.5194394681796 3770.430623714443
39633456287713548 -64.37193078400428 -1318.4769980802107 3013.4517611735323
39633458741380475 11.786553601925291 -1349.451019666981 3098.1131498098584
39633465875893198 -1.7256634823108083 -906.6039261305115 2153.548631226601
39633443771911724 -45.918948755681164 -1429.4166501742927 3063.5672156078485
39633461136327787 -29.5014427009227 -1580.9051814418385 3674.9451047795346
39633443767717505 -69.8703130310521 -1656.1217391054706 3536.741927120172
39633451351018665 -77.8385294438261 -1711.5591833993933 3797.059569333214
39633438617108916 1.0175350872618698 -1287.2899741758802 2707.732124384356
39633465875893312 -2.236830804154921 -1467.9486611782588 3484.6259602986474
39633443776105255 -31.803936386442064 -1310.4136119373259 2815.8435804788846
39633451376182477 19.150303838915494 -1424.268197286004 3144.015936501536
39633438617109018 1.3102073711231363 -1314.0430928941603 2765.0847376268666
39633463535469744 37.03513564588662 -1195.2199477952456 2826.014914574502
39633451380376957 38.28987719889505 -1563.459834944294 3471.0927818007485
39633456287712287 -85.00728062602272 -1646.650543200336 3749.9511345589813
39633451367796336 -2.0136811677702613 -1500.8091296045923 3326.394915474172
39633463535469579 40.20136605778915 -1316.4255414504282 3114.9272415055207
39633463535469608 35.28867099750876 -1153.257399916973 2731.051463605135
39633451380377026 25.99903517807473 -1054.3931207718388 2342.175735309223
39633463535469643 36.023227217266474 -1174.1460708128711 2780.2979473256087
39633451376182492 14.129698490933052 -1048.4208083635922 2320.2895313787717
39633461153105966 28.261182041050525 -1031.4793696703784 2410.895413362783
39633443771908326 -67.53403529329422 -1661.4475532016984 3570.8155391001237
39633461148912441 24.09008940424833 -1278.593432147201 2971.287818661035
39633443776104912 -31.73755948413559 -1267.425161490731 2731.812948541356
39633458741380567 12.424980972144466 -1376.2983768450933 3160.3404806707003
39633463535469670 32.456982687639815 -1055.6922183955514 2496.47725106878
39633461153105961 34.05639463418922 -1243.1519636019036 2904.4912568250593
39633458741380412 11.871962348893394 -1382.739967838848 3171.1363262829464
39633461148911897 25.828568936422474 -1489.8516972098025 3449.779969807277
39633456287712595 -82.21879196879632 -1616.4811812468176 3678.1557421909934
39633456287712413 -79.47714370520129 -1547.3360063716234 3522.007617308017
39633461148912565 22.189051710064753 -1156.2522101660988 2696.829956921768
39633453855017260 13.118598914027475 -1203.4108916062619 2696.0549182535274
39633451367792795 -15.367109101431684 -1503.261720795885 3325.446832187547
39633468203730239 -14.377894477768631 -1118.731948484161 2695.989681156797
39633446347211994 54.34783430418951 -1857.5137099078638 4010.8083476926136
39633446326239563 -35.54693167083026 -1411.0745647999026 3065.0638370234547
39633451355211684 -48.2694382889481 -1290.231986857802 2859.636430247698
39633463535472448 51.57222756759537 -1347.2768502052977 3161.306298908814
39633468207923505 -6.77264854468855 -1420.5339771686106 3419.137950668248
39633468207923527 -6.2478931511918585 -1332.900022070398 3208.2031608071316
39633443784494761 -1.9734739160856174 -1312.7822568770816 2816.8591755973653
39633468207923548 -6.154083882657055 -1334.188992670199 3210.876695411219
39633463535472476 48.58784896091908 -1267.8970598759445 2974.305863930997
39633463531275456 24.285270586500335 -1196.7704091900048 2811.5774375927417
39633446322049288 -31.097250613973223 -1153.1099777798463 2498.4743011329588
39633446338825911 19.27763229295339 -1416.007955939143 3089.1497609349417
39633441213386239 5.9972626285818205 -1948.7823746569977 4126.531891019374
39633446322049242 -48.99766451655073 -1810.610922382304 3924.9072057171793
39633458749769891 44.86385752075338 -1362.9190922993487 3128.6043680421585
39633458749769815 42.77781334438308 -1305.87765424649 2997.6263981470693
39633458732991869 -20.817845505085714 -1601.8590555664543 3687.829420101044
39633451392960215 101.06029749701304 -1770.299419224343 3935.0737850534647
39633443776103485 -46.76218959163181 -1648.531174252764 3547.778170483568
39633463531275509 24.34390985471793 -1189.6797407655422 2794.4924750123414
39633453825659262 -81.0647855945399 -1380.1176530023727 3090.1948763709383
39633451359406566 -34.21654549112278 -1385.995933859205 3062.343856635828
39633465875892514 -5.16714405992674 -1286.4963582690382 3063.704221783232
39633451359406537 -41.68571947257503 -1680.593655262426 3713.7441890950677
39633458728799762 -23.453319161750713 -1296.9943946612934 2972.8106699111045
39633451355211340 -41.46802296708491 -1082.3711423770778 2404.984351000068
39633461157302010 73.57714075834807 -1728.3834821687083 4024.2508825970112
39633451351016163 -70.83432438612273 -1381.6831366499177 3059.667801338705
39633463510303833 -49.262022478154165 -1357.3761024579385 3198.687455738189
39633451351017070 -79.14851094694478 -1608.4150432183753 3564.286982836707
39633465875892585 -3.7916027489739865 -1004.8496939091029 2393.794186754776
39633441213384743 -0.5005867284003854 -1582.133701591537 3366.5844708142176
39633443771909397 -47.61531702419188 -1250.0514657241852 2676.7033466321327
39633443784493002 -10.278042953901673 -1809.3885086215992 3895.0493326861897
39633448842825929 -67.3912748565461 -1391.1463668025592 3060.356945413209
39633461157298254 43.180505026231316 -1306.7281650260443 3056.0535210598505
39633441213384420 -1.5307725259604312 -1583.3483460663315 3369.417090754228
39633451380377430 35.90086875358487 -1404.8856905848297 3130.745404731968
39633443780299420 -18.108328983766043 -1228.3876296852868 2626.6705962267038
39633461153104202 27.27601417306017 -1200.1628751448193 2800.9563687371965
39633443784493455 -7.429437596733163 -1617.0624474182812 3460.09705955327
39633461157298504 51.27945520280045 -1525.5859079335203 3569.1230533111434
39633458728800137 -30.66620630152575 -1778.4910720650473 4099.336100966378
39633468203731376 -10.852153793541818 -1174.3714039876268 2820.5044313159424
39633468203731474 -11.386115379208915 -1285.1899308101547 3087.463172640985
39633456283520396 -73.9909527847841 -1316.5583574363918 3012.861287681377
39633451359407044 -35.1611643693959 -1507.4653593596988 3330.430160284584
39633456300295539 -26.419525241112037 -1441.8631599747516 3269.7748059002574
39633451359407016 -41.77419779981265 -1784.8509141971551 3943.3812950403662
39633456321266263 48.43347793872698 -1424.9197767646897 3231.066287276995
39633451359406887 -29.69289626124177 -1248.2933337686745 2758.9588706855766
39633468203731468 -11.420136557997855 -1284.8937127997026 3086.6892158352466
39633443771909271 -55.97981686149653 -1459.2219981072362 3124.8804557237468
39633453871792284 64.01079654449875 -1325.7076097435622 2971.6880954646435
39633446334631590 4.173488992708456 -1202.8002753809542 2597.4676181652385
39633446330436993 -12.751927728201268 -1717.4628079349498 3725.9120619696396
39633446330437055 -13.83263649683885 -1908.938637711355 4141.63597880227
39633441217578448 13.466750699814694 -1543.8711928966457 3276.8374569182934
39633458732991093 -25.93481233920647 -1750.6812274256722 4045.1321473566127
39633441213386669 5.260220358260192 -1294.1139498214707 2739.960556951389
39633441213386690 5.859406631108873 -1428.253986278627 3025.691425474462
39633443792880863 20.4087472147807 -1574.5515303739821 3382.978552046056
39633448880572980 53.85984209684246 -1249.6839029554865 2750.98276081981
39633443792881079 21.119855584245972 -1556.2673887398814 3341.228655158955
39633443784493145 -7.449799869893496 -1395.0915837512323 3003.452839637861
39633461148913150 32.11928338177071 -1539.878454353434 3588.6351919909007
39633453829853124 -57.504859581147365 -1149.341927053881 2572.885176833425
39633461148913155 29.9839298510768 -1436.8657618122136 3349.26131309259
39633446330436573 -9.983468356042605 -1185.773969197685 2573.260582120178
39633448851212991 -45.69917157813595 -1504.4175135160506 3303.94835548351
39633448867990564 18.23007172997773 -1470.1302334443924 3214.3345651532795
39633461157301602 54.442414481240924 -1310.310873437206 3047.344865460941
39633451380378334 32.49818531475938 -1164.1156142037216 2576.529135954314
39633443784494476 -4.0577289741866585 -1844.3655947001753 3953.2735624901816
39633443797077493 40.74086252423672 -1411.223823174924 3016.636744744479
39633458753964933 54.64798907504022 -1178.5403936653593 2722.633692040775
39633451355211763 -60.57958635202009 -1627.2024850690473 3601.584709978935
39633451367792695 -18.981136748511513 -1813.3234370757177 4008.7773378730103
39633456283520546 -89.53217600095851 -1604.2482310794462 3669.972076485569
39633448859599149 -26.76658623529242 -1797.4435246925825 3922.1767029731222
39633453867602001 52.30581200446804 -1094.466393857436 2452.2638883676946
39633443784492888 -9.23942995232329 -1564.0723627728744 3366.5422491162813
39633448851213789 -40.979233365699606 -1429.2269356761344 3143.6438651482376
39633446330436195 -13.451784375445635 -1426.3075779072876 3087.6946325613917
39633446330436264 -12.920186897489923 -1397.309636917686 3024.173598009499
39633448851213401 -41.28532168384184 -1399.7143450899655 3073.689982151722
39633446330436427 -8.94557361369841 -1013.6383966776259 2193.9311197939032
39633461132132824 -53.847777493857365 -1690.0681827796652 3946.2639732220127
39633451384572261 62.521659966414106 -1664.6037222535692 3685.3088049411645
39633456296102605 -38.37741783080467 -1553.053202515145 3520.1374740217575
39633448838628891 -96.56339150094206 -1502.8255400797066 3313.4187812319974
39633443788686383 3.3904418553141755 -1571.7075971121633 3364.1051355103177
39633456317072495 45.38364284819829 -1849.2265708539178 4221.668869554215
39633456283520339 -92.22090649035808 -1636.6970523308305 3746.691043005036
39633465871699298 -15.610492259510865 -1266.6177309658942 3008.890439578187
39633448863794390 -3.8811161743850575 -1570.1790084046238 3454.072281898908
39633448842822702 -87.34557179413495 -1578.7102158867617 3454.8920949805956
39633461148910784 18.18346759579371 -1275.0751507067346 2951.9596695589075
39633448863794921 -1.511662721143916 -1185.0989626104554 2601.2234595836253
39633456283520351 -97.69623416412266 -1734.9156210982167 3968.8557851950854
39633461132133561 -50.57371916909967 -1688.4665204637365 3946.6042788153295
39633451351020071 -50.14101166533265 -1183.7896288126778 2643.4693037196935
39633451346823006 -85.12587459625522 -1440.7305195652707 3205.3152188347776
39633458741382414 16.97366390737601 -1191.5958899399197 2747.2855957748416
39633461148910509 17.801850881668056 -1321.6273245557272 3060.3606640814573
39633448872185035 32.08491768269311 -1370.744457978604 2991.4282431532356
39633451367796145 -2.079299213989811 -1160.4861593902874 2582.2734779914413
39633456296100552 -39.151494533671546 -1285.956250452238 2926.460566597753
39633443788686523 4.0476985198544675 -1662.5863033815065 3557.3303050700847
39633451384572300 59.54692194322419 -1582.4497355557205 3503.321835298084
39633451371990208 10.560122793916527 -1234.650152215373 2744.9302056763277
39633451351020079 -50.066423551905686 -1182.6109807027242 2640.7087854665183
39633456296102734 -29.353436234249575 -1205.0871243808408 2732.8188934592977
39633451380377435 41.388356049825724 -1618.5707843501857 3609.0124750932637
39633463527083787 25.81109063228369 -1587.6818541015234 3723.9737132024025
39633451384572161 58.6522273286469 -1572.1528483633667 3479.267314961503
39633463527083747 25.5838210565341 -1584.505067847608 3714.789276762906
39633461140523824 -2.238906232214454 -1267.4147867119168 2959.545395900485
39633443797075614 39.580144827315415 -1626.7556934416275 3490.461235518536
39633446313658213 -99.59312837757867 -1880.0940678393506 4098.787452225334
39633458741382341 25.33498402564764 -1807.3931253847973 4171.007128090298
39633438612917554 -3.544972202945423 -1621.9855909321789 3413.398083157309
39633456325461727 49.468831378865985 -1037.3130754198635 2367.961686703732
39633451380378295 29.253136159253405 -1051.331069954052 2322.7427364220316
39633441196607643 -68.49738307088451 -1677.5498846821008 3568.0469822570562
39633438612917873 -2.133589298009119 -1466.0118212474047 3086.0950365647577
39633458737187061 1.2008056017969724 -1032.9451710119656 2380.0819588714003
39633461144715991 2.421374886582942 -1151.6196537544467 2682.141521396723
39633441217578316 13.39160058026268 -1598.0037683928883 3391.1297130787398
39633458753963306 49.28970801663273 -1181.6048559436256 2717.524991434958
39633458753963374 60.39950449027584 -1441.545888083876 3315.3204662237727
39633448851214573 -50.173312140004775 -1853.7514413507108 4080.6962105530615
39633443797075752 42.29358345834894 -1717.7801289614697 3683.641352948468
39633453842435073 -26.589948960001774 -1469.0380294218778 3309.868440283581
39633448851214311 -48.4697694707448 -1758.749640640718 3871.0887373282812
39633458737188455 6.400579833169516 -1276.4593864536544 2943.8023090588467
39633448876378980 47.826770590946495 -1426.9708742161333 3144.766830916596
39633446334631466 5.033714768235416 -1591.1021085518912 3436.106812823511
39633446313658116 -65.21652898873715 -1226.8977950875408 2677.859147508807
39633451371990133 13.658400326188445 -1630.8074776150077 3604.5065021147834
39633446334631405 5.5844974130646445 -1838.6120667009245 3971.1009460820105
