data/coord/ELG_18_clustering_data.ecsv
# %ECSV 1.0
# ---
# datatype:
# - {name: TARGETID, datatype: int64}
# - {name: X, unit: deg, datatype: float64}
# - {name: Y, unit: deg, datatype: float64}
# - {name: Z, unit: deg, datatype: float64}
# schema: astropy-2.0
TARGETID X Y Z
[from data line 10872]
39633402701287382 56.70566458545757 -1637.9644462812546 2989.125427136462
39633402701287454 69.34687315132288 -1994.2007067121758 3640.495423372894
39633402701287608 72.98452867066779 -2082.5308427624677 3802.5898023439063
39633402701288047 67.37057343129335 -1871.878625331879 3420.7270012697622
39633408489426135 62.494351448050914 -1332.311263726935 2485.6075207333433
39633399756885483 -9.56138764500008 -1795.1925197038622 3228.0811907097595
39633408489427114 73.76310621038239 -1516.9527915035726 2828.9823948133803
39633408489427031 68.05772112408496 -1403.7379259931258 2619.233397953145
39633399748497351 -35.90140655431572 -1546.7950819952746 2800.9681321169214
39633419780490546 80.36537583153391 -1607.0470131341924 3126.1407907294433
39633419780492859 68.51348478699957 -1243.0139820472143 2411.619882794189
39633416953529179 -47.13278977999865 -1314.7642427542437 2538.9809904738936
39633422523565139 -2.6295921253163717 -1171.7550506275786 2289.914884046829
39633416953529601 -69.98083019707757 -1991.9149224172809 3845.2452799080315
39633399752688181 -37.12819722688304 -1741.1685797527389 3152.9754856262302
39633408493617855 58.51211771526285 -1127.1731205472754 2109.8236426976246
39633411349942674 77.7461645969316 -1408.2278988984583 2661.3159454402453
39633411349941789 102.2276691370916 -1920.8354787215017 3613.069135953179
39633411349941838 77.613719438689 -1454.695345604234 2744.6482773991784
39633399765274206 17.074282206420218 -1408.2419807031465 2543.862402788351
39633411349942118 72.03071349707288 -1334.3957724591608 2509.887373545604
39633408493617284 67.2025863630208 -1326.174560027432 2481.7209625272185
39633408493617263 94.05323447979934 -1858.219004160955 3466.9445104550155
39633408489427871 96.73703554349747 -1929.7465983251127 3600.9099006773995
39633405607936220 72.84096760218542 -1762.2003664644928 3244.1367935814305
39633411349941530 86.95579598416552 -1654.0603995964893 3107.357412854163
39633405607936135 62.28826403468925 -1513.2753563588035 2786.0866604756015
39633414185289408 74.80320420842978 -1367.700222032121 2614.3656286273053
39633414185289770 87.34500218235367 -1578.427049394095 3017.3490599112383
39633399752687881 -30.96651966387152 -1414.5013609302844 2558.815041270184
39633411349941539 100.97531045470997 -1919.806387782458 3632.8013948105936
39633422544539938 86.01840413709891 -1639.9525640892482 3224.1208323939372
39633419755327435 -0.5108813727558351 -1767.699072387816 3431.5528201280267
39633411349941450 75.67677234609543 -1443.9375449892739 2713.6815421988927
39633419755327163 -1.617028389514734 -1651.402580240316 3202.7245650700506
39633399765273371 17.871779700805334 -1709.8045135394186 3088.3299304198367
39633419755326718 -2.9524826748932775 -1406.2662363843551 2727.0573672831533
39633416966114079 -7.3527818068776405 -2108.727818932148 4062.9878680157835
39633399765273673 20.47493982756302 -1862.4055182522013 3353.981061900266
39633399752688642 -34.16513155050486 -1678.3393874516637 3031.703119383017
39633405607937603 74.91561211750748 -1713.7401252395614 3148.24128738992
39633402705478163 72.17473657283469 -1937.8232739030857 3536.6632016959916
39633402705479279 51.62619382315944 -1298.911956120262 2378.946792589385
39633402701286750 49.148465704276084 -1475.1775338578618 2683.7818869473795
39633408493618027 99.91304963739523 -1909.3810239999334 3569.80030159121
39633402705479628 56.24751248116722 -1387.944471013019 2544.5619285275325
39633408489427573 90.03928239084786 -1817.3048384191766 3378.0794225028453
39633402705479418 74.6379218147939 -1864.0470168232926 3416.2231324153104
39633402705479452 68.5673944773359 -1708.5619669491564 3127.013086109603
39633411349942376 78.86531546120402 -1445.0305685571495 2718.862688435234
39633402701286384 56.59469009930188 -1734.7428986537598 3153.4285816771267
39633402701286549 58.75593593912042 -1784.2019313651472 3246.3836531618417
39633402701286614 64.24876563900652 -1943.0746036694616 3534.4953674141907
39633402701286311 48.03304442829665 -1479.106812616342 2687.2784849270365
39633405607936523 65.67066582572758 -1567.2333959804112 2880.933024607102
39633425287611827 66.82701128474181 -1294.0643997845823 2557.093817888237
39633430673096795 0.20586535931809485 -1662.8972491551285 3379.724564721471
39633422544538193 99.91567515575336 -2051.9902364331533 4010.483574571307
39633433340676012 -9.280576983638607 -1816.287947894774 3706.691378992952
39633422527762141 21.490661783733625 -1582.720765689539 3105.3039883244087
39633416970308382 10.10903052772612 -1545.8879020943166 2962.0431714005986
39633433349062817 20.89023063701316 -2034.786973413883 4155.182754709652
39633433336482238 -23.293324694244976 -1715.6493270803157 3529.8066589976215
39633433340676017 -8.720066196489249 -1711.0822052104822 3489.2413711932236
39633433344871873 10.327949749203444 -1389.3118473056845 2842.121617227082
39633433349062825 17.784057516313744 -1729.4691517719039 3529.5489117690754
39633408460065104 -24.428542980939888 -1374.5567179586988 2564.792410480548
39633416966112619 -13.63155371300724 -2098.5126119396696 4012.2404351793402
39633430677291098 16.02292782315239 -1602.7396084253257 3267.887911588815
39633430677291071 19.789186672647556 -1991.7547071240947 4061.3417621776603
39633416991279504 81.33812221568641 -1572.20351229824 3018.822245637737
39633416991279278 89.44916681876845 -1747.3015312232894 3365.102575047032
39633433344871974 9.274562188861617 -1204.462156503134 2471.0138762661945
39633433344872064 15.064474956922405 -1906.1989358972644 3906.9541519754007
39633405607937529 95.38711137192539 -2188.4458238491397 4050.1277936978527
39633414185288249 72.5500938382789 -1386.5007673318544 2638.199007079487
39633433349062934 18.171629905453493 -1726.2283943333791 3541.897585199194
39633425287611751 93.02009262938029 -1808.0742210254102 3577.5641773641137
39633425287612756 73.4535618194588 -1358.812227278215 2693.534991396881
39633433349062823 17.76809432827282 -1728.9257178736989 3542.1008096481205
39633433340674088 -16.832631399228408 -1706.0665107458722 3505.543602523231
39633425283419297 80.99206610729462 -1758.5250052302267 3502.580785891198
39633433344872244 10.145140914155299 -1218.477227652275 2504.9613260287
39633425287611710 77.74462417222043 -1513.8396344485138 2998.3656569159466
39633433336483561 -17.945338552968263 -1704.0303754312977 3501.3418751519403
39633433349063089 22.054757603050295 -2016.5835906351915 4120.550452382316
39633433344870064 5.569019369431584 -1667.0606692392455 3426.6258207962946
39633433340675498 -10.630175138484653 -1633.0204535679686 3358.260390283129
39633416957726666 -33.84074398924384 -1616.4309436806375 3092.097328153444
39633416957726692 -30.252089166068252 -1449.8957577899935 2773.7726514510573
39633433344872577 15.614488940404257 -1730.312120897282 3543.484255476441
39633422548730322 96.25473135250722 -1794.316329112309 3538.3203813033565
39633427997132934 62.95604595414113 -1593.8949532751276 3216.2031353106336
39633419780493473 76.02542599997385 -1346.8057023201395 2623.401340491031
39633433349062753 19.320430597050454 -1915.4651099776138 3918.4260567321285
39633427997132738 66.446463840781 -1702.7521210500174 3429.3344736368285
39633433344872891 10.95365604430717 -1126.7067276213606 2301.5523419176498
39633414185290737 86.00016645586244 -1498.0216225601098 2864.939376490548
39633405603746334 62.58548439101703 -1559.938599081631 2878.3333418116117
39633425287611445 63.70571534985689 -1256.2718090554383 2491.671782575507
39633405603746163 60.50950332553865 -1521.637384939013 2808.6243805364834
39633405603746175 85.4744533033926 -2148.27817317653 3964.714646631146
39633405603746559 63.85062190653247 -1572.5210929702782 2899.1595073202634
39633433336483821 -13.661689873196181 -1370.0650327760286 2813.570723462085
39633414185289206 85.87643536821567 -1580.8627238832362 3023.566056820522
39633414185289719 87.46948075057317 -1583.6528125152531 3021.2534985216616
39633411349940888 101.12217816809606 -1970.6841067615194 3698.4923099919533
39633414185289426 83.09292071609887 -1518.3872393566212 2877.021507265959
39633411349942204 98.12260436095279 -1811.0377403614316 3428.3491716974813
39633414185289322 98.17570910426215 -1800.1653432225955 3410.162615978539
39633419780493289 75.80918788776717 -1352.4158039920133 2638.7539341466327
39633427997133763 67.3391272369364 -1612.860957921265 3239.986153805323
39633419780493535 113.92771941085832 -2014.527092569802 3933.708517136038
39633427997133019 42.5383706673514 -1071.330155357887 2155.3887445063633
39633422548731069 96.48301480007518 -1739.9187694667914 3415.995276096979
39633416949335560 -64.73886167199423 -1482.4754017214611 2860.9860603568814
39633402676117648 -45.43111391338225 -1689.897209502342 3067.3409701926626
39633419759517838 0.44114355234167674 -1270.0894255720505 2465.278992557588
39633433344871896 14.338901286340047 -1914.9421746006203 3918.9126743558736
39633430660515446 -35.13245266758155 -1360.44991419574 2761.450838304647
39633430677291430 21.736050464939886 -2009.5280480437957 4092.48314610638
39633430677291285 11.0252294252943 -1052.729320440249 2145.321813451732
39633416991279728 100.8119352468289 -1931.5994021778665 3696.446523149823
39633405607937934 62.57877612562168 -1412.078719611885 2611.9436221166416
39633419780492121 78.81901030740235 -1471.6999194783284 2857.3660794459506
39633416966111432 -18.179925091078736 -2041.4462330234187 3917.5002427138866
39633399773661241 49.12770580175888 -1892.0765719581545 3429.0868977112987
39633416966112920 -11.703043889465821 -1968.144793487998 3800.055830756632
39633399773661269 43.758145340208024 -1681.1234606761857 3045.5270133543163
39633411349941955 85.23106997627526 -1590.5270989267183 2990.1093118539025
39633416991280491 87.31772526210666 -1623.3390683154546 3117.4879842667942
39633427997134351 76.71119343424208 -1775.3205351199767 3576.48099593076
39633411349942693 108.07060059874433 -1956.6434704812646 3693.044580042753
39633427997134042 76.77909637313607 -1807.7182607541315 3646.6394736604007
39633425287612809 105.41370976247474 -1945.6239041492759 3849.1729745492767
39633405607936929 72.78553600673155 -1708.911282928883 3157.2111573629645
39633425287612885 99.91584020270977 -1837.720027673921 3638.3295290292226
39633399748497350 -31.83137973651735 -1371.2698073350964 2485.21802478581
39633411349941643 107.44943411597436 -2033.4250080433203 3818.438257171399
39633414185290778 90.86037671370033 -1580.3943376678708 3021.618242170329
39633422548730468 99.46524254804618 -1842.6153430054746 3623.605116856725
39633427997132444 53.53583420103899 -1402.5529516635033 2826.1094153946747
39633411354132807 115.89111232850865 -2062.323409744641 3900.3414556830016
39633399765274785 19.625140308976302 -1484.2004837839036 2681.3760162239264
39633422548731549 114.474843084329 -2027.7544926173593 3979.4964676165037
39633414185290074 76.51620877503906 -1367.0174870979824 2613.7128571053645
39633419784684003 122.65576807980544 -2123.342811121686 4128.997868716326
39633411349941914 77.54432171084969 -1449.5237427835068 2718.853230020381
39633405607936395 60.61209880876436 -1454.159815970794 2681.204689411336
39633414185290996 84.30709260883093 -1454.5942277161948 2769.4734367995275
39633411349941087 83.64543751264932 -1618.3416784378576 3037.317267396663
39633408493618090 68.67491273792778 -1308.9567197832662 2440.9081007743507
39633405607938018 82.18105802393457 -1848.1927731336023 3400.5900135071424
39633411354133127 97.42971427479462 -1709.378868417865 3230.6540412206577
39633427997133749 72.89748029265347 -1747.4853958926064 3513.242309921045
39633427997134086 86.0091190013143 -2019.1192223304076 4059.219405127794
39633419780493252 99.8052846423093 -1782.794988321883 3453.93742323646
39633433353259151 44.25752299317622 -1772.8568806976268 3618.8619880436227
39633433332286819 -43.46207547222136 -1653.2926188406066 3401.3716353570217
39633422494206029 -102.4122578263439 -1537.4363590594635 3018.667031503195
39633430647935339 -93.23372606454365 -1863.17914625957 3789.2901115364107
39633419725966185 -117.45126601594768 -1699.0372440799426 3306.066581090401
39633427955189831 -119.14533415389869 -2039.888843212512 4097.304502280715
39633422494206720 -94.14382309678825 -1449.789152739791 2842.225131175303
39633427980354683 -4.233522714482812 -1773.450572946447 3543.1088164873477
39633427980354522 -3.846279676241149 -1359.2863130719873 2715.536478525478
39633433344870544 6.674326903544236 -1519.9769005178046 3103.1987133356415
39633419772101969 63.19329478086078 -1987.9428727344261 3844.568612957067
39633433344870972 7.173549591916187 -1354.9842075584497 2766.6716106363956
39633405578576113 -31.10619051307484 -1393.9810455393438 2563.9456343653424
39633433344870936 7.9572817573299375 -1520.736009698687 3104.9973878704745
39633425266639012 0.6764676554333886 -1777.7772799984987 3513.171167282797
39633419776297099 86.59096788320817 -2022.7306920954106 3932.2799801160572
39633419776297994 74.12430645496619 -1652.5249732170332 3212.2779841111287
39633430668904969 -9.206557190838492 -1840.2481116874603 3732.1558479501387
39633430668905310 -7.416744326309202 -1684.2150477129871 3413.384651193389
39633430668905370 -6.681615585725075 -1565.4157214136949 3174.589684093768
39633430673099829 11.555258415879052 -1670.7973561229596 3374.2515923532665
39633419730160825 -84.62192294887649 -1420.1163417326045 2764.4980736740667
39633427988745179 24.238964114491782 -1128.2554545740393 2260.717816552145
39633427988745129 40.64983576822875 -1901.7348320531933 3809.7300086325426
39633427976163448 -9.524145221448823 -1689.0561248738725 3396.318080540244
39633430673100038 10.090813912390207 -1363.2355612274414 2751.1087783856237
39633408455868718 -59.954039429489455 -1908.4200073313434 3563.0007153763913
39633411312191709 -63.00710798218356 -1978.940184532616 3718.175574878465
39633414172708769 65.2872244493026 -2057.1753919361586 3905.8446235104443
39633419772100703 39.13490833394961 -1366.6190159041935 2649.3152715878723
39633414172708837 51.42513111808841 -1614.6231542578857 3064.8957585357034
39633419772100630 48.74399674746025 -1715.9130724132074 3325.8830849903097
39633425266639100 0.6825023778124287 -1147.049159278357 2265.3451995595656
39633416982890737 53.038394355869684 -1583.2895558085788 3051.7314981404948
39633433344870055 4.842987906938792 -1461.372316727101 2985.6482300804028
39633419776297516 83.6509236224839 -1907.4999908803425 3709.60252379452
39633405599547529 31.751411533427937 -1384.4129180474263 2550.1265679354556
39633416953531601 -41.69605371613612 -1354.356715642932 2601.1001077615083
39633427971968264 -25.81842729251382 -1501.1396965400975 3025.5857102514988
39633419759521186 17.283934507732372 -2118.777397134923 4112.576700802595
39633422498400180 -89.30149269853948 -1550.2241167795617 3062.859632611967
39633416945141645 -92.88013197184314 -1760.8622569796607 3373.6055158712134
39633408481037963 58.658380577515736 -1933.948344846235 3585.4955199767005
39633416945143267 -64.39151044110586 -1304.3255769481493 2521.583886731253
39633414155928415 -21.92223911505127 -1740.9739186770994 3322.977441658886
39633419763712326 12.619302684868758 -1248.5025139076167 2426.9536243641537
39633408485230422 75.9085907736553 -2146.468484480827 4014.2190803611616
39633414155928714 -16.281760067346326 -1343.36298118815 2565.635401466635
39633416953529380 -50.65679245777626 -1427.30408796118 2750.6176767955253
39633416953531337 -60.6829630730579 -1939.1820834541184 3724.446792358352
39633416987086901 70.176465998561 -1491.3247165138403 2867.5264291728577
39633433344871186 11.151137054509265 -1936.8986631092764 3952.1434577004015
39633433344871165 11.092391670307027 -1936.612410413268 3951.2971708042055
39633425283419353 81.30271458855093 -1760.5914075809508 3491.1292642637272
39633425283419415 64.1055471352242 -1383.5185302711145 2744.239410535704
39633433344871102 10.417521661497172 -1858.3911091316852 3803.2304067368896
