data/coord/ELG_5_clustering_data.ecsv
# %ECSV 1.0
# ---
# datatype:
# - {name: TARGETID, datatype: int64}
# - {name: X, unit: deg, datatype: float64}
# - {name: Y, unit: deg, datatype: float64}
# - {name: Z, unit: deg, datatype: float64}
# schema: astropy-2.0
TARGETID X Y Z
[from data line 7619]
39627933039465307 -2625.9169562280927 -1551.1748370731666 326.87164417950436
39627890865736369 -2586.2066689747867 -1415.277962128721 224.12983140982374
39627927008052845 -3809.3895591789133 -2150.467421459507 443.6378723783381
39627927024832567 -2381.493593941753 -1407.640582527755 280.53534128007584
39627927008051937 -2932.057028571099 -1652.1368992714126 334.8337372994074
39627902962107386 -3634.954592835151 -2216.6830966254215 358.2670426521352
39627896913924811 -2646.098107436911 -1530.3272643602645 242.2519994687226
39627896913924864 -3559.335941826671 -2058.6430738560525 326.1267218188818
39627927029027479 -3003.4289301172207 -1793.5724620313695 356.97389575924325
39627927029027529 -3229.3605511923965 -1928.6957343419442 384.37043315987034
39627884876268987 -2715.299761299936 -1637.822525051042 227.843819824258
39627920993423150 -3716.870847723004 -2107.3019885825547 419.79022382316083
39627884876268913 -2681.646845745359 -1617.3189659734496 224.99366909846222
39627884876268841 -2144.9466000432903 -1293.4824137571857 179.40157137289953
39627902957916272 -3447.970456449245 -2093.940720828184 342.8913920881454
39627920993423282 -3334.4230239054364 -1890.9129134668256 376.24535028694726
39627896934895037 -3667.1742393565355 -2224.8598634390337 336.4953349910426
39627927037414162 -2875.8764004388386 -1745.5600110663506 337.42408950778935
39627927037412365 -2245.361442961425 -1358.5266998951033 261.19501497370317
39627920985031296 -3473.294591774838 -1917.2525823066262 389.8461077547029
39627878819696059 -3841.958093096696 -2190.4882630378634 299.1990404464903
39627884867883633 -2715.0557324698143 -1615.2294184085804 222.08938167297435
39627884842718411 -3568.885971525526 -2000.331773875932 277.16428463468566
39627896897143515 -2691.0717733981887 -1483.532852961416 238.26576793409106
39627890865735821 -3599.099441882971 -1967.0866063935573 313.7850172891006
39627927008052867 -3812.5328375996255 -2152.315319192632 444.0384653701286
39627884859490450 -3094.2299532965276 -1789.8567380145644 252.21124452131158
39627890878318812 -3394.732281244996 -1914.2313172121621 291.85266111580466
39627896897143511 -2521.8273350460727 -1390.223539552812 223.52449694651784
39627902936943596 -3638.5279579274843 -2098.8664322318323 345.7772714802003
39627933022687161 -3341.4955343074666 -1894.4301509647164 401.1516324665249
39627933022687164 -3418.847181728312 -1938.2886635892085 410.2110289968612
39627884859493818 -3508.097380335522 -2042.7461131950352 285.41471048976615
39627902924359875 -3620.9661649105274 -2025.1565418568923 347.0310086025741
39627890903482776 -3676.5366273399995 -2192.997390461631 319.6418965853915
39627890903485975 -2784.197453900482 -1671.0011987236069 238.8798273951125
39627890903485609 -3817.4808183379655 -2289.399298396113 328.05990111789754
39627927037411602 -2702.4577979541195 -1632.9484689646679 314.926370684357
39627890907677572 -3584.17817003829 -2160.768114560295 302.4062752200378
39627902936943762 -3021.882887554327 -1743.7188452856992 287.32293366133797
39627902936943847 -3402.9529932180035 -1963.851510361072 324.51872349564076
39627878828086249 -3585.1646976729894 -2094.2203370438674 273.5363053395339
39627890907677633 -3473.0462780282037 -2094.0620315144065 293.3943761561543
39627878832275941 -3421.335257576769 -2000.6312888163957 256.65883115498156
39627920989227619 -2726.1798576500782 -1525.9998511457197 295.1461010892764
39627890907679731 -2929.217615172797 -1773.3011550965423 247.18628156385827
39627890903483535 -2707.547140556285 -1617.5068133447014 239.5842315354887
39627914982984085 -2622.5167356387733 -1511.5347710990998 277.48685214113186
39627890907679678 -2514.2215411994484 -1521.8990074625872 212.07942633196396
39627890907680039 -3579.3525652046824 -2168.3792935619167 303.7328887230822
39627890903483686 -2533.181699120893 -1513.8724479675025 223.790217694298
39627872800868611 -3505.9885629592113 -2056.6193475611053 252.88577617044868
39627872800868679 -3111.1712029702553 -1825.24521110437 224.5626993398864
39627872800868557 -2328.6721765149723 -1365.8641020514376 167.86923657144237
39627939045705397 -2819.5547271519185 -1643.2055032962617 352.0669180696123
39627902957916653 -2505.622819506519 -1522.6775543176566 245.23538514970875
39627945047753635 -2682.8294425940676 -1546.120992898215 351.9270518297161
39627939041510905 -2952.86868194962 -1704.4145405069555 378.07405030097647
39627915003953612 -2465.532840389745 -1487.511609741765 270.00114998978506
39627878828083861 -3903.9314420628443 -2269.689496579871 301.9707889116222
39627945043562088 -2682.1963255132778 -1538.2217656796472 349.85786739419774
39627896913924924 -2858.3078448701303 -1653.355366260168 262.7692322104968
39627890907679290 -2793.35528988803 -1689.5500662112454 235.9768429528486
39627902945332770 -2138.4928842357654 -1260.1788687258863 208.70003069437828
39627945043562915 -2765.7098915564566 -1588.952612368192 360.05431487656955
39627902945332745 -3502.236465751372 -2063.694669662817 342.18562602229593
39627945043562001 -2588.715049192334 -1484.394548656568 336.76176791764055
39627945043563302 -2765.7986387251644 -1590.286139478634 361.17872928818434
39627920997614966 -2793.483492911153 -1592.5554673765807 315.4155496049967
39627920997614988 -3536.109554069452 -2016.027062739916 398.8890452953645
39627878828083918 -3940.490148545035 -2291.230456086872 304.73996634962435
39627884859493860 -3666.204272843222 -2134.949071178269 299.7978248936695
39627927003862067 -3705.5621252009573 -2084.1185415994214 431.0511719949019
39627927037411738 -2692.534384658996 -1627.3493527999042 314.0736489419643
39627908968352974 -3080.438870412784 -1814.6713566393148 314.3127108567271
39627927020634864 -2657.758637231244 -1544.1150803466905 310.8578662360413
39627896913925396 -2380.4889646206993 -1377.9878615427706 212.53928401244528
39627920993424548 -2366.188282248516 -1345.09792274947 262.8421806995967
39627927008052753 -3005.8342800687333 -1696.5656255179792 350.16482058807026
39627927029026804 -2857.9788653329915 -1704.4198350268641 342.33018208296033
39627902957914825 -2841.665093910995 -1721.5042570696846 274.2541233200473
39627896922308841 -2945.8696901021817 -1724.430764470217 263.1635641120849
39627902953720941 -3783.3029477778127 -2272.2099729574816 363.66223048438366
39627927024829042 -3067.869684608731 -1800.2984791482363 350.3615858198874
39627902953720580 -3822.120594377164 -2294.1967147613645 368.7627880231644
39627920997615522 -2953.217571899461 -1685.5263360048646 326.45174391538075
39627890907677322 -2701.175352270779 -1627.658507558575 227.70323573774743
39627908976740648 -2399.9147238560568 -1439.3687500777553 245.5753300153139
39627927029026851 -3383.484383121616 -2018.017701251459 405.0474605689582
39627920997615256 -3388.0194597187588 -1932.629190761412 376.383686770667
39627945051947313 -3321.167844883157 -1931.5249221622728 434.11268608318113
39627896939088338 -3134.1247008260116 -1917.645762638911 293.0897581378318
39627884867884117 -3955.292073590433 -2354.607806074257 326.284932364966
39627908980938473 -2348.398426949313 -1429.3143314209483 244.63023703380324
39627921001810023 -3137.17818798856 -1809.2430337770518 354.9266756084446
39627921001809786 -3110.1044592942753 -1792.8923564843892 352.2815552377511
39627945043561114 -2916.6046448733255 -1669.6118668199526 377.86463616068846
39627902936945618 -3749.6693252933383 -2170.589171349443 361.60411671462725
39627921014395427 -3793.766925699693 -2264.101494428257 419.4526705813927
39627939028929132 -2900.4510677721605 -1626.2727577984103 360.22761049719225
39627914970400878 -2644.0033619796814 -1476.7201469246631 284.16994814251774
39627921022783985 -2237.0630444406597 -1361.7739799674555 256.5588056942797
39627914991372405 -2811.0159680692223 -1651.2681682093294 293.88669421707834
39627927003861034 -2665.774112226611 -1496.4597605390534 303.5673648438119
39627908968350080 -3656.1159870301444 -2141.0611495635394 369.0321889478828
39627890895097692 -2377.90988419792 -1400.3771038016866 199.97317559991075
39627896922311742 -2727.7127562300743 -1605.4242767849908 252.3430726253302
39627872796676046 -3100.540485663638 -1808.7337757033854 222.01906691004012
39627890895097707 -3202.8230536726355 -1886.2222844894297 269.86870491254854
39627872800867585 -2739.832229797459 -1604.212526835977 196.53332407920618
39627914966207157 -3504.252959314032 -1939.2941541591333 375.1671889354777
39627872796676271 -2997.033923569536 -1749.0901795912152 214.96502709092385
39627902915971344 -3096.1301735530237 -1696.1584394075628 292.0254178249253
39627896939086232 -3658.316048569378 -2229.4200456695203 330.6872356052528
39627872796675791 -3350.4793745962556 -1953.609430896502 239.8725008190161
39627890895097622 -3449.8479457906565 -2031.3536154852352 290.16876175738906
39627921014391350 -3337.2771166833954 -1977.9283297680436 368.4603945265152
39627933031075916 -2832.397639870885 -1639.5798750073573 350.8384490469002
39627896918117400 -3900.5059986123115 -2272.5120681936023 348.6618555770961
39627939028926594 -2435.5463092476107 -1359.4280653523563 302.87472227320814
39627896934894532 -3494.003301818459 -2118.0756514166087 325.68021808265183
39627896918117452 -3225.0005390051488 -1879.1210610865587 287.87686789752314
39627933035268914 -2909.0597047586784 -1697.9217778965847 353.12294228911105
39627896930697401 -3649.001646430548 -2178.897129589962 335.9871663771399
39627890895098347 -2906.2997241085814 -1714.1411696599948 249.50408747375414
39627908955769192 -3330.6332004011792 -1899.8578676317898 342.96725084878193
39627933014299773 -3442.7850163018816 -1915.2555701702076 412.41509543177875
39627933039463894 -2909.026250506918 -1714.5142966767999 360.7506626674698
39627902949524743 -3959.3093571500413 -2346.412989248791 374.3823877729766
39627896922310330 -3158.1104767839947 -1853.8721977678872 295.1675206629814
39627896901338828 -3492.426371454346 -1950.2530479060106 309.43052285789554
39627890895097970 -2715.676357749341 -1600.2694416205786 228.42002742911984
39627908955768869 -2627.669528468782 -1497.8713588541732 261.87610700551033
39627896934894585 -3492.3821312493815 -2117.2840856006846 325.3757838095729
39627896918117798 -3404.9070589880534 -1985.291704855326 304.3872443854382
39627908938993702 -3028.332538005092 -1664.867204173976 302.2845208080182
39627908972547792 -3069.1094711122387 -1827.616699675139 315.6190230300943
39627920997615700 -2095.875902977516 -1196.6660372817232 227.19487496358994
39627896909729415 -2633.023452542199 -1504.7332411158898 242.00904389245247
39627939028926768 -3289.8188966154794 -1836.8164122464275 409.3472048969498
39627890895098141 -3815.5655901551017 -2249.25250001376 321.6445927794404
39627933043656185 -3023.463162151698 -1794.538734931537 368.83617231465456
39627933043656081 -2603.229214769438 -1544.8478502924834 316.7379529185253
39627933047849802 -3530.157400840155 -2114.402739925258 430.3359825162524
39627908972547844 -2647.6012969516164 -1576.8075137694002 271.2012130429885
39627914966207134 -2963.9876500181826 -1640.222204955897 317.7503025282876
39627896922310204 -3738.2064505344365 -2193.968745665652 349.4777006660123
39627933014300028 -3032.7897149247087 -1687.8646972751003 362.3080963602978
39627927020638928 -2639.25228098754 -1545.220546790905 303.2605566415829
39627933018490469 -2724.1190090808864 -1521.338847088973 326.00555987442823
39627890874124805 -3931.6751783173345 -2194.6151080047816 325.8958274914115
39627927020639191 -3389.6430987329672 -1985.5312924568384 389.0667321061259
39627933018491070 -2710.737027752871 -1515.4496550097729 323.8574314249777
39627933043655887 -3355.8170771607956 -1990.9070746376867 407.3967680930801
39627890878320333 -2823.699421980072 -1597.2453908547643 244.78211052061226
39627896922308740 -3993.342763378497 -2337.198327723243 369.06729902060476
39627933014299906 -2890.440333568401 -1608.3106811928803 345.738028640204
39627933022686532 -2886.952342477517 -1634.9421785929271 346.05659838851966
39627921014392956 -3068.1577163264187 -1823.4368431138198 337.5209798287127
39627890882512635 -2914.1627130361253 -1657.867870540428 246.03942348043867
39627890874124809 -2278.540297010436 -1271.8619180944931 189.5747509068103
39627884859493366 -2797.6907300026032 -1627.7283382899861 226.88695407223844
39627890874124749 -2691.5791609369 -1502.2235389171383 223.61781297254205
39627921022783630 -2877.351653938021 -1750.6494446434228 330.1938899110497
39627939033125748 -2968.057517819766 -1689.6114957215352 367.72923815116343
39627920993424253 -2648.688352633374 -1504.842435552685 296.7816367180342
39627896922310322 -2985.961931940256 -1752.7993847538028 279.8812036429302
39627921022783781 -3414.6752580826906 -2078.040308106237 391.7257490078126
39627890882512684 -2449.1641042610777 -1393.4537238211112 215.51528519306902
39627902949524624 -3225.9675008072672 -1911.294688860389 305.3204635681262
39627878811307357 -2543.7313169369827 -1421.883719022065 191.69485534088645
39627896939086543 -2842.4107694160048 -1733.2900510752006 257.1270515630188
39627896934895392 -3949.3219181101817 -2397.521958357967 354.59138686576614
39627921010202297 -3114.180531867078 -1843.4064019267491 355.8831168465452
39627878836473590 -3935.6080188361425 -2338.0135518922243 302.1023015247008
39627939037318856 -2826.6816906425147 -1622.419026423884 356.77411368731276
39627884867882965 -2543.5983763408835 -1511.6067971696077 213.0940021526262
39627908943185564 -2732.29409154732 -1508.8067085055288 275.04968310316593
39627939037318364 -3933.324679304938 -2255.5210536992954 496.11743149948023
39627939037318393 -2934.8217699249253 -1683.055926835675 368.2081795739439
39627902924359466 -3395.249549143045 -1896.9808441704915 328.44137032123507
39627939037318532 -2826.24226197775 -1621.2478304999354 353.44540453796304
39627927012248283 -2534.5182832876435 -1449.4393936120932 288.60819449939993
39627908968349920 -2459.795296594967 -1439.9990241100643 249.2913529942299
39627908955768427 -3491.8204309397074 -1988.7688580323186 349.38193915365065
39627908955768310 -3743.2586934169817 -2131.3913108388056 373.96393577943735
39627908955768867 -3229.749102176727 -1841.0761540966312 322.95783721352433
39627939024736607 -3444.4843699085577 -1918.1089413643338 425.96346222663
39627921018588824 -2990.782229547117 -1800.2811357424234 328.99753231042297
39627921018588865 -2991.7593767791996 -1800.981460502351 329.1392045999143
39627902949528357 -2652.406085096435 -1582.9689872653285 252.12975163851746
39627933035268567 -3764.858344654349 -2196.1113670890513 457.33864150140676
39627902957914727 -2537.404192053699 -1536.9434146397698 247.24810360754935
39627915003953393 -3756.34018903563 -2265.4582872983547 404.52355614007274
39627896909726703 -3585.5234941760204 -2038.7565562745883 326.9462172372339
39627896909726667 -3583.1140026253447 -2037.2300757861299 326.77005777176237
39627902928555775 -3680.1667152332625 -2084.0329086746815 350.72765585204337
39627896926506859 -3965.036343696376 -2363.89025742607 373.3302645547068
39627933047850745 -2903.7575137566523 -1742.0429776444298 353.4046961777467
39627902953718034 -2893.3585307719677 -1727.9946359819712 275.6208828724078
39627890878318684 -3144.9877674532427 -1772.931981809889 261.3188368536369
39627914999759110 -3043.43481187969 -1817.6310357009397 324.153038319114
39627902953717871 -3616.391114777598 -2159.1553780233467 343.99538696427163
39627902953717931 -3700.1442701277792 -2209.356892059193 351.8052109411232
39627914966206255 -2941.271272309955 -1624.5557818475097 315.01898350533554
39627902928555924 -3487.7678906242522 -1975.737875697922 335.8012569453971
39627908976743003 -2838.3712707862574 -1709.717748447818 292.62266412611416
39627902928556170 -3622.6283398134506 -2053.1862843597764 347.85694619352796
39627902928556205 -2560.47341838715 -1451.3189956420413 245.88178905274617
39627921022781839 -3462.864683378136 -2100.621959441355 389.4543947172631
39627902928556257 -3469.4813788247825 -1966.7699146181546 333.75738717730235
