data/coord/ELG_6_clustering_data.ecsv
# %ECSV 1.0
# ---
# datatype:
# - {name: TARGETID, datatype: int64}
# - {name: X, unit: deg, datatype: float64}
# - {name: Y, unit: deg, datatype: float64}
# - {name: Z, unit: deg, datatype: float64}
# schema: astropy-2.0
TARGETID X Y Z
[from data line 6538]
39633300985219402 -1307.9512751834789 -989.2072608882237 2223.5348921244345
39633275215415531 -1985.931115299678 -1449.9145310043452 3119.704006805977
39633293708099792 -1818.1398491361947 -1262.6130212586634 2944.8262833382737
39633275215415657 -1954.651715281663 -1427.836308652993 3070.314387529434
39633275215414662 -1393.7926765250909 -1013.4064764852938 2185.778990947852
39633293699712851 -1950.4453053802888 -1322.0900639674928 3113.364840636563
39633297369729471 -1988.1221239434528 -1513.9866312617119 3346.0710618365033
39633297369729515 -1433.9328928879324 -1092.2141478124934 2411.9547034340626
39633278956732572 -1834.6911894487523 -1333.7714632732682 2910.478841865085
39633293699712839 -1454.657489205821 -985.9764539055504 2341.938119093751
39633293733266007 -1390.6275516632318 -1059.944725803414 2312.629979681425
39633300985219018 -1505.0331365487157 -1136.4001338684252 2543.0118122332296
39633278960929650 -2274.5161873820716 -1698.557051423809 3637.657478932355
39633282651916399 -1958.495102712476 -1298.5261818165206 3031.312293601211
39633278960928427 -2133.2378060945566 -1585.0690147595512 3407.745436957835
39633278960928407 -1444.721408664232 -1073.3869158971363 2307.586349435826
39633278956732953 -2138.1225375459962 -1557.000056600422 3373.5331418369756
39633278956732956 -2135.666753232361 -1555.2264430654966 3369.77462463066
39633282651914847 -1412.8507855687212 -930.9003801343188 2181.1320113638135
39633282651916731 -1793.0714715392344 -1190.4802375989163 2777.1229193055633
39633278927375692 -1317.0064139138549 -873.3006692412761 2017.134157872382
39633275202831773 -1657.8399533772542 -1151.66357579598 2555.2215317447235
39633282689663629 -1385.7997731201287 -1045.5140569085338 2250.6428920114204
39633286389039147 -1442.5923208662462 -1080.0354552740962 2347.447641919307
39633297365532729 -1654.2651899822895 -1227.9318383259722 2749.472925935711
39633293720684870 -1197.613642114314 -878.383457093644 1965.8015687231368
39633278973510537 -1301.7257819125568 -1006.4038361471928 2107.3833502463403
39633282689665386 -1815.2636841366111 -1378.133037114688 2955.917461557142
39633282681276531 -1925.4408890132015 -1420.209946898847 3096.683362884359
39633297365532717 -1388.427543192382 -1030.5821936670566 2306.5470211503266
39633278935763580 -1790.8872528934062 -1219.8676987488248 2773.1659233708824
39633282698052153 -1424.8598639556462 -1107.1126372139477 2328.0492319277937
39633293720684956 -1349.244270087104 -989.9550551593794 2213.4857102072788
39633293708100027 -1948.651502419501 -1354.6793030909091 3161.1772938135127
39633282681276449 -1876.6474057522025 -1383.8290709111059 3017.539840440354
39633282647723160 -1734.782799368297 -1137.7256155322962 2670.452417853403
39633297365532737 -2190.7750929715853 -1626.227261215483 3637.639174456235
39633271448930975 -1472.734921767487 -1051.2633973165819 2283.1712182920073
39633286393234216 -1936.778535705961 -1476.858786567583 3166.7229203566953
39633297348757010 -1939.8006770353766 -1364.2803795582533 3177.941970364485
39633297348757091 -1868.7671347626915 -1314.955754785241 3061.050183237965
39633286363875784 -1743.1693298846496 -1204.476332209958 2772.3442578763743
39633304571348625 -1766.1270815959172 -1282.3811233789806 2982.7918263316988
39633282656110935 -1343.5972706353389 -905.2765505582247 2096.7087464826154
39633271448931075 -1506.5213814578722 -1075.831588910055 2334.7993742950503
39633297361341773 -1581.1556038008853 -1171.6763116475197 2627.312977791767
39633286363875410 -1748.061895960526 -1205.778687948502 2766.3880838093364
39633278956733592 -1719.8361532238227 -1255.855467696392 2722.1807455334515
39633290075833369 -1449.9947158527552 -1113.8195838149409 2408.7931925187963
39633278960928464 -1671.607728313936 -1242.220571972715 2657.293612112011
39633290046474366 -1286.2803845811686 -893.4821015731762 2054.697222007471
39633286380652408 -1868.4126376485033 -1368.3309365167624 3011.1373211913683
39633278969316401 -1416.4915279703544 -1080.26516451376 2272.260301197737
39633304567155005 -1900.149916452691 -1362.322115504093 3201.1721585013574
39633290075833236 -2108.24750533297 -1618.4450179914552 3502.7017299543527
39633271469900371 -1725.2077623273535 -1312.5369990370746 2737.2407641816435
39633293729073229 -1940.8142285943018 -1467.613641315615 3219.84737359098
39633278960928432 -1834.703538753941 -1363.2713395872795 2916.494089476137
39633290050666699 -1636.9449865819606 -1144.3687746452351 2615.3812331337535
39633278935763347 -1444.6831607605343 -983.1200279365819 2243.11112547383
39633304567155042 -1731.4925248131917 -1241.5861508946793 2914.9179567692036
39633290038086496 -1674.0698967932979 -1128.5684769068569 2662.556718354249
39633278956733465 -2040.3971102301275 -1489.1665491527228 3228.7252992813014
39633293724877190 -1775.726874686819 -1311.884911035052 2922.1138291872066
39633278960928637 -1692.978423381837 -1258.969817969553 2690.4934331751883
39633293699711143 -1893.6732746767889 -1274.6224100135614 3037.76162108046
39633297365535501 -1853.9636185944364 -1391.4735181252674 3116.43514030369
39633293695520302 -2120.267615654849 -1425.931555842765 3400.1123920232953
39633304567155206 -2118.9779392137657 -1520.586808517089 3568.344812708077
39633278960929739 -1414.2574882167885 -1056.5354631704142 2263.7136137560915
39633293720684050 -1608.8201324098297 -1176.275306782933 2640.737331774631
39633293720684058 -1604.527184264599 -1173.16685618437 2634.1692138548815
39633275227997927 -1725.1193599133132 -1312.0753053907697 2739.4515774300316
39633282681274439 -1645.0407550511163 -1202.562739046063 2621.1432575234408
39633275227997388 -1388.4743885717944 -1053.5061593408636 2202.704702005705
39633286384846564 -1603.0332220032226 -1191.2911806862544 2593.16626441579
39633290063251664 -1815.49027923343 -1340.8410066111746 2979.1409052578215
39633286368069839 -2146.5645148750787 -1503.7873864993333 3418.940433003097
39633290038084902 -2140.5419458209903 -1434.3665786882 3397.7078289850383
39633293716489630 -1451.341633464883 -1045.5275630094181 2373.0762037032264
39633263874016487 -1473.3060683787087 -1075.8791422240777 2261.257234277025
39633278973510581 -2146.173072607096 -1659.6503413392336 3457.5093181235306
39633290038085759 -1494.6699886811646 -1004.6681510820199 2372.006480400817
39633286384845642 -1656.5192857271757 -1226.2544852435922 2691.7130911214267
39633278973510864 -1513.5636449301264 -1171.616461445339 2441.5481262319176
39633290054861559 -1537.0926173413432 -1094.4530735795408 2480.4214234778015
39633290038085767 -2142.4604683650387 -1440.13405478442 3400.893187252958
39633267669863261 -2049.7685749695393 -1477.8035496654095 3157.276231109555
39633271461512934 -2317.347099028756 -1720.8211976740372 3635.6809605532485
39633286372262198 -1386.3650899266042 -978.6423296999216 2215.044258332118
39633300976832185 -1747.4436211740144 -1288.4033036549358 2923.8890133769874
39633293695518914 -1562.7754995479747 -1045.4516148309451 2485.298486301924
39633286359681272 -1987.6063633208944 -1350.947999182449 3120.2318393251485
39633267669862879 -1521.9997573153312 -1095.7290190236456 2343.7836134194176
39633267669862956 -2033.3016707599927 -1464.2415787128605 3128.2523419951117
39633293712296614 -2058.985353030911 -1468.4812694231518 3355.161744517081
39633282698052871 -1430.4255685701405 -1114.9719588334556 2344.6726166888475
39633282698052933 -1552.6268381345358 -1210.5408738143765 2544.983980553674
39633282689663812 -1738.5323247484353 -1312.5009569990477 2822.4351848973693
39633286359681367 -2326.8761504864674 -1582.1556002624134 3652.953207984672
39633293703908001 -1613.539997472608 -1115.1518799097103 2606.8425310896146
39633267669863048 -2052.0083565468863 -1478.3184461410003 3163.6424824638634
39633282698052616 -1860.9777194602925 -1448.981241055255 3039.398838385002
39633282698052783 -1420.871587475131 -1107.1691985551392 2321.1279584451217
39633286355485968 -1557.7585754755942 -1038.1465954526686 2449.768714521956
39633267665669373 -2138.6923362070497 -1518.8607513136008 3274.1297283985214
39633267661472258 -2209.411128203346 -1529.4121984551236 3349.5301710687613
39633290038086085 -1830.50297554343 -1232.031447979272 2908.6421050066865
39633282685472077 -1995.466487568382 -1501.258825081142 3219.4375656298016
39633267661472840 -1921.8241668624812 -1333.0436502761042 2927.1698387274673
39633278952540400 -1773.1998552226783 -1282.0628603348305 2812.9838717976136
39633297336174134 -1485.3946315420728 -995.9290553587648 2387.0358544364963
39633282689663611 -1719.3321301174951 -1297.05594698267 2791.075905065188
39633300960052988 -1601.9717207680492 -1102.742159984186 2619.352251110497
39633293712297312 -2014.0136449083523 -1440.9529794271555 3296.5658936727323
39633293712297317 -1840.1573155363376 -1316.5974389661424 3012.1460609311803
39633304571348384 -1763.8305420246443 -1279.1943118058005 2965.7961272820808
39633278973511230 -1566.255573709695 -1213.9617100989565 2533.299819205679
39633304571348125 -1612.5624064321296 -1167.9095960236402 2706.2500788801667
39633275227998445 -1482.0457345315642 -1129.5576293887289 2360.179926028418
39633278965121490 -1880.9610021326669 -1410.797929106155 2999.3811233133897
39633278965121473 -1879.2629505354948 -1409.4045467755047 2996.476641984146
39633282698052452 -1375.0651226997577 -1069.933124393796 2245.278965711331
39633282698052515 -1999.5947495702364 -1556.2368681974128 3264.986875148368
39633286363876629 -1363.5788153480905 -945.8032927893664 2160.755889123831
39633282685472126 -1722.6805327733712 -1296.3255963873007 2778.3481596961196
39633286363876539 -1429.3985617141605 -991.0333012246152 2264.7241405796094
39633282689663025 -1374.7224012127501 -1035.0550160971422 2218.2646044670473
39633271461513679 -1988.2728330055834 -1480.9226451688062 3125.9317318980084
39633286389039464 -1996.7827544011197 -1497.050929995419 3257.9410518984123
39633300972636353 -1912.3413424699188 -1382.1906190391314 3192.1806593472124
39633300968440517 -1758.8073315490706 -1242.7294586123428 2906.9762160784267
39633293695519213 -1626.1448078742571 -1089.2379173224494 2608.499078756589
39633278939958469 -1535.5464200696263 -1064.220525230524 2387.697672355423
39633293695519194 -1371.2385367244347 -918.4577877762559 2199.4156928590037
39633300968440347 -1647.3138602374484 -1162.9200885770338 2725.3272751523787
39633300968440694 -1591.7928395181439 -1125.7204702045576 2630.1390847075963
39633300972636339 -1145.9936908579853 -828.2334330547684 1912.2205570294914
39633297352953190 -1616.0707693226548 -1161.7459267138356 2667.4471576277074
39633286397427884 -1440.390175998883 -1111.4419085630363 2372.7284907267886
39633297365534355 -1752.0516889356963 -1309.1217481453866 2939.2038196552116
39633290042278040 -1595.6797157097337 -1081.2597995680214 2545.5721684751766
39633293699712414 -1938.9266307103671 -1311.8359952588096 3118.666160837845
39633300964247962 -2062.192002319298 -1444.2113641955802 3416.0047538265267
39633290071638674 -1219.8144444255859 -921.2876376516354 2009.8426461609488
39633286368068821 -2114.1794383841907 -1475.0924396858566 3354.24152074724
39633271448930400 -1725.3126770987662 -1227.9849868401543 2653.1952645846477
39633300985217739 -2002.8459873967752 -1504.2245333975627 3376.1533252440413
39633300981025630 -1314.3282080313159 -982.0392841674562 2227.3147799849426
39633300985217331 -2115.3407135988864 -1586.554779136587 3561.370752011832
39633300985218899 -1893.487217680783 -1428.8967373570065 3201.417701544349
39633286363876250 -1751.4159977509669 -1212.6752296397349 2773.316397725466
39633286368068144 -2135.7083498263155 -1486.0451980509024 3387.3477602461785
39633297365534361 -1822.1987012891996 -1361.5738959723592 3055.415526308497
39633286359681671 -2096.2039279976834 -1427.3276891729413 3312.247197786176
39633286359680073 -1841.3142787890743 -1245.277232642686 2894.5940292195123
39633293720682700 -1548.191512415217 -1125.7641901433324 2548.7039081513058
39633278956732835 -2136.7782471269556 -1555.1912555592003 3370.164612072981
39633290046473295 -1740.9309983082037 -1202.9212410526445 2770.594226816384
39633271457317509 -1497.9542147809277 -1091.2296205007945 2331.23087102375
39633278960929985 -2147.7911519695267 -1606.3679254592846 3435.185101063207
39633308144896220 -1314.1279004170624 -949.4612222325947 2225.9518156405543
39633300968441556 -1234.87522495488 -876.920719290695 2054.5194262522105
39633300976831768 -2115.7075582902603 -1557.5772381219804 3538.040429985376
39633278960929807 -1626.7150125700218 -1215.6032545402556 2596.4445932069125
39633267669862451 -2049.5871483004744 -1472.6503352202042 3144.765965715038
39633278935761538 -1554.7586267560123 -1050.5679753912775 2393.8376825155124
39633286363876822 -2194.14995674257 -1522.9860204708684 3474.8867812465464
39633278935761557 -1721.917113628486 -1163.591993309705 2651.4736005671552
39633304562960464 -2181.2048761700717 -1535.56112649043 3636.300776983359
39633293720683609 -1305.0215650285556 -952.526436976947 2153.13620687827
39633282693857976 -1359.1545559034523 -1041.3976023286968 2210.078104581786
39633275202831004 -2348.8426019447875 -1626.3745287005765 3636.3696573126313
39633293712296382 -2087.3220758417065 -1487.1942989938461 3413.078316546553
39633300968441691 -2158.183722643865 -1533.4733854359508 3590.066478575899
39633300976831825 -1961.7046650194657 -1444.4500914076125 3281.946373155244
39633286380653260 -1701.5686135453996 -1250.8443234360575 2750.269427371508
39633297361341737 -1984.5420699852834 -1470.389264342699 3302.226600922907
39633300985217564 -1628.2315799817538 -1222.162659690703 2742.4069370838924
39633286363876290 -1696.1188658196015 -1174.6227630664632 2686.5733778847393
39633282689663930 -1984.7694841342354 -1499.033954795156 3203.902012303912
39633275198639145 -1965.6330920629941 -1352.2444643558958 3016.2717910656725
39633275198639015 -1695.9603943130057 -1166.138874618608 2603.2095219719704
39633275198638897 -1692.7251257368455 -1163.4770028180071 2596.946906711518
39633286359680578 -1693.8569716154868 -1148.0635650472266 2665.9889903640833
39633275207026148 -2127.4485634109933 -1499.59130582694 3289.4430972526225
39633286380653187 -1661.8476196030292 -1221.178428789448 2685.060324492186
39633286359681617 -1607.6803764040021 -1094.401665053849 2540.577403467933
39633275207026064 -1948.6693332024558 -1373.0937284114864 3012.543679377005
39633271436348707 -2395.661745821801 -1637.1069084189148 3643.229363004282
39633304562960285 -1634.5220667980518 -1149.8676636341122 2723.7456912541406
39633297365535264 -1571.2127800476692 -1178.1752992520871 2641.8028408513155
39633290042280668 -1754.700048866617 -1203.5443354799281 2810.520252053182
39633286359680454 -1692.3964639866424 -1146.5488798760741 2661.559845519954
39633286359680465 -1744.2210455859688 -1181.7064057520188 2743.166904185039
39633290042280801 -2090.2062296782783 -1434.5771118996636 3346.0877804788815
39633286359679061 -2280.2206244707004 -1535.7127971962723 3574.825755739664
39633271461512773 -1360.5994655287964 -1009.6726026117942 2137.560976629128
39633293699712359 -2232.847045967321 -1510.3200309868926 3593.5152605715652
39633282689666233 -1293.41585874105 -984.9094948814673 2091.399507923196
39633297340369788 -1658.865259880776 -1136.6564367489157 2701.360993392245
39633297340369369 -1202.1762937664264 -822.3860903325567 1958.4753851123342
39633282677080514 -1191.2980524138982 -859.6523524852576 1899.01066858028
39633308144896243 -1317.7164410345613 -952.1464159825445 2230.964172823578
39633297365535206 -1844.9593563999479 -1383.1275606944596 3080.294033442049
39633286363876551 -1895.5025237387067 -1314.289058904986 3002.473979493919
39633286363876513 -1800.3614925917175 -1248.0915446124845 2850.245621606103
39633282672887638 -2244.225323768283 -1603.3590779386163 3547.8922572101037
39633286363876354 -1794.4591136425531 -1243.093914504459 2841.6337756200687
39633278952541260 -1667.5916530246845 -1210.1724072588693 2643.552394095494
39633286363876437 -1697.1434083558713 -1176.1173200964174 2687.099489147746
