data/coord/ELG_6_clustering_data.ecsv
# %ECSV 1.0
# ---
# datatype:
# - {name: TARGETID, datatype: int64}
# - {name: X, unit: deg, datatype: float64}
# - {name: Y, unit: deg, datatype: float64}
# - {name: Z, unit: deg, datatype: float64}
# schema: astropy-2.0
TARGETID X Y Z
39633300993605737 -1617.9507268462874 -1249.6670724739915 2754.6546126988515
39633300989415117 -1313.9465314270847 -1013.8416412356457 2233.7404487675144
39633293741655168 -1820.1333101219006 -1432.4305259384614 3065.0544086454515
39633308149089719 -1900.7774012860843 -1389.4593170308747 3255.2140517714447
39633271432154790 -2193.113377379707 -1478.1634454937248 3331.982790901678
39633271432154863 -1547.3343050043882 -1043.211396870163 2350.2873549156056
39633278935761064 -1825.3329767131343 -1230.9530054057386 2816.9630301681423
39633267686637893 -1481.003201152023 -1119.1174034939072 2322.4418833331583
39633271436348020 -1954.1847850114634 -1332.2475525893808 2975.7119779006657
39633300955858947 -1933.8137084781808 -1311.1086631545902 3163.4377669613827
39633275219608161 -1983.663510240852 -1458.7683701430456 3116.823370276295
39633267665667894 -1433.4117922780558 -1011.4056213480851 2193.820646758978
39633300955858661 -1480.1744940389103 -1002.3160966286905 2421.088605538889
39633271453125687 -1733.949126194171 -1259.3483988269186 2696.3604092986557
39633293691325643 -1514.1354731272122 -1001.2105836850676 2414.802213744561
39633300951665418 -1863.9564514878914 -1247.8169581423856 3025.9685762933145
39633282677080339 -2268.924440114123 -1635.9203623374726 3608.819686053756
39633278948347703 -2043.195620537648 -1462.0335551393841 3205.4829340485153
39633282677083019 -1722.092578815281 -1257.221817525687 2752.173690837605
39633275190248993 -2060.3298881309524 -1366.3115418640907 3146.681433769392
39633275190248997 -2061.2775694627967 -1366.9526637402705 3148.2644293178346
39633286380652190 -2207.532218059082 -1615.3372150962066 3555.6493661970703
39633275207026501 -2204.572574493515 -1556.370226678981 3421.387952122181
39633275202833526 -1574.8659641681725 -1101.5943403903862 2443.330701007714
39633297369727560 -1874.713317864635 -1416.4671702398646 3150.8139782974467
39633293720683881 -1600.925019762354 -1169.7506910220688 2640.006792220535
39633271444735588 -1585.389346055249 -1108.2190036913587 2441.592357161684
39633275198639416 -2149.930740339588 -1480.7724728549954 3312.7047531156413
39633278931570006 -1712.5842438890975 -1153.2720119775438 2653.12239788303
39633293703907882 -1884.07263089567 -1301.5499933021795 3049.7856905844023
39633263865629136 -2034.738979712847 -1451.46034757977 3092.390632977977
39633300976829228 -1305.314061056379 -951.4265715352354 2176.9861766521385
39633267682444006 -1500.9217793171135 -1119.3931089578139 2331.577676953973
39633267682445362 -1750.1585458902618 -1312.9902693461834 2733.622680475356
39633271469900580 -1726.6450142072683 -1314.712288788963 2729.107707226111
39633267674056468 -1915.527313844141 -1395.224806716021 2958.9896168968603
39633267674055364 -1802.7993798815223 -1306.565415452533 2765.519720579503
39633271469900415 -1507.1237203595567 -1146.8398484975332 2380.384574642971
39633271469900332 -2276.886783940241 -1731.961732282987 3596.183771589341
39633300972634251 -2175.7502844094643 -1557.4713690743363 3631.9112077357295
39633271469900324 -1983.022932276531 -1508.3933963337768 3134.9437439861117
39633271469900180 -1852.8276107010743 -1408.383685920627 2927.275678861053
39633263865629765 -1680.5638580010461 -1201.9857058323148 2561.4567184672246
39633271465708415 -1799.5886164464875 -1359.58302500485 2831.121611609501
39633271465708437 -1981.7824575955128 -1497.3621359887534 3115.9773384487066
39633271465708754 -1730.756409197486 -1309.2070800587303 2724.458723033001
39633267669862090 -2128.1043480418034 -1526.200670257129 3249.2503303586586
39633271465709551 -1764.8611127562233 -1339.5844777556874 2788.1890856937634
39633271469899978 -1799.2745097978325 -1366.6467753283864 2841.025405708371
39633271469900247 -2190.0287478022815 -1665.1991992179242 3460.899065144691
39633267669863057 -1373.3656530476023 -989.4321496547843 2101.6834909619733
39633263865629679 -2152.7314062120904 -1539.1836929304404 3280.362598102068
39633267669863357 -1669.993231986274 -1204.5381932511068 2555.9853009950075
39633267674055013 -1812.8922092644211 -1311.755311563325 2776.808906121097
39633300968443310 -1607.4091259440002 -1149.8591748542347 2673.1998668480437
39633300972634158 -1389.9825658849181 -994.5543399054172 2319.7650731971453
39633271469900128 -2101.3979742891083 -1597.0507285846802 3320.1604018454354
39633267686637673 -1855.8292190278487 -1400.884056406167 2908.6151681031383
39633275190249927 -2171.72694499053 -1445.6079043289974 3319.890972611434
39633263869822228 -1356.4625349873754 -976.4627176740926 2072.5154867725214
39633271448929353 -1661.9542872591503 -1177.530837861835 2570.3165441883193
39633271448929133 -2210.639576203125 -1564.5659417452607 3419.5449318705073
39633271448929105 -1804.5085308847245 -1276.9982595144695 2791.0791855692605
39633297365534272 -1662.2914095211904 -1241.663464674555 2768.419119929506
39633275198638705 -2302.221900554513 -1581.5490306769043 3537.705906080925
39633297365535246 -1732.149730511615 -1298.7356992385235 2900.7248517498456
39633263869822500 -2225.2365094459096 -1603.7470449332475 3393.4348194268296
39633271440542852 -1773.4497362315542 -1229.0182615889364 2715.3192736741476
39633271440539918 -1458.773077083456 -1000.0738959186396 2220.3148225948025
39633271440539799 -2337.6062220193626 -1601.7861646799372 3564.929610107655
39633263869822494 -2222.825211518821 -1601.964707882939 3389.639612782501
39633297365535273 -1732.2610506949438 -1298.9941793783307 2900.7360594934144
39633263869822426 -1745.0479931916063 -1257.321747038459 2660.019273861517
39633300968442058 -1353.252037626939 -963.0994376808261 2236.344628052734
39633263874015283 -1541.6360046550537 -1120.1932436596742 2357.9880472633795
39633271448930931 -1505.8364524702054 -1074.679656197904 2327.4525991831683
39633271448930899 -1755.0001444778413 -1252.2660586730372 2702.7543083298992
39633263865629891 -2001.3400039323094 -1432.2825527184284 3049.0856659089495
39633271448930878 -2242.5923079439394 -1599.9741954544543 3453.937018037263
39633263869822289 -1377.15963149822 -991.6606889986775 2104.040064612923
39633271448930782 -2014.0275353833458 -1435.9243972194042 3113.8563709079576
39633286368069928 -1805.0102377193296 -1265.0543950286587 2866.681867936089
39633304550378583 -1591.6972191583286 -1076.1190388193688 2611.1757362392214
39633263869824238 -1673.0627896249928 -1214.2818188888834 2559.0515736875413
39633275198638315 -2136.9620922415306 -1466.2933645083558 3282.0465481307006
39633267669861556 -1429.9687861549883 -1022.9057064555882 2195.066488257716
39633267669861463 -1271.491800665091 -909.2488480339915 1950.9030171897723
39633290050669443 -1915.0286407661724 -1355.8008783575817 3098.682868893829
39633290054860822 -1612.8500128434553 -1143.8093017775495 2605.3277408826784
39633297340368324 -2198.265897753824 -1497.0067845695394 3564.037428070522
39633290054861419 -1452.1027011528527 -1033.1084101845872 2353.6314336107134
39633297340368322 -1663.8875067678227 -1133.0902137263665 2696.4306729622967
39633297340368274 -2109.2837876603035 -1436.1572136737134 3420.200133237086
39633304571349473 -1566.4637888363752 -1141.8598624496287 2634.0149107582674
39633290071638253 -1162.0870216385933 -876.1057770355246 1913.5028940953005
39633297340367158 -1530.5509754256955 -1037.1210904352095 2482.303506133476
39633297340367129 -1689.639246155883 -1144.7098784514194 2740.238478028492
39633263865628814 -1488.6824562274783 -1060.190582444384 2257.8939624638247
39633300955857307 -1794.0952567783406 -1207.7460878649808 2912.8135028341926
39633263865627546 -1735.6812700168211 -1229.3829660628078 2632.3698719446447
39633271453125236 -2226.8027647844006 -1614.1215797661523 3457.2793345642112
39633263865627084 -2110.247219915542 -1491.839938384399 3205.2333858067464
39633263865627237 -1671.2331376947263 -1182.206137965472 2533.2457092427017
39633290050667388 -1885.3807349966658 -1322.3232668174899 3024.2027083755042
39633263865627344 -2340.8490238773265 -1656.6688119457456 3548.9335276221823
39633271457319351 -2290.24613713295 -1681.3523625251235 3577.796116905422
39633271457319717 -1633.5085014970073 -1200.4809268163879 2559.0508777464947
39633271457319720 -1542.1659059782337 -1133.3615673745105 2415.792489243101
39633271465707657 -1471.8608337438204 -1109.334191304926 2310.7940176999305
39633271453125726 -1420.3335391910823 -1031.7750166474098 2213.513558573877
39633300968442026 -1394.6064220959283 -992.4098892313756 2309.046675653125
39633297344561383 -1639.7410980424681 -1128.007348918165 2657.49670428042
39633267669861367 -1523.2711682127238 -1088.8937007128948 2337.885513086912
39633267669861294 -1586.1918489398633 -1133.59027311044 2434.7341538343553
39633267669861284 -1517.6060065808626 -1084.5379001831022 2329.8364635655944
39633297361339330 -1434.982683525675 -1053.19660023289 2392.203467039937
39633304562961707 -1874.6081903920688 -1326.5577640476947 3137.2494864155788
39633271453123572 -1426.7138119241686 -1025.7935810858396 2199.691041228698
39633304567153536 -1492.2405489730756 -1062.679984608432 2496.285080755973
39633297348757363 -1490.2915991273985 -1050.079608852862 2446.230405445615
39633304567154236 -1972.2424138314261 -1408.8339566526047 3303.3067767008056
39633304567154758 -2142.0210068625006 -1534.0608532826259 3581.9559232622205
39633304567154813 -1335.5218820365 -956.67540797924 2232.796962051634
39633267665668313 -1644.20346024376 -1162.1626344277504 2498.4830794274194
39633297361340260 -2226.7878659942494 -1641.149213017894 3688.365804102492
39633304571347600 -1756.467081676711 -1268.599274660874 2968.248620369662
39633263865629483 -1927.8488193214305 -1377.2486158307509 2926.8771594939208
39633300951664761 -1949.7781169429963 -1301.3868429459876 3160.3741523178746
39633297344562659 -1793.7549311124399 -1239.9346913935121 2923.2221466899514
39633297344562789 -1905.449797003911 -1317.7794157696949 3106.3560525717253
39633271453125189 -1974.5106000553617 -1430.983760008639 3065.043136287343
39633304571347878 -2116.8905317986246 -1531.175991853859 3554.31788942357
39633267661474183 -1739.9541352887422 -1212.5617089076268 2649.5117431087847
39633297348757448 -1679.9275361549667 -1184.2374886381722 2755.817147521702
39633297348757447 -1408.7079519188137 -993.0351706100946 2313.1064847537336
39633297361340333 -1531.6330614101628 -1129.2318152550083 2544.913859355415
39633263869823045 -1346.290931658159 -972.44070703849 2056.651439033827
39633293712295596 -1984.3095113393697 -1408.651517301698 3218.475499509945
39633275215413851 -1841.8336963721201 -1334.3682019902076 2884.6450009039145
39633275215414763 -2101.3861355332365 -1528.695785573224 3294.520136719936
39633275215414896 -1560.5382287154903 -1135.8630782951402 2443.956795031508
39633293720685381 -1892.6470824091596 -1391.4664838620947 3125.9607950802615
39633282693858832 -1545.926495796664 -1188.7476445450698 2508.0851895325036
39633275215415341 -1874.311807349499 -1367.1625543276402 2931.5563482172333
39633282681277646 -2085.6067921495555 -1545.8654995125498 3365.1727526437276
39633282681277591 -1865.9648205796177 -1382.7542562093843 3010.9149246183606
39633293703907766 -2064.3689036092624 -1425.559935129053 3342.853881554206
39633275215415124 -1881.8265905961077 -1370.9294194523861 2946.4496506992205
39633293720685386 -1258.7549051157166 -925.4582182097081 2079.604322631046
39633275215414361 -1681.8493957801647 -1221.2844717273217 2646.32725936786
39633275215413827 -1569.7238024719645 -1137.0736102992994 2460.446101227428
39633275215413838 -1570.8890610660958 -1137.9494193838627 2464.8661827164838
39633290046472222 -1744.4963668430876 -1199.8843715195628 2778.976967638382
39633278973510568 -2188.007209244906 -1691.8824897097115 3547.7529259023686
39633275215414439 -2122.7805777475764 -1542.0432145078598 3330.077983115813
39633275215413859 -1465.082609325773 -1061.4577225144656 2298.4161360165226
39633275215413910 -1465.0163557694914 -1061.6809131637758 2296.1702729437707
39633293720685835 -1756.2453207214267 -1294.2652762401176 2889.784790781443
39633293716488825 -1338.1400237261955 -960.3788493239108 2186.3486448380995
39633300985218303 -2034.1610246609634 -1530.9880279009888 3426.8143326027625
39633275215414336 -1699.8971981770617 -1234.2891608499026 2674.167516662722
39633278944152072 -2164.7371784193674 -1519.145432619433 3397.045689736977
39633282689664376 -1682.5720090434545 -1273.0530670906194 2712.8610510589438
39633300985218858 -1540.4707779440137 -1162.311319436914 2598.0996093072827
39633282681276575 -1324.6635775385614 -977.2801765585972 2133.740648554464
39633282681275634 -1677.9400080917997 -1232.8702028426428 2682.2705114918595
39633293720683769 -1448.8569954979907 -1058.1712938403255 2380.9473344128774
39633282651917450 -1895.9592552171512 -1262.683074510883 2948.7693662172564
39633293720683637 -1388.110961062931 -1013.2685556848792 2288.057597525229
39633293720683480 -1537.7337235268317 -1121.7751923868193 2535.3615926956045
39633293720683599 -1777.8991642492522 -1297.653478558666 2930.4385306716526
39633290046472538 -2015.2096235241852 -1387.73830570429 3211.4129005285254
39633290046472519 -1335.0648105429275 -919.2712580389115 2127.0278361118662
39633290042281079 -1763.7329129523143 -1211.8589509317726 2813.0476136526795
39633290046472228 -1745.4996650009202 -1200.6004925649409 2780.6943051647954
39633290042280981 -1636.265466698315 -1123.7948237468142 2608.593336109575
39633282651917324 -1839.5330325392454 -1224.4171697247605 2860.308236851189
39633282693857840 -1339.9819206728466 -1026.092577550576 2172.591027097518
39633290042278234 -1466.1625721050264 -994.3327623369702 2328.0490309761376
39633290042278326 -2131.7150120914 -1446.2190258954938 3383.675183963014
39633278944152030 -1869.9061357398432 -1312.0490694409687 2933.5708810219558
39633290042278425 -1980.0659253447957 -1343.920052677972 3158.5628238893555
39633300985218550 -1457.2234268153095 -1097.8397046348202 2475.4133657090442
39633282693859773 -1635.9712721023075 -1263.5272378449179 2673.008761633981
39633282681277184 -1708.7636829790245 -1263.8061295388059 2751.453356623123
39633282693857744 -1373.0714368264385 -1051.0872985700523 2226.246833978585
39633282656109741 -1988.8042395697773 -1333.7266487093466 3093.7230732233693
39633282681277164 -1735.8544877128743 -1283.7470871557555 2794.269427236138
39633282689663177 -1730.9803766372954 -1303.9344985838507 2787.8427176346972
39633282681274522 -1545.8491326196045 -1130.4453003257318 2470.771682735828
39633282681274668 -2114.8791380075036 -1547.5493397710347 3373.370590038315
39633290029698275 -1903.661849753334 -1247.822153320447 2995.4159023390903
39633293703908507 -1535.6895493800625 -1063.6934605519746 2486.1909942937837
39633290042281102 -1773.6193097437456 -1218.7482897764257 2827.4221275569967
39633293703908862 -2208.695255348859 -1532.1397356100895 3573.1049543853587
39633278935762450 -2241.309564682842 -1519.7078474926927 3478.761161971351
39633278935762289 -1717.9366432584113 -1164.1594128873667 2667.2189469271743
39633293703908593 -2269.1690430507206 -1572.3354982108117 3669.305516571413
39633278952540900 -1459.0631290785543 -1057.082206508968 2303.0808767886147
39633293724878324 -1761.5856433354554 -1307.5631885029195 2917.803764407751
39633293716489642 -2077.171948117513 -1496.4399737427973 3395.814368949687
39633278952540983 -1651.021384214094 -1196.6475285823335 2604.651214564916
39633278952540986 -2118.5104926111753 -1535.4894503468872 3339.549501462672
39633282672885965 -1718.1580252826486 -1219.7168910141215 2711.894226084512
39633282693860167 -1822.8327751954023 -1410.2348512935678 2973.5875722182104
39633282660304262 -1467.2937732504101 -999.2071888848761 2287.2741231479645
39633278931570090 -1609.930400894244 -1084.4705283862634 2488.2424025887917
39633282693860165 -1814.224142432114 -1403.5486698027355 2960.3857192448395
39633278931569822 -1491.8031602448439 -1003.8318097543256 2303.482871415168
39633286393234177 -1595.2369331187804 -1216.1819790012428 2607.209635662741
