data/coord/ELG_12_clustering_data.ecsv
# %ECSV 1.0
# ---
# datatype:
# - {name: TARGETID, datatype: int64}
# - {name: X, unit: deg, datatype: float64}
# - {name: Y, unit: deg, datatype: float64}
# - {name: Z, unit: deg, datatype: float64}
# schema: astropy-2.0
TARGETID X Y Z
[from data line 12458]
39633162619323785 -1479.4242306212077 -2537.2615941206973 2912.617287522941
39633162615132257 -1064.9554880624219 -1817.7049840828565 2085.8879601627145
39633153974863591 -1231.033199500679 -2050.0149674280005 2320.8355258145243
39633136476227240 -1098.176430366976 -1828.2826391354597 2002.3366483348225
39633166918484854 -1428.6422043683901 -2505.132767693869 2873.37026201567
39633162619323305 -1583.3228187515788 -2711.14281813651 3105.0272280268973
39633162619323877 -1389.4823506389066 -2383.7469756811574 2735.009652716006
39633145259101610 -1731.4776720173727 -2872.5989907759613 3215.61406625528
39633153974865391 -954.0868912422807 -1599.0250741771067 1809.2317856344657
39633154021002970 -1488.4458449163012 -2922.2896547029973 3194.9210351305246
39633154021002681 -1023.3162597101938 -2006.5566175109193 2195.3611331655416
39633154021002526 -1375.8054775981154 -2695.839795136801 2949.755212071222
39633140901217886 -1109.994672600629 -1996.795934072851 2162.9369050474297
39633140901220003 -1241.7890814223879 -2249.1550525488838 2427.6280216884184
39633153974864708 -1436.6473851149424 -2401.121972391167 2716.1381985614976
39633166914291618 -1127.8624970288822 -1957.1580044167804 2256.8413455713726
39633140876052407 -1671.9857349377862 -2772.200194872648 3085.3983487473897
39633145288461683 -1400.0367379776692 -2559.682104696481 2785.6375688966627
39633166918485767 -1161.9656487101179 -2043.0596075491785 2355.5216792791134
39633166926874280 -1395.5719271010355 -2524.910115225437 2896.2347555454435
39633153974865091 -1339.2297402253653 -2241.987890445797 2537.0933572750237
39633166918485623 -1307.8849580258104 -2298.6140295266378 2649.2571606239335
39633166918486848 -835.9977018081372 -1474.8747870564853 1701.7369547309463
39633162619325378 -1116.7928110325402 -1926.0665904978557 2216.0086602488723
39633149629565709 -1497.8939733029358 -2502.523411625889 2827.298569961373
39633166914289824 -1197.494337534393 -2065.262504509859 2381.2596031721027
39633171196677593 -1148.4651518289172 -2052.22673704651 2363.9472267938527
39633166926874892 -1430.119735410824 -2593.08226744474 2961.685783748359
39633166918487728 -1269.171421666236 -2245.6470255201475 2589.5255886445666
39633158303385347 -1463.3180871906918 -2457.0991726518873 2812.4096173734224
39633166910099902 -1317.7730973106377 -2269.9221459982978 2618.2214203642934
39633149667313987 -1046.096660192461 -1980.391941563389 2158.8473797243673
39633136476225610 -1392.03483583353 -2304.3090784869246 2543.2508849135993
39633171200868708 -1478.1968341235422 -2650.8695593908724 3053.5524619335447
39633154021002615 -1089.9362841946013 -2136.456464872525 2328.3472535122955
39633166926876744 -1381.317192983109 -2519.4675162897083 2881.2742030464615
39633171200872328 -1523.4940671493741 -2765.370063351091 3172.429152144852
39633118704962897 -1048.6169792342566 -1781.0089209306727 1871.814951831271
39633118704962197 -1656.3970989533013 -2806.156995183749 2965.4488949977763
39633118704962406 -1335.671543114296 -2264.494600870578 2390.26927351622
39633153974864893 -1480.8280049567982 -2477.0662422889645 2817.2303477832006
39633123171896235 -1265.8177815820673 -2115.309815667071 2256.754864384799
39633109712373179 -1412.6381063274657 -2469.276961156409 2549.777722034906
39633109716568004 -1138.6972397991517 -2022.4072818343495 2079.920109066577
39633118734321402 -1237.073777306917 -2299.240422134617 2380.107358935916
39633127630442053 -1350.1159123984407 -2311.1864726338335 2480.411489549985
39633127630441949 -995.4397685225711 -1703.4622710400788 1828.259563844147
39633136522365861 -1177.5576879631324 -2298.526271109147 2421.264667921448
39633127630441942 -1352.299632368588 -2314.107131807008 2482.914788610165
39633132072207429 -1430.062768375984 -2487.10152356186 2680.6840073889507
39633132072207397 -1082.0339599888525 -1881.6182508570516 2028.3723095201879
39633158320163794 -1001.642417033238 -1784.740132891295 2012.2082679543462
39633123201255714 -1040.237256925675 -1909.3703213370466 1984.2203905795925
39633136488809749 -1024.2032401151293 -1774.6258398352434 1932.6961579775568
39633132059626520 -1320.648457801345 -2222.423155124497 2414.302622639847
39633123176089031 -1354.9916722791152 -2284.682736619168 2444.545145009545
39633127626247289 -1549.970182194107 -2616.179366582279 2800.5337004695025
39633127630438940 -1228.3634396258763 -2083.0489275606956 2232.955778353532
39633118713349897 -1083.6468310551154 -1878.7129490512018 1969.3192952408901
39633114221251706 -1128.3196972156086 -1975.5798555187941 2057.4858388518014
39633140913801236 -1123.6694875085543 -2115.197099812172 2274.1514076270064
39633158315968513 -978.8404134974809 -1715.8596019147546 1938.2616955968101
39633158315968662 -1101.9565629512167 -1932.6233575288286 2182.9907170663328
39633118742708313 -1428.1014327699388 -2714.084769279653 2780.9434981405752
39633118738517875 -1114.3654864469818 -2116.1092395704813 2168.247844775662
39633145309432098 -979.4597726579575 -1919.0411272382107 2057.5973250499924
39633140913801341 -1317.3116595120373 -2480.454027925254 2664.865779151375
39633140926384305 -1162.7467503516002 -2288.6067615295287 2444.844736050248
39633145309432076 -889.2635115816539 -1742.1520396712422 1878.8995355895388
39633145309431850 -1242.622280159637 -2432.5433047177917 2623.319108079969
39633145305239088 -1513.2249510087606 -2938.3628264808144 3165.3064929945917
39633145296848454 -988.7228607044383 -1848.6255795203035 2011.2810724392696
39633136488809592 -1051.198700790336 -1820.2234319132301 1983.6407492253993
39633149675702609 -1081.3101132380973 -2111.694155789685 2291.9121760177395
39633114242220352 -1171.7707148201364 -2176.334931027371 2230.2158408488863
39633114242220390 -1305.4958803415502 -2425.131128438434 2485.249852701713
39633136488808790 -1597.9649590462557 -2758.4960845363184 3003.2181962742516
39633145309431908 -1060.5575052766956 -2076.4941068663193 2226.8129404076194
39633114229638832 -1083.8826366239089 -1942.2570272414314 1998.267323924154
39633114229638813 -1083.6463939492826 -1941.6517673758901 1997.692721974959
39633145288461577 -1338.1638908714922 -2445.767080464076 2680.004182670857
39633118709156911 -1583.2651691324477 -2722.0044181789394 2857.8959353065566
39633118709156964 -1710.8739785938355 -2941.795664960692 3088.678329934305
39633132063818328 -1577.3757801415936 -2663.972638625559 2881.410823076391
39633145263295917 -1249.4094754799655 -2100.801911200935 2340.1010579970743
39633136497197765 -1149.8742133423925 -2042.6252080346694 2212.2016736497712
39633136497197891 -1046.4012223635063 -1859.6667391116976 2013.3160436166088
39633127630441468 -1497.8183462225568 -2559.387539095255 2748.7225933751142
39633136497197537 -1442.3159874508196 -2560.4874733717666 2772.2980110858907
39633114233832429 -1389.8630508794374 -2518.3654542775503 2579.6198217264105
39633109724954803 -826.9316223859836 -1499.6217535480882 1534.7029490134014
39633145288461226 -1196.593817049385 -2184.451268260101 2384.0398968455397
39633145288461038 -1373.8663020553572 -2506.634787222822 2738.5750877641417
39633136488811994 -1313.9260710573406 -2295.866775404414 2482.623743410371
39633114246415336 -846.7301347648381 -1598.0077477158147 1633.5111157894733
39633114225444367 -1467.2643559606477 -2590.76459618399 2676.6802781787273
39633145309431620 -928.6540263647233 -1816.6234550757665 1961.2801415385773
39633114238028239 -1056.019468722556 -1949.6300957563476 1988.3242061342803
39633149663117408 -1030.0559520396348 -1906.9362165103973 2084.15767890883
39633118742710813 -1087.0007153876268 -2084.8655276434747 2132.4080801987166
39633140926384082 -1369.3761087725848 -2692.898968911783 2871.2963727366
39633114225443519 -1313.1329082310906 -2311.5402475979927 2396.4050551860723
39633118738517164 -1223.852883399661 -2318.3721126764312 2371.6218397381353
39633154012614402 -1224.8785082948184 -2333.649559075128 2558.01113689073
39633149629566496 -1012.3793525581038 -1696.585425322319 1904.8415379720636
39633149633757220 -1010.3776259469416 -1694.5191975340438 1902.606272138506
39633158328549469 -1049.3248768588462 -1906.395434183821 2133.135942367423
39633145309432512 -1045.187310169147 -2051.042670231047 2199.0862014676077
39633153987445630 -1194.0159493248918 -2064.884497978783 2319.1053968741157
39633153979056711 -1270.274549403352 -2134.3971415331976 2423.544340611188
39633118717544748 -1481.3760459345904 -2608.399633056482 2734.0796005850316
39633140913800713 -1386.8214153647054 -2606.099902931827 2801.781111553765
39633140876053434 -1044.8123753578088 -1738.4048794988232 1931.8936488081758
39633153979056627 -1258.9803071887904 -2114.6010607162066 2401.2413152031468
39633145292653957 -1152.4254071003797 -2122.1568023895593 2306.9679822895555
39633145292653945 -1151.7889044039791 -2120.905033134122 2305.5654254230817
39633145292653948 -985.6053794358094 -1814.909203967178 1972.3172135722928
39633145284268253 -996.7639461895176 -1800.4421167049366 1977.6391972406764
39633145284268321 -977.2119423151204 -1765.4201200776017 1938.2845457990902
39633136493004957 -1601.4945529101064 -2822.7991249727215 3048.061416142902
39633145305238313 -1406.0570391619697 -2722.4151694296593 2942.5098523118195
39633140901218376 -1085.949976991579 -1956.340152870685 2128.58179385654
39633145309431991 -1477.9333093798712 -2894.658031039497 3105.9795279922632
39633153979056960 -1577.2611668106488 -2652.9208701833295 3011.017277838612
39633153974865454 -1024.0341284793044 -1716.6114959070258 1949.772753404149
39633153979056248 -947.7309652335281 -1589.5926913528779 1804.8442952548935
39633127622051889 -1682.974202950576 -2790.8500893599353 3016.4459185818055
39633123171895851 -1139.306005409038 -1901.5306102680809 2035.5920892495376
39633123171895700 -1620.7332415590538 -2703.6853211515245 2895.274522851058
39633114217057916 -1321.8592991522903 -2289.5103986295994 2381.224577639974
39633114221248756 -1065.1400582333545 -1846.3825981528887 1918.9254929117249
39633127622051090 -1233.0755969364347 -2040.2829853740977 2208.999207720839
39633132055431560 -1387.2385746289492 -2294.786647808837 2490.4723300771543
39633132055431523 -987.9718854133024 -1634.057215807714 1775.890379547408
39633127622052157 -1097.845266297336 -1821.9678610816266 1965.878073760371
39633114229637153 -1245.352421631776 -2216.6936670680157 2281.4050481591576
39633114229637172 -1436.798967076908 -2557.643246254692 2631.5916269434183
39633109716567251 -1308.3566188856407 -2318.015317517322 2384.5820748270194
39633114221249149 -1405.349271991435 -2439.6225779938763 2533.5640359946315
39633127622052735 -1548.7208586115103 -2574.70286001832 2775.6545157137216
39633153979056494 -1530.5989900256177 -2569.291631346237 2922.6938299546155
39633123171896632 -1151.5219310862888 -1926.5739641916796 2056.2269097157823
39633114217056778 -910.6242155963108 -1571.4123683424616 1640.5644580651058
39633149633757301 -1174.0855037996162 -1969.7247681963695 2212.8285093229547
39633118709155372 -1329.7804706778652 -2275.1080081672667 2392.0046888377483
39633145292653312 -1383.7966293300776 -2542.2748908827743 2772.785570828237
39633149629566672 -1630.8542828333475 -2734.8308122689577 3072.181119784862
39633118709156922 -1255.328668076093 -2158.2681311391657 2258.662242185159
39633109720761719 -1644.330853124639 -2954.554135751295 3028.137903659316
39633149629563785 -1062.5150749388245 -1763.676385757494 1985.7323055133934
39633153979056836 -1213.151675754667 -2039.4084232214489 2316.7388828779754
39633114229638526 -1433.11942689192 -2564.5700951420567 2640.2086069415777
39633140905411203 -928.4431517657591 -1688.8944602756571 1828.8457205283764
39633127622053384 -1124.083130827087 -1873.3657040735436 2018.3100675423395
39633132055432812 -1160.5248818703901 -1928.102686236822 2096.395154865824
39633118721736980 -1185.123923875148 -2101.699330810478 2182.1421371504084
39633132055432733 -1712.5652167645464 -2844.663677587876 3093.6420400354687
39633153979057348 -1019.6477935530244 -1717.304888418592 1946.0081120282975
39633118721737713 -1179.6705970489058 -2097.093319849907 2176.9729959360684
39633127622053747 -1301.641620017208 -2171.6931286480394 2342.124558258351
39633158303386550 -1069.7476735878379 -1803.2525649008282 2053.6415209322536
39633153979056550 -946.9803161349956 -1589.925506953921 1805.6270904628557
39633158303386780 -1459.8890428497152 -2462.691955545933 2802.3698384340883
39633158303386778 -1398.0057184439524 -2358.2847269670156 2683.510877290394
39633140876052558 -1248.232594234966 -2070.619327854796 2293.228116825606
39633114221250848 -1405.9929160456452 -2454.3806868459724 2550.9254539356425
39633114225445799 -1460.5995325428614 -2593.7178623649324 2674.4292598176703
39633132055432377 -1561.4321962426145 -2590.1614364786024 2809.744054955418
39633118709153962 -894.1536720970331 -1522.004566098263 1599.3691719209146
39633118709154036 -1421.3645945889793 -2420.1903213619426 2541.6283854151243
39633109716568846 -1491.8635900786783 -2658.80214279251 2732.7535347648914
39633118709154610 -1115.854775279252 -1904.1980052393696 1996.3990721922075
39633109716568742 -1302.9946731821403 -2321.338882923804 2385.663131964337
39633123171896849 -1246.744369913489 -2087.174207533087 2235.114922732315
39633123171896913 -1408.0077169924716 -2357.579170227905 2524.6266976223324
39633132059623475 -930.6879333702427 -1547.7048159929868 1681.8751386544131
39633132055432985 -1132.325307362178 -1882.2079735822304 2044.6275611204749
39633132055432894 -1420.4122492759811 -2360.4200172156798 2563.5772554781765
39633132055432830 -1384.8625075734356 -2300.9309426347413 2499.726083604135
39633153979057286 -1396.8612220434438 -2352.171213198263 2674.31043810723
39633153974865491 -1159.8250468836543 -1944.5137569177145 2211.8675807503078
39633153979056815 -1395.3933321116144 -2345.6473637747067 2666.5624775382885
39633153979057134 -1063.1917770731834 -1789.4008879652035 2034.002005039304
39633140876051171 -1132.7240013277442 -1870.141630638665 2071.7327700625888
39633149629565046 -1587.3772348017687 -2646.736093003847 2968.297173512784
39633140876052544 -1156.5419137515735 -1918.4347542154073 2122.5543394996976
39633153979057267 -1398.1630686185654 -2354.2358815482057 2676.676326004785
39633153979056606 -1653.1583183093212 -2776.386404787928 3156.501156780163
39633109724956519 -1276.730263779932 -2328.484730167246 2376.563397536674
39633114225445474 -1182.6064806631691 -2097.2557091926624 2171.4508911677444
39633109724958008 -1192.818325079614 -2186.3077928676394 2230.752418482265
39633118742708647 -1580.094043590454 -3005.956105507998 3074.2639059748353
39633109720763844 -1578.477081460027 -2855.358993214761 2915.5575889041647
39633114221251385 -1530.140084665434 -2676.082587912835 2775.5053904432257
39633109729150272 -1193.877994889967 -2203.8547799395774 2245.7598885565512
39633114221251605 -1611.1493525626217 -2819.960834205249 2918.9119258698515
39633162619326037 -1131.6290786642576 -1955.7227630554376 2241.0975255339877
39633109716569011 -1494.7972863268421 -2665.3929986243515 2731.750290327203
39633114217054949 -1256.4577916089245 -2153.3578387078705 2247.528333178878
39633114217055364 -1204.3102875050727 -2067.9584166072423 2157.9050428131764
39633109720761406 -1564.8150746774204 -2808.595589606546 2869.9555656966613
39633114217055841 -1474.6935000979563 -2537.220569558518 2645.169195952672
39633114217057070 -1024.4859223503765 -1769.6943394586842 1843.1173199936093
39633114246416917 -1389.4690539845092 -2636.2638334071435 2691.534624618205
39633109716568339 -1316.751389580733 -2342.013385806467 2404.135703071687
39633114221248655 -1023.1561749729655 -1772.9901934698357 1839.7257079944025
39633114221248936 -1297.1075897649846 -2250.0201373838627 2333.2654998026446
39633153979057053 -1603.1526881199545 -2697.3053586436486 3058.621721347781
39633140876053377 -1539.6244182376136 -2561.27491433884 2832.780912284085
39633153979057094 -1369.326810583967 -2304.2261695072584 2614.6969581908907
