data/coord/ELG_3_clustering_data.ecsv
# %ECSV 1.0
# ---
# datatype:
# - {name: TARGETID, datatype: int64}
# - {name: X, unit: deg, datatype: float64}
# - {name: Y, unit: deg, datatype: float64}
# - {name: Z, unit: deg, datatype: float64}
# schema: astropy-2.0
TARGETID X Y Z
[from data line 12684]
39633393159244600 -1803.9152356420343 -266.8172568323314 3238.8489435866
39633393188604798 -1286.7186359357318 -274.3035830411386 2330.6538601179823
39633393188604577 -1965.4960074543524 -417.80727501830194 3561.437661059838
39633399127738457 -1701.3595824099857 -382.20957890551284 3147.2368570603176
39633393188604506 -2017.8469951645736 -428.5456455399865 3647.554284590521
39633393188604363 -2185.052265436717 -463.11462021351457 3952.6889521803096
39633390181287050 -1400.8702913010582 -264.82727173451997 2496.526374440241
39633393188604300 -1602.2204106131644 -339.33808653218006 2896.7229742541576
39633390181286969 -1413.4902355006925 -266.88780331622263 2519.1217738430123
39633396170752851 -1923.495725464591 -420.2257269268616 3506.426906970267
39633410691434236 -1360.1219181488705 -235.0185620436332 2582.868466194215
39633396170752311 -1941.0288007651925 -421.1733160513893 3530.5442190109275
39633396170752418 -1954.7592068894214 -424.7965104469716 3555.468120073344
39633393188605234 -1556.049482458693 -333.4996392148703 2823.0948002529385
39633393192796212 -1829.4025809565378 -393.4945143301479 3324.083933031364
39633393192796227 -2090.2619798943033 -449.6893771477734 3795.2072859267714
39633393192796504 -1421.8575422151853 -306.91186331688255 2582.3042697351434
39633410691434340 -1493.4800763175615 -258.47147136165046 2846.0210175794437
39633393192796679 -2115.88688511025 -457.6290218067192 3840.2499320426973
39633410716599120 -1666.9243910413327 -379.6015079721772 3200.649305764796
39633410691434256 -1361.2318751470227 -235.2883406713003 2584.8934321321917
39633393188604133 -1519.978117845325 -321.21038780431337 2749.3312005021103
39633396170753091 -1725.587302316752 -378.25156874278326 3147.7957063000886
39633393188603443 -2133.652160351768 -446.56440456497756 3846.3530157242467
39633393188603683 -1741.534559636338 -365.76208407993954 3147.8536850336936
39633393188603055 -2094.6291911309054 -436.39926274135547 3773.231849490368
39633393188603699 -1245.9606235579179 -261.7455029054156 2247.9921218613636
39633393188604067 -1821.0091404557122 -384.4954512405938 3290.0058307311215
39633393188603707 -1245.1759786774917 -261.5990763687141 2246.8146615033343
39633393188604868 -1743.2992768749302 -371.94100206427896 3155.159880953476
39633393188603886 -1819.3790311082505 -383.12647554968873 3283.7767752229993
39633393188603934 -1788.5245057525835 -376.8294455877121 3227.8671833731933
39633393188603916 -1765.2258628385466 -371.85946081293343 3190.473184569531
39633410691434197 -1581.2036283686095 -273.06798851327574 3012.492004467805
39633399085795623 -1578.6772078029574 -207.7317015977649 2866.038142418244
39633396128811278 -1596.7363254480558 -208.69535410739695 2889.4345694545655
39633393159244635 -1635.8264139551545 -242.05206097036026 2912.4338735146507
39633399089987789 -1372.684449816444 -186.0757048777221 2489.351675189634
39633393159242472 -1747.6845968163927 -251.30373909133246 3125.5108088585225
39633399085794809 -1608.6615790229291 -208.2217005455348 2911.713899706246
39633399085794649 -2236.3033052070996 -288.47371054663023 4048.002584582929
39633393188603370 -1563.079434188868 -326.8531077556199 2815.829412733228
39633399127739327 -1606.4365515523648 -364.50493616675533 2977.346802581087
39633390164509990 -1350.8747152413268 -206.62456512378586 2399.7842357996606
39633399127739427 -1603.1671321376286 -364.1810428258497 2973.1519146143114
39633390181286217 -1408.7183192354823 -263.008439953907 2502.466652500671
39633393188603446 -1487.8284131680361 -311.40625536097394 2678.814916219843
39633390164510066 -2106.1661985167752 -322.4727788788829 3741.753203377506
39633393188603679 -1420.5832637986648 -298.3403479983511 2560.3923850070146
39633390181286242 -1525.5087445186848 -284.9427373398383 2710.051029027725
39633390189675065 -1759.1031933038284 -361.5299509071582 3155.7479185016273
39633393188603830 -1402.549795147379 -295.1528752070245 2526.9477367704444
39633399127738280 -1431.091984327473 -320.79694082242014 2641.284857161876
39633393188603949 -1823.5498451252854 -384.2887988073396 3286.3036325497474
39633399127738305 -1700.0677570693074 -381.18357109748166 3144.1571155459824
39633399127739126 -1605.9486555528918 -363.4929360658124 2976.942590735383
39633419155539501 -1471.3428779500657 -316.89519945407966 2918.757042821471
39633419155539474 -1909.9351958806933 -411.2409815262791 3787.448709947139
39633419155539476 -1567.13780061488 -337.4320905355632 3109.165103621752
39633390164510366 -2105.274968682826 -323.66537362043044 3741.8926664712344
39633390164510478 -2097.9853512674035 -323.0117637062576 3724.605688670322
39633390164511134 -2181.163937049928 -339.1993908235999 3876.487903381069
39633390164510577 -1392.0545188066503 -214.632833998228 2474.2436350025896
39633390164511075 -2097.0952960889294 -325.8221356226662 3725.986701363061
39633390164510784 -1741.170151759267 -269.28300515870563 3091.0697263806283
39633399085796082 -2167.420299219676 -287.5558939502352 3928.0317632712363
39633399085795848 -1787.8187786411368 -236.20214229416624 3240.708631508779
39633399085795003 -1424.7894058948068 -185.25281711319238 2579.680534540562
39633390172899659 -2243.138999251218 -390.1019233443683 3977.8381712403857
39633390172899727 -1710.5775190734232 -297.805939359379 3034.6093269261223
39633404966210461 -1738.1593704724037 -402.31518755105986 3274.54074123096
39633393192796761 -2087.754303103854 -452.03108876985885 3786.50789033096
39633402063750641 -1692.0283054712843 -395.37400407735714 3164.2684103632787
39633396170753429 -1841.3451713654936 -405.6359229091594 3353.9072827537434
39633410716601578 -1340.3719064737097 -314.367574801717 2590.1201050103905
39633399131931799 -1468.8160144860824 -338.8292374486055 2727.600604538192
39633402063750522 -1736.547120435678 -405.1804714542663 3261.8865469816087
39633396170753638 -2124.1650510527684 -469.46750630516897 3871.7583818703506
39633399131931418 -1479.0397387030644 -339.6930586305523 2742.2354945979787
39633402063750191 -1555.263692747839 -361.36674617949427 2897.4097931546376
39633402063750567 -1722.7251434684051 -402.1988966323541 3237.782332687494
39633396170752974 -2137.1788465954046 -467.72087116679234 3888.6963891803994
39633404970403031 -2097.0651399871376 -493.3458361269501 3963.9262159740656
39633404970403130 -1662.3430275158485 -391.48682364806405 3144.070611823587
39633402063750797 -1528.7701140165163 -357.9756455383956 2863.1660985105473
39633396170753096 -1253.7370161609201 -274.83239904324074 2281.4936722419047
39633402063750481 -1527.2275823678197 -356.1332569121569 2868.665465196941
39633396170753135 -1796.8165897096387 -394.1491370751087 3271.4803984841146
39633393192797239 -2168.6992403240424 -472.15946481405604 3942.800308174298
39633404970403276 -1649.2400272087548 -388.93859518744 3115.947217878021
39633396170753270 -1133.7257170818498 -249.20056170707437 2066.1748859655127
39633410716601749 -1160.3243856523748 -272.664775956988 2241.1229406896123
39633410716601667 -2100.882550971435 -493.242729287012 4058.2842548120266
39633393163437858 -1758.3706278788663 -272.46033236971624 3129.331724375466
39633393188603232 -1773.8878223170448 -370.310989454026 3187.1719932356827
39633399131931131 -1472.6839432091253 -337.0429622142525 2727.4949648905476
39633393188603169 -1318.2299259741853 -274.98224710158985 2372.121205686508
39633393188604788 -2024.3981587754104 -431.50496583582924 3656.949431142594
39633393188604990 -1542.554747802806 -329.601399850665 2788.7729936902897
39633393188605438 -2117.7262950484824 -455.2355820110339 3829.9463330752233
39633393192796571 -1565.6236935162012 -338.1500828973525 2832.117585472955
39633393192796626 -1957.7153466767556 -423.1607364263807 3548.5620187880163
39633393192797363 -1645.9038715955699 -358.79071287338115 2985.9367884094468
39633393192797422 -1573.976221755047 -343.33436196387134 2860.2544476764183
39633393192797546 -1644.7606846881695 -359.32014437214355 2987.727865691876
39633393188604565 -1695.4755464880934 -360.35758109065983 3057.7317623978174
39633393188604741 -2027.2664989123873 -431.9190624830856 3659.6818045464147
39633413556143920 -1976.7218540116996 -460.7031872745351 3844.0732247529827
39633396170753597 -1421.897007575371 -314.0380870839738 2587.706981926046
39633396170753625 -1103.5278419832093 -243.855643960551 2012.2676155531756
39633396170753764 -1788.9278132564782 -396.0896055179678 3262.761955796886
39633393188604361 -1695.4937750183012 -359.3449374311822 3058.4971220527354
39633393188603843 -1766.8055587204897 -371.84187474274626 3182.481222258296
39633393188604148 -1620.0569456668197 -342.44836619186583 2920.2946026814934
39633396170753882 -1460.243880626809 -323.7666785011419 2663.726638510558
39633390172900290 -1622.404726914755 -284.5435550485495 2873.6132599545595
39633390172900613 -1558.5081345005385 -274.6400172113027 2759.641549359645
39633390172900245 -1522.9915146624844 -266.93621698488545 2695.937668168711
39633410720793117 -1386.2596986386582 -328.11976821462156 2688.50394847876
39633416366328256 -1870.8046465829095 -425.8954971188158 3669.483832332657
39633407839305990 -1682.8358876869922 -328.7830607540104 3181.725716981795
39633393163436924 -1438.6451638125202 -220.12863370849988 2567.9745232435826
39633410704018110 -1487.9738257957895 -303.67495585673265 2867.614172208279
39633393163436909 -1605.424644918919 -245.5961256927133 2864.5921707845014
39633416362133692 -1527.29815066473 -331.45304321243106 2996.4753577843862
39633407818334969 -1576.4002803981343 -235.41872127529092 2962.8851361423262
39633402046974957 -2120.502448833237 -424.29257892911414 3924.818979967997
39633396158169272 -1813.3254801586772 -342.7205047494763 3303.0376692606314
39633413539366371 -1489.2902118381585 -286.72884673681676 2884.871824491911
39633396158169312 -2110.6775863082803 -399.1440536867595 3842.7401804445576
39633407826724265 -1501.2295067292173 -254.9393900313632 2837.895165648043
39633419126180024 -1673.712419817109 -249.35599294944547 3268.1869498708047
39633413518394219 -2029.5341588936205 -290.6297874753353 3898.210254043396
39633421898616083 -1689.019536591348 -258.70957724967855 3363.199690372288
39633424658467386 -1054.671988693088 -191.98025042002644 2136.114043242845
39633407851891536 -1906.4739321310326 -442.52925231834735 3644.5999087986056
39633407826724515 -1415.725678170661 -241.3671742053212 2677.8493854896747
39633416341161984 -1436.3718109737151 -239.7129840346425 2798.4843043402307
39633419126178999 -1346.5851858139836 -196.8967389746362 2655.6678157625124
39633413535170753 -1592.6732189495597 -286.11200762308295 3067.8234555260037
39633396170753034 -1965.7834703024807 -430.5287996386945 3587.920174088042
39633410716599881 -1879.9948002683884 -432.64824028822375 3616.8292898719246
39633410695627269 -1801.3021784883072 -322.0061242302883 3445.9513836972615
39633399127736644 -1986.3108053166586 -435.08597183992043 3685.129509389923
39633413535170705 -1993.0584186728936 -357.67821848518213 3837.3926065470137
39633407856084968 -1887.987900323336 -450.43509869090394 3602.111268119728
39633416370521095 -1768.5003806453174 -412.527944251604 3485.865569257692
39633421927974895 -1513.6314793971596 -332.5400158881483 3030.840048750058
39633421927974961 -1576.4076061232035 -346.6152122779236 3153.5979273287994
39633413556144216 -1048.2396571009645 -245.25093035013182 2055.155263186255
39633421927975012 -1513.1158405738297 -332.9608004227342 3031.2168240782576
39633404970403241 -1410.3694463566483 -332.478879197797 2660.4214920892287
39633421927974901 -1459.2740751334777 -320.6202009838048 2920.840705965285
39633413556144144 -1548.2527543462825 -361.88757061184856 3032.01399143109
39633396170754241 -1708.6089685323245 -380.71129796125 3137.983134365172
39633396170754205 -1707.3376375433697 -380.1824913775467 3137.4660619438732
39633396170754036 -2162.0158490045205 -480.3211302738062 3968.1154125115463
39633396170753696 -1944.5227593494772 -430.0847114230609 3570.1715888401413
39633407856084858 -1330.5109599867283 -317.01544838694394 2539.5220953892053
39633407856084546 -1444.7139749199541 -342.7299851341412 2755.1973064368512
39633396170754173 -2179.768305672407 -485.1889319299184 3996.8312316981805
39633413556144100 -1900.4105941764192 -443.94515755273403 3708.2635509814486
39633413556144321 -1843.2808139109627 -431.79424064840526 3612.7543623330725
39633419159732541 -1412.030473684796 -313.6749666516988 2798.979164953801
39633390181288748 -1971.6344075879508 -381.93214458807944 3531.382902299093
39633421927974763 -1358.0446967707442 -297.80992903952955 2714.2693864433345
39633404970403240 -1387.5156700691473 -327.09126108128993 2614.6978095988843
39633404970403245 -1764.6544425457425 -416.006170255355 3349.597845250373
39633404970403347 -1402.0750065973032 -330.86037014334903 2643.8157187343586
39633413556144591 -1566.5367057124076 -368.1911118441938 3053.4981673854895
39633419155541273 -1866.6426600410966 -410.9619337893614 3726.8086325944623
39633407856084569 -1729.0481243488625 -410.25427202600184 3293.2630378880062
39633396170753929 -1351.5942529349222 -299.8683615556906 2478.62290268115
39633419159732404 -1460.4493503816307 -323.7517808595763 2909.0532143094133
39633419155541534 -1220.9220801831573 -269.9101379643396 2433.9548228026442
39633410716599871 -1211.8453101650405 -278.8406943250738 2327.886453776251
39633410716601048 -1842.6365401301834 -429.6228431921024 3549.169315467637
39633419155541357 -1620.2614391500401 -357.2126660644482 3223.6975623249614
39633419155541351 -1426.9388117723977 -314.57409034322046 2839.829485757181
39633410716601215 -1840.7060081321538 -429.97782374647977 3544.4793152197262
39633390181287918 -1642.0506442839014 -314.36224000718437 2936.449613835696
39633410704017789 -1618.522853561485 -328.8882776918885 3103.298245840753
39633404970403962 -1648.671529835745 -391.6197647286154 3127.018398913507
39633419155541052 -1605.0674272832548 -352.42808194635643 3201.870555172363
39633390181287797 -1716.665480319839 -327.98904353346967 3069.084274670092
39633407809948691 -1461.141742576394 -198.51107352546882 2757.9443389496955
39633421902807361 -1269.376554955835 -196.40971695779632 2519.9686301630422
39633407826725761 -1834.695624386657 -318.66185805559235 3462.888361497711
39633421915392214 -1424.6004099686652 -271.51142281237816 2860.7088396932936
39633424662659748 -1656.471646945084 -309.62608319326876 3328.3577440022077
39633410695626965 -2072.725819349479 -368.8827615707831 3953.122845960913
39633407826725479 -2020.7690362249157 -349.58423962053894 3809.119949699311
39633410716599601 -2037.639514800763 -467.2557529679494 3917.6066161635736
39633390168703588 -1219.9425980952353 -195.63490411392635 2164.0871017146233
39633393184410363 -1733.381355284046 -352.5895854527179 3110.815358172807
39633393184410583 -1984.9348230693313 -404.95092689026546 3563.3972887146992
39633399127739374 -1853.1223551284988 -420.74724964575137 3433.1174223297057
39633399127739289 -1325.180917072824 -300.5203647721022 2454.0536212513252
39633393163438552 -2067.8966148180157 -323.82688601689745 3681.9981092142293
39633407856085603 -1872.0245487488248 -449.95228929318677 3566.248388290436
39633396170754467 -1492.8126383386011 -333.7611601089148 2736.3981235049337
39633410720794162 -1562.5417250981798 -374.4038867616933 3030.0041117628975
39633421927975396 -1526.0202834834301 -337.7567538782963 3054.1034840574716
39633404970404563 -1630.3226743389866 -390.2223844320085 3092.4258668149287
39633396170754692 -1346.4540118478453 -301.8811023376173 2471.026536234038
39633402063750156 -1663.7875732281573 -386.42545029663245 3102.400457603367
39633416370521457 -1624.3936753214282 -380.7507669394459 3194.294448857119
39633399131931697 -1496.2169688536976 -344.7243594573962 2772.542122103212
39633413556144258 -1474.0731243542607 -345.09682129143346 2882.136636636119
39633419159732651 -1922.671012704688 -427.7673357311433 3843.8845654266324
39633419159732897 -1779.9739020942163 -397.47096209340447 3558.4646075150663
