data/coord/ELG_16_clustering_data.ecsv
# %ECSV 1.0
# ---
# datatype:
# - {name: TARGETID, datatype: int64}
# - {name: X, unit: deg, datatype: float64}
# - {name: Y, unit: deg, datatype: float64}
# - {name: Z, unit: deg, datatype: float64}
# schema: astropy-2.0
TARGETID X Y Z
[from data line 13614]
39628379112083045 -4064.340172009029 -1012.3977442765809 1975.1606176676012
39628368173337257 -3236.9559844335845 -918.5834386420122 1551.4100486195523
39628379124666037 -2762.829028420032 -731.7073778613496 1352.3140265434827
39628357171680266 -3619.577146992667 -1065.2685561885366 1695.0751890743709
39628346115490600 -2728.651998197677 -789.0240879370567 1253.2766604794865
39628362687185669 -3559.1579256432037 -1054.2824742438129 1689.202766982571
39628340545455140 -3831.8663715896396 -970.0291190199158 1709.0531480707846
39628357171678910 -3362.9135920775034 -985.6039913802836 1569.9802633114998
39628368152366542 -3840.843989915518 -995.5359998934173 1822.526970949329
39628351647780622 -2616.3441335179173 -766.2918429211521 1220.0711208260627
39628340562234748 -2699.4837501264947 -745.9314238030286 1211.757327795498
39628373659484261 -3837.638081836392 -1058.2232384001943 1859.1319244338654
39628373672068958 -2877.315634280636 -845.069756849877 1396.9809094367592
39628373655294538 -3021.6479312755505 -832.857607386823 1463.404156363775
39628346073550352 -3310.9202463123243 -800.6199069900185 1501.8290315615707
39628368173336270 -2950.879241865529 -833.8693009379768 1419.5781671981433
39628368156561754 -2774.07395965877 -734.0125979848669 1329.606077039519
39628351647779236 -2778.2221999905014 -809.6313391208477 1281.6408354810671
39628329438942576 -2561.5333852144345 -694.8357974490557 1128.6419245935106
39628329438939941 -2996.540650713385 -805.363524425758 1318.5297483249649
39628334992197432 -4037.575573353675 -1022.1184062786431 1787.1987141452
39628334988004418 -3724.452473011126 -929.7561521954824 1647.958715565491
39628334988004233 -4028.5698922336505 -1004.942441993741 1781.4131538481424
39628346073547133 -3726.593527335583 -886.9978153629135 1682.3958126889618
39628335008976894 -2882.901662226026 -797.1943516984592 1285.0014037303463
39628329426354824 -2865.54868755027 -721.7302866619273 1260.944883681511
39628329426355651 -3882.1602519484627 -981.4658563904152 1709.301650648654
39628335013167670 -2174.6714579892214 -603.2912647772094 967.3686697143619
39628340537065940 -2893.3442077546447 -702.23203498685 1289.9813515074643
39628373646904424 -2592.8870930545086 -683.3922760083105 1246.2921707584587
39628373672069161 -2336.6952127746454 -686.8824186479084 1134.3241329099526
39628368156560161 -3800.2800968783426 -998.8475925745108 1813.6962673996866
39628334996390778 -3878.2505907013565 -998.1023919612785 1714.7807754686135
39628335013168416 -3688.221910069083 -1025.7396404551248 1653.3941750528245
39628334988003047 -3275.0763934822426 -813.092408357959 1451.9633086946778
39628335008975902 -2538.3530141466927 -699.1554887332854 1133.3591360590651
39628335013168382 -3688.5684172647175 -1025.728237347414 1653.7423863139363
39628346073547535 -3472.649787996224 -828.1526604337053 1570.6349677883209
39628346073547526 -2436.3034921729604 -580.9866881682765 1104.1678008581887
39628335008976445 -2810.181575840833 -775.6376757100126 1255.127511672658
39628346073547472 -3473.457165185483 -828.1238060864654 1570.7576826629765
39628346073547195 -3595.2202801152052 -856.0419971546067 1626.7575227438965
39628346073547187 -3138.1489953428954 -747.1854476521007 1420.8330134248868
39628335008976254 -2730.399778876611 -753.149885765481 1218.4346344626335
39628368156560538 -3094.218140716379 -814.5006363802225 1474.5121700947004
39628329443132420 -3175.630188413823 -864.539355424144 1402.1287996618341
39628340570623963 -2256.170763203628 -646.5118342123664 1020.6499083549735
39628335013170405 -3430.006894391289 -960.6305912617104 1528.7138144778446
39628329434746323 -4041.785004238951 -1068.3726081759328 1777.478893075897
39628335013169920 -2262.0309191759407 -632.5036564035406 1007.6886000293645
39628329438942362 -2645.1222166589046 -716.979582063531 1166.8871170074337
39628329434747735 -3250.743639312552 -863.5043283860396 1429.7546091396914
39628351647779669 -2493.750009690323 -727.8666488210868 1153.4463281686164
39628351647779215 -3850.1399295805186 -1121.924487046478 1778.0438991155875
39628335013168572 -2742.0161695176043 -763.053836376206 1221.9112851973948
39628351647779170 -3935.3869975666503 -1146.5555456344503 1816.8220547462547
39628329438941746 -2808.3189912896555 -759.6321289352151 1239.1352180185163
39628334992196239 -2830.103852061528 -713.4883315357547 1248.3115018951598
39628334992195927 -2833.142451478496 -713.5159213193888 1250.9171307452061
39628334992196320 -2756.7157651221673 -695.1449421359185 1219.7947603989362
39628373646904486 -2365.747272210834 -623.6763297121204 1136.7280793073883
39628329443131686 -2319.770334139601 -629.9412494508841 1023.2517526055278
39628329443131795 -2399.899825775208 -651.934081531888 1059.483286125414
39628329438937698 -2717.4387457212465 -724.9765473413206 1194.7555630247496
39628334992196995 -2799.1776452549652 -707.473722050119 1238.3741719791415
39628334992197053 -3477.0016997395032 -878.9408599920207 1537.5024852794097
39628329443131625 -2615.6319134924684 -710.1636101716588 1154.958512834828
39628373672070662 -3402.651889245532 -1006.7058221696499 1662.2481906760709
39628373672070572 -2518.624267124195 -744.7903237691852 1229.96452573049
39628368156558424 -3385.403639595713 -883.5146570830486 1617.0433977417447
39628357175871122 -3617.343690915932 -1070.8771292444844 1696.1736471675945
39628351647781409 -3937.1246825113817 -1156.8623520133247 1828.8091604288059
39628351647781302 -2456.3624436498103 -721.4397222096198 1140.6400840876317
39628351647781069 -3432.695737201054 -1007.2097983190442 1594.0710589069351
39628368181727535 -3277.114586919082 -968.2643318509048 1581.0468403368254
39628335008973156 -2645.4098107389245 -719.9255261140919 1174.5300941829291
39628335008973182 -3245.8740069060636 -883.4249480725887 1441.8802118933233
39628373672069966 -3062.275715634384 -903.075920328634 1485.27392918111
39628335008973213 -4098.567288327786 -1115.6533972217928 1819.2124131836968
39628334983811591 -3304.0349682180827 -814.3475932353442 1467.0693973923705
39628334988002542 -3530.301952780974 -874.4993848876946 1565.1058946712703
39628368156560703 -2590.0917958509526 -682.2866042073375 1234.7852324784167
39628335013167739 -3928.144330141365 -1089.979983405494 1758.6083122442462
39628351647780524 -3403.854721883434 -996.5844056213559 1570.5260798628046
39628334992197833 -4038.932634567411 -1024.0812799684306 1785.4413226044826
39628335017362459 -3663.5573422818434 -1037.0546321471502 1640.1734453546817
39628335013169374 -3787.3203253393917 -1056.9688798925338 1684.655478753656
39628335017362721 -3334.7760597032025 -945.1492778973255 1493.6783128392235
39628335017363598 -2639.7835475432526 -750.678333470298 1184.385843503765
39628329443133816 -2931.1366407861206 -801.5473103985216 1296.9457377272604
39628329434747150 -3549.0554693080326 -940.7750788328834 1558.7888116232202
39628340570622052 -2559.75493803479 -729.5139320412333 1151.2892162526364
39628384610813702 -2974.112617406287 -861.0242549311985 1484.8828501816506
39628395499226192 -2365.116094130802 -647.9409642442865 1201.2523123010812
39628390067604198 -4007.3525854039995 -1165.6722475128995 2004.5518945339873
39628390067603874 -2367.186451169259 -687.7165445047996 1182.887063056442
39628395507615346 -3252.92011651234 -927.7120183750159 1652.0337470424693
39628395499230048 -3105.9589780946035 -861.2744269839059 1576.417551844655
39628368185917687 -2868.0911070263337 -849.7226782433386 1381.021690086139
39628400935047195 -3718.8941706799965 -1052.631256947222 1896.9258199559447
39628400926656086 -2829.2256207386918 -764.2512060107357 1447.037971774669
39628395499225940 -3531.553173411001 -966.7675639539469 1784.5506507880987
39628384564679037 -2723.55522378089 -641.1918775638309 1331.2841365295246
39628400922463407 -2929.4104265936194 -782.2536221867508 1502.5820554209747
39628400922463124 -2510.5234961143224 -669.4896734295149 1283.9790487404812
39628400909878862 -2767.1866159227657 -689.2799542200199 1399.1543942443302
39628384610814953 -3282.3620893821776 -955.1489249464838 1623.6955634928138
39628368169141381 -2943.0828575743485 -813.4363901884002 1413.0852504003703
39628334992195629 -4031.137007553847 -1013.9642523857126 1793.766273392492
39628334992195662 -2836.9986107378636 -713.7030869937618 1262.684296035997
39628390050825644 -3401.077308188712 -913.0869828285619 1693.1591108592193
39628368156558363 -2923.993599332452 -762.9121473217175 1388.5769835525296
39628373672069073 -3725.4573772201043 -1094.697094772678 1812.8049563639502
39628384610813512 -2454.1006326831284 -709.9388192275287 1221.8854681361083
39628384610815076 -2978.2742996146308 -867.0496362140898 1473.9204177832003
39628368181727471 -3405.133030626349 -1005.7844514071774 1632.7038949376715
39628384568869960 -2808.990615388064 -665.6122196992761 1375.3563272559607
39628373638512802 -2490.467374890109 -622.9720853691674 1197.5341927342067
39628384581456278 -3774.920624974974 -965.7704225703208 1859.9754608085373
39628368181726743 -2591.1199741007886 -763.0796771450306 1241.6382255794954
39628390025662466 -4079.1881184645717 -977.3299782118186 2026.001295745907
39628346115492450 -2868.8754156217974 -835.4768511734575 1320.10654440545
39628346115492092 -2653.6614818865855 -771.8034427725781 1221.009692896619
39628379112082770 -3902.669278399 -971.0703181008907 1894.9179202454811
39628379112082867 -2940.669619207399 -731.9924043866995 1427.2590860756857
39628379112082886 -3900.4851921050035 -970.9718197120336 1893.9447577204112
39628368156558981 -2889.28338251675 -755.7170712846006 1381.5677542748574
39628368156559928 -3855.040448486842 -1012.1416129800044 1839.173351334381
39628368156559212 -3806.5356508192986 -996.5368595395587 1819.2982069324107
39628346115491410 -3309.8654208583466 -959.8179946626949 1522.7518980681257
39628368148169559 -2553.9173352203675 -640.1687914302616 1215.6063667933292
39628373672069480 -3528.711808718513 -1038.6245892558734 1717.7522581388484
39628395507616773 -2477.1285841609733 -709.8256264921417 1256.873824853199
39628395507616801 -3563.9959528535865 -1021.3551090472889 1807.2542441676987
39628390067601904 -3564.217810855673 -1027.8486168091345 1799.091827536003
39628379149829571 -2464.684019421433 -723.7548769450266 1217.6759552410062
39628379149831905 -3183.640373974388 -942.129950574448 1565.3640618979248
39628400926655800 -2559.0015463925147 -690.3450709709848 1310.5139627994195
39628368185917560 -3790.772766164317 -1122.4348829326918 1821.544731818975
39628384615008851 -3385.9800387607866 -999.8824675556485 1675.5521057420044
39628384615007687 -3818.497125788324 -1123.2101305368378 1899.7732234193943
39628368185918585 -3787.3150455620735 -1125.7593931874387 1817.3621662269577
39628384615007160 -2723.576072573025 -799.7767993678763 1356.7833658393524
39628400926656171 -2981.7236862814425 -805.6830011960255 1527.1012016338252
39628400926657981 -2783.8828628821275 -757.6068711170914 1417.388816217725
39628368185918512 -3787.915833790871 -1125.6536071077533 1817.8076296280642
39628368185918712 -2265.6465461599782 -673.7965693833794 1086.7108991660705
39628400926657410 -2890.886507645589 -784.8973764602514 1471.0997450558712
39628400926657767 -3654.735957000093 -993.6921816837391 1860.747168166784
39628379099499129 -3228.931790939362 -752.777062127019 1571.7972671321559
39628395469869603 -2909.018790100689 -703.8635666579206 1464.3373564568376
39628395474061003 -2480.6450909701825 -605.3290469769144 1249.7182160253997
39628390021469484 -3041.9446408066906 -718.5659125034006 1509.7322585303098
39628368160752885 -2968.6126515391798 -790.8113348550319 1416.874707685965
39628384564676926 -2815.7441296885618 -656.4774023008777 1380.07761836533
39628400905685737 -3049.3221287467595 -748.0601844809822 1540.4356004033616
39628362632660918 -3104.1888282409554 -716.4642435212462 1456.6745859601174
39628395503421630 -3626.2850258328094 -1016.3370997732188 1845.3093826509082
39628400935043189 -2832.3269817875694 -789.9235302257064 1442.7326021025249
39628362632659879 -3776.0653096501746 -868.084479299947 1774.7077756711324
39628384610815040 -2700.7750670158352 -786.1698646103762 1335.2667646131015
39628373659486543 -3436.378051776638 -956.2107622253297 1657.3285624485154
39628368156558289 -3442.122193684522 -897.821164771913 1633.6010457638963
39628362632663358 -4083.62074139963 -952.2355130209638 1907.224508827917
39628384610814509 -2804.6649182738106 -814.5722751256602 1399.3860137003223
39628400909880651 -3818.4948098131904 -957.5779890705252 1932.435916183236
39628384610815689 -3529.8111136287316 -1029.7555182821166 1752.207689454045
39628384564676387 -3818.3112573001745 -888.0833071729965 1859.5647441199367
39628384564676129 -3615.4664297816958 -839.8637146486919 1760.6785201043258
39628379099500021 -2485.564729758487 -582.3734420112331 1208.971447966519
39628384564676332 -2885.8896369403133 -671.0610423902068 1405.8882012865254
39628379099497815 -2982.9007568488237 -691.1870602418344 1441.7594803791999
39628329438940604 -3768.61393192759 -1015.1815761515917 1657.902170525254
39628329426354879 -2707.7247304287534 -682.1873261074271 1189.1898207351428
39628329430549631 -3377.468810265375 -869.0602475286661 1484.339801166431
39628329430551922 -3098.771896451027 -805.1632580373958 1359.1012926817757
39628346069355877 -3398.9142650192402 -802.149646909734 1532.288244716653
39628340532873397 -2520.4845221247356 -604.3984584858431 1127.7759256586546
39628334983809238 -2500.8058026619697 -609.9820754929385 1106.2413268732982
39628346069355866 -4148.759805254822 -979.0848606233765 1866.2121450496197
39628335008977105 -3803.4178768505485 -1052.4846594372937 1692.1429997975602
39628346115491820 -3236.71037877544 -940.3633923382226 1486.3404251263837
39628368148169558 -3850.643684245766 -965.204075463323 1832.9633265098187
39628373646904803 -3004.806875644299 -793.029269705692 1442.3685032597048
39628368156559929 -3636.029060972718 -954.6434850354648 1735.6283355273613
39628340532874103 -2977.2530884353646 -716.1430688167105 1330.0487949125895
39628384568870538 -2720.058713872756 -646.3324953417995 1340.3860870359572
39628334988003318 -2866.933265403571 -712.5299013056056 1271.3840370191983
39628340537068460 -2783.7980603306305 -681.8950271746507 1239.392587436692
39628351647779522 -2945.3130611961524 -859.2575429311953 1361.5613682759122
39628335013169078 -3724.6501510225526 -1038.4455032564342 1660.604549955739
39628335013168924 -3796.3683631197678 -1057.8469296737396 1690.5326659128536
39628384615008094 -3355.1579993770756 -988.3039461227168 1672.483940254825
39628346115492666 -3530.285306177198 -1029.2478315547642 1620.1439557410285
39628384610815719 -2291.3678701867293 -668.5300595026581 1143.6517239885275
39628346115492560 -3259.8306780026273 -949.8350941891673 1497.5052910561624
39628384615009324 -2699.2222320398178 -798.2939812196407 1339.6181248375176
39628400926657630 -3547.823635883889 -964.0594199499291 1815.1134093502003
39628379149832684 -3404.9735495025266 -1010.2288273624617 1677.782404796498
39628400909881364 -3905.0985991987386 -982.2032485683565 1978.148673277317
39628362687186162 -3131.8723650173924 -929.0105208371366 1493.1795016997376
39628373672070932 -2891.570103321615 -856.5383551406386 1414.166526568624
39628357175869929 -2864.907123887997 -845.1465171984139 1350.6116902223714
39628373672070771 -3760.2513542678867 -1113.0199473809134 1825.2944792388819
39628362687186994 -2948.6713985883625 -877.0777815936268 1398.3884740135518
39628351597449505 -4045.350863402829 -937.6073422734152 1845.9978808647825
39628351597449745 -2603.4590590356624 -604.1961538953851 1190.6267128229547
39628390021469021 -2150.449328971954 -507.0579301475361 1060.178337045618
39628340532873532 -2863.9274569016934 -687.0876298409312 1286.1738432507116
39628351597450028 -3552.2884382781363 -825.5760899473205 1614.427274880322
39628373621736558 -3077.5125511968454 -710.4034924063557 1477.7278340897212
