data/coord/ELG_7_clustering_data.ecsv
# %ECSV 1.0
# ---
# datatype:
# - {name: TARGETID, datatype: int64}
# - {name: X, unit: deg, datatype: float64}
# - {name: Y, unit: deg, datatype: float64}
# - {name: Z, unit: deg, datatype: float64}
# schema: astropy-2.0
TARGETID X Y Z
[from data line 5271]
39632946285512320 -2456.6864918886695 -1860.29072160312 2021.1970200638518
39632946289706643 -2178.0004628816396 -1668.7814507816533 1805.0305005354726
39632956385397688 -2259.9468586632784 -1748.4245855975662 1901.2455752469652
39632956389590279 -2001.5592043202034 -1557.2402052129107 1686.8930193557653
39632986315951604 -2828.907004680601 -2223.000556812058 2532.790326149311
39632951348036042 -3059.8947081855395 -2365.5446848105817 2571.187344761778
39632951335454619 -2733.473775738464 -2055.046635093925 2262.879471889913
39632956389589907 -2669.282421398712 -2074.881983575369 2250.334598736634
39632971405200568 -2289.372543500068 -1716.3988837698112 1960.1624303323815
39632986311756485 -2256.574841693641 -1747.5503437651578 2014.9634981759832
39632986311756876 -2279.034789777393 -1766.6606813900387 2037.3212754136473
39632986320142807 -2217.399156475167 -1746.7123177398344 1999.6686783891369
39632966397201150 -2846.9843491571687 -2073.8564007791497 2391.159151119588
39632956402175460 -2097.051769033196 -1696.6399929280833 1795.3937505913213
39632966397201262 -2226.443575846267 -1622.3331839840657 1869.4824308267252
39632986303368175 -2053.5682410628315 -1560.0507719204568 1818.4663970548631
39632966418173371 -1953.3129416734396 -1508.2869951028288 1674.7411418503882
39632986311756421 -2101.052522817921 -1626.8087598964619 1876.198224887204
39632996172564196 -1821.6642478232545 -1418.998975422313 1664.3389325815363
39632996164174961 -2056.7341169694587 -1564.9096910566686 1856.22054276392
39632966405590108 -2865.9635750261086 -2137.710829551086 2438.9268854099223
39632996164174982 -2554.1833148042847 -1943.5282989159984 2305.6437766287263
39632986320144715 -1812.5245158254259 -1435.7179369111875 1634.1142904609158
39632986324338135 -2436.7708134510867 -1947.2881552319182 2204.9184702176376
39632956397978221 -2766.883929432033 -2195.64864007371 2358.4780504168953
39632976396423010 -2952.6819804070738 -2275.743568965587 2592.1190933484672
39632956402171992 -1903.3632362330986 -1525.0452227715175 1629.8829551406552
39632971396812344 -2693.7998319066846 -1976.8582139118648 2285.89044409225
39632986303367667 -2277.397950566325 -1727.7586145884052 2029.608309148185
39632951343843716 -2056.8466598660534 -1581.9460810440614 1721.4329772813596
39632946285512139 -2858.3703795659712 -2163.3834335996876 2351.961994522103
39632976396422291 -2212.258212956325 -1701.5771377200758 1942.0669451567583
39632986320143769 -2235.8818008082267 -1765.9758148072424 2013.5098539262033
39632991248450887 -2733.538259492061 -2116.3644021422406 2455.250440625784
39632951348038447 -2237.804196354953 -1740.3445413335814 1884.8518364048762
39632951348038437 -2073.835409312989 -1612.7608154699064 1746.4909124294845
39632986324338324 -2693.9602780654977 -2154.0803303221865 2441.9652177769003
39632986324338505 -2532.591740895848 -2026.3128308979806 2294.547896475848
39632986320143349 -2252.6777636007664 -1776.9974353735038 2029.2770356526132
39632986324338341 -2804.2648234235335 -2242.396456141061 2541.583354450139
39632976396423128 -2209.414690093293 -1703.4320249719674 1940.2084410396806
39632951348038316 -2773.7038061502567 -2156.406636067585 2333.4153036704433
39632981345698934 -2748.094119452214 -2019.909840065641 2391.880068432527
39632986328531403 -2248.9655420580457 -1811.1936624543425 2043.8194317417083
39632941231374555 -2615.905942456908 -2029.0807336827208 2143.80554495609
39632941231374468 -2211.769815301587 -1715.1875365749274 1812.9088814413544
39632946310679631 -2726.409894021278 -2210.429149962022 2308.418114301589
39632986299174526 -2546.245182831784 -1916.6643166697563 2245.206539274973
39632976413196388 -2067.2954355858255 -1647.6312373314238 1841.1666633317682
39632956406370052 -2649.2183742406983 -2167.9316369485605 2291.726829971417
39632976413199262 -2919.5228279184157 -2344.2925354008044 2587.19112560875
39632941235571490 -2720.210102899947 -2146.467622501047 2254.8943768125823
39632971413588416 -2894.736018530984 -2211.8202325547263 2514.893996310371
39632981349892342 -2622.031760020124 -1944.81172067616 2293.387975587296
39632986299174574 -2754.3605486544025 -2073.625080231189 2429.2153602760054
39632961410172614 -2342.488730096858 -1814.4325785994486 1993.1941357093888
39632941231374631 -2614.200081060289 -2028.1072985582707 2142.7623662471733
39632966409785218 -2321.458313856715 -1753.9193427029081 1976.5409346807678
39632941231374630 -2727.0933647400393 -2115.687677883495 2235.748733257742
39632966409785111 -2469.898067069898 -1865.4646137584857 2102.085255047653
39632966409785227 -2059.2919201723034 -1555.9311413021242 1751.4401728282173
39632966426560130 -2851.0109970711046 -2234.9112659532125 2465.7369468178254
39632951364815790 -2743.4566720813395 -2229.225010648887 2349.226161896297
39632976392225544 -1899.573324052708 -1435.7337130911665 1655.0984981928614
39632971430366085 -2820.1270896765755 -2255.251110105476 2478.1841101028085
39632956381202201 -2100.3825786182215 -1601.498262569942 1770.446682879525
39632951352230057 -2391.369812445886 -1867.0612674177569 2005.2172463833722
39632956393785890 -2126.054272370482 -1678.7358935139955 1811.0077806659767
39632966397202010 -1684.3014208381992 -1229.7943934424623 1414.7500666306305
39632966426559681 -2377.28839450446 -1861.526792114381 2053.7240792045436
39632971396811837 -2818.5426937470065 -2065.0693102510227 2395.9427990173313
39632971438755658 -2882.1987988900887 -2359.625149740761 2556.279740388363
39632966430753812 -2403.7641338950557 -1902.9505161712375 2081.463268224869
39632966430753536 -2428.3002105233327 -1920.7741203608055 2102.362450808131
39632976379645650 -2335.377773466467 -1722.3960036105198 2005.3132222166907
39632971438753756 -2400.3172184748873 -1955.9699086932028 2124.5999932315667
39632976392227741 -1770.1835586670943 -1345.9387101969705 1539.7520353998727
39632971430366135 -2547.5465834717766 -2037.5532297117936 2238.461024392344
39632971434557970 -2700.4529961145035 -2168.7203275053575 2390.339682466155
39632976388032723 -2184.10251046686 -1640.6352221246416 1903.3329983248761
39632966409785013 -1638.7850073292827 -1237.379447242276 1394.0870238413424
39632966439143293 -2576.3407436577363 -2089.962206751884 2267.379928777382
39632966409785099 -2312.7475430709023 -1746.7217775803765 1968.1195629237397
39632981370866827 -2537.005831655921 -2004.8226599328998 2256.7395041289133
39632951364815875 -2293.450125582636 -1863.9804995653099 1962.5182518732888
39632981370866904 -1888.338460258557 -1492.4777763519787 1679.2640369437656
39632961422754615 -2286.407851137823 -1824.1343109733557 1967.061568581243
39632961431144100 -2981.43182443157 -2438.4690676077757 2599.6713263178767
39632986311756129 -2032.3593120220821 -1572.5437334995631 1815.0556393314093
39632961431144058 -2982.3668313729927 -2438.8134612472236 2600.3157188252517
39632961422754372 -2177.224977188296 -1735.8851134590298 1872.819105930594
39632956393785841 -2340.787436849174 -1848.0562933222132 1993.7412618422861
39632986311756990 -2587.0882613633066 -2005.9563943227806 2322.7987761662994
39632976417394493 -2478.9016336216273 -2017.5675484208762 2222.2426700704377
39632961418561215 -2865.417975744655 -2267.505556701697 2470.0711336045365
39632986303365193 -2799.820144143698 -2108.2789878836356 2470.6266115786625
39632961418560312 -2011.5628145918076 -1588.2239945248457 1722.6430461263478
39632961418562852 -2925.772346005506 -2324.5274245145847 2520.712860944764
39632961418561398 -1972.9740253665273 -1562.0117110079627 1701.0374247861548
39632971413589998 -1686.4169650529725 -1293.9996311679688 1463.2489526872307
39632961389200667 -2686.232534994089 -1967.788705954213 2247.449347297963
39632976392228451 -2258.0682753059264 -1719.835562833293 1962.4368865560891
39632976388032605 -2191.63021519697 -1645.6574684645318 1894.3460025484972
39632971413589923 -2531.732155627707 -1942.2465354547471 2196.5279162415786
39632956381201930 -2526.4242641729015 -1925.2989675142026 2129.901782371651
39632976379645815 -2095.38851596936 -1546.1120083032808 1801.9193255769287
39632956381201963 -2980.751131547334 -2271.670049067812 2513.8530127213667
39632971401003288 -2277.4134484876054 -1674.3051407589728 1938.9035576166887
39632976392228346 -2256.854276982086 -1718.5170357106756 1962.065994040429
39632966430753227 -1589.6089316323505 -1256.3739335457176 1376.1454088555854
39632961418561434 -2001.794128917179 -1584.9723469477456 1725.5360800719666
39632966439143575 -1885.2965672116004 -1530.7022907840853 1659.3933723706675
39632961414367637 -2298.115457688153 -1801.6941617217037 1960.850844627027
39632966397200935 -1994.9640870735805 -1452.3922438249742 1675.6594678321947
39632991252646124 -1981.992753544334 -1555.7229305903093 1805.5417606984167
39632966405589287 -2665.6700006637625 -1984.212146690236 2264.4852319999923
39632956393785962 -2350.673574496071 -1856.4171888664819 2002.8616301271713
39632966405589311 -2809.357315225145 -2091.3137034873366 2388.8039412506514
39632956393785939 -2349.583471508998 -1855.4454133899203 2001.7486616973865
39632971426169012 -2297.5769949284218 -1803.2399388522067 2002.9047782884886
39632966405589261 -2809.5516993211927 -2091.108468995479 2389.2757271660184
39632961397590540 -2581.3085958548368 -1940.0696759763719 2180.563895198406
39632981345701227 -2067.3723917757657 -1527.8686183540556 1805.185686439409
39632966405589336 -2984.9301030121783 -2222.1285954309387 2535.7198902869645
39632966434950212 -2074.6683230267354 -1671.8069936118745 1806.7642906519698
39632951348036267 -2446.2083113127924 -1892.251143172263 2056.0683192295987
39632966397201984 -2685.1962522483836 -1960.364846754912 2254.234764595966
39632966405589407 -2097.8642841600727 -1562.0044796230507 1783.901071975084
39632956393785973 -2511.5434472917855 -1983.5264727588185 2139.8678716402974
39632966405589654 -2462.7263926962164 -1834.866630741382 2093.9409134658413
39632961397590403 -2184.355600809594 -1641.0723343821346 1845.1397697421196
39632966405589611 -2908.826860228025 -2166.9544760684867 2473.943640668217
39632991231676522 -2688.2936820570912 -2003.7912459295026 2398.2189089890567
39632981345698960 -2332.3112494106113 -1714.423387413969 2024.2172013776137
39632976417391140 -2366.7168449154597 -1909.0924983336197 2114.0332309709224
39632971421978460 -2304.009858388142 -1805.1678640459058 2010.0431256573424
39632991231672375 -2826.3980237121614 -2086.107507798637 2496.9214484159816
39632986303368721 -1948.6642899383276 -1482.668655064416 1728.1435378015694
39632981349894073 -2211.114053804345 -1646.868554521019 1930.6699341675376
39632991240062956 -1778.4867177530198 -1350.7507326776988 1594.5106364362468
39632966434948033 -2108.5069149619935 -1687.6060268196907 1831.0278781624693
39632961405976684 -1995.8392921445454 -1522.0458042910193 1690.457887266405
39632961405976680 -2076.29521627795 -1583.3897739359659 1758.7574928546917
39632976404810253 -2818.068580047792 -2210.8157970311177 2493.737965689326
39632951360618536 -2194.031911292227 -1749.714655312298 1856.6629444069888
39632991231672792 -2620.656635757896 -1935.8509966366555 2315.822217492071
39632976375450519 -1975.0363016541855 -1436.4326970210384 1686.9862673116177
39632986311754957 -2042.631794208724 -1575.8540827126378 1823.7676864579596
39632991240063068 -2413.7124195816637 -1833.8320011002659 2164.2902152928177
39632946289707005 -2821.3703067433494 -2164.2513209181748 2327.1161595362073
39632941227182938 -2311.248500731329 -1788.134843858317 1891.834724179839
39632981349894124 -2082.450205073884 -1551.2077969477516 1817.6873534356328
39632941227182825 -2860.3552752570176 -2212.178968700736 2341.418022664583
39632941227183126 -2152.2153698642005 -1665.9853330226474 1763.8657811988994
39632956410561671 -2079.4268696543722 -1707.5830945712607 1801.8289084216406
39632981349893442 -2690.2095526234757 -2000.7972083641919 2350.954165210457
39632981349893061 -2394.0132258106214 -1778.8457470989345 2090.6127679009846
39632966447531014 -2696.6630334665133 -2227.8698843928023 2375.63245663044
39632976417392370 -1686.393290490818 -1364.9440919499582 1505.2273169066523
39632956385398344 -2184.1280828189742 -1692.5536122947701 1841.4069909593031
39632956389590975 -1974.3358275507032 -1538.2900328421977 1667.8250406621219
39632976375450402 -2092.4157959161707 -1521.2927989540224 1787.550549720079
39632956385398714 -2780.0990190541615 -2156.3995118802964 2346.859346182736
39632956385398448 -2885.653273848811 -2236.7795987069635 2434.256633505525
39632951360618571 -2065.4571871929666 -1647.3357654414735 1747.335958810436
39632981370864862 -2164.681820703858 -1701.2631693660896 1927.5777676609566
39632961414367729 -2747.6736376773943 -2154.7161884140473 2356.122485397825
39632951356428629 -2080.428253689342 -1659.0408444245652 1760.1827243419552
39632956402172267 -2134.8431734660267 -1711.8357660292534 1832.9611005529807
39632991256839669 -2352.4304414066696 -1863.6065265976576 2143.1880952875476
39632981349896040 -2192.881324073931 -1642.4552030817333 1921.9840070177472
39632956385397618 -2538.654858370768 -1963.7409783455744 2146.864356318758
39632966443339462 -2173.8011632459456 -1788.3299255433758 1910.6478537321902
39632946302291465 -2702.796142197651 -2148.1343115554396 2272.3176394816137
39632951343843714 -2099.783657642697 -1614.965362481186 1755.8577474914177
39632956389589185 -1811.9942271043024 -1406.1392637924487 1531.292491457854
39632956385397520 -1847.5262599548012 -1428.7829873783085 1561.3716047043765
39632981370865489 -1887.9417517022598 -1486.3341989873038 1687.6505189413401
39632961385008854 -1677.0636494236387 -1222.993869207641 1397.8588483076653
39632976392225399 -2315.6754120251803 -1749.6958262025285 2014.6698543424218
39632976392228718 -2916.9415119027954 -2223.134439542391 2542.0354060304767
39632981370867554 -1959.2534732937058 -1551.4059224766015 1744.329498548514
39632971434560419 -2457.265544207124 -1987.4827430592306 2161.9592133870105
39632976392225578 -2814.027986277132 -2127.0020752056002 2449.8536055473887
39632991248449783 -2478.5719116585915 -1913.4247940097596 2237.0556610202043
39632951364814894 -2735.341588093866 -2216.955622638422 2341.101863925325
39632966439142322 -1907.6235880190275 -1543.1768579553184 1678.0596427235844
39632946310677495 -2198.950015305148 -1772.9292053399176 1859.8843986513102
39632956389590842 -2615.192312563246 -2037.1165916085606 2206.4236406888863
39632976392228454 -2743.311337233085 -2089.4513929268023 2389.606599695886
39632956368617980 -2223.2794305782913 -1635.505426871208 1847.149116586175
39632971426172079 -2321.0038599960985 -1835.1161395792333 2039.437663721502
39632981345702297 -2064.0128536878483 -1529.4584039020544 1801.3174650227077
39632956389589308 -2077.525069791944 -1612.6277313552628 1754.6963155826936
39632956406367943 -2712.9807668034937 -2206.754146572596 2328.1545171864154
39632991235867412 -2720.869092181129 -2034.5864280519845 2433.9054644394214
39632966405589835 -1999.1026043484135 -1490.1035246771348 1704.9271951412518
39632991235867340 -1997.9971400439117 -1493.8118791798738 1787.21245554936
39632966434948523 -2736.934196190401 -2193.427368094585 2377.271194855949
39632951356428059 -2361.3258245353663 -1880.3646495971975 1991.1467615614242
39632966405589823 -2589.4528258338546 -1930.1127723903035 2206.8181447171287
39632951364813432 -2202.0684011082517 -1777.5778657243145 1870.3786532030927
39632951364813364 -2238.7863360974166 -1806.889120074688 1899.518505573274
39632971401003207 -2052.455186300399 -1508.5527631280133 1746.7461774969354
39632966413975950 -2059.5747415085716 -1558.6232029138764 1755.9139726515384
39632976417392784 -1922.4188840362685 -1557.5309495817162 1717.5089860368928
39632956381201693 -2437.0060848078783 -1856.0807784249919 2056.266746993734
39632966413975824 -2058.2142807957794 -1557.0246041076384 1755.0388410173284
39632956393787136 -2111.066500339959 -1671.6167260329892 1801.8438204124925
39632961401786384 -2436.740342587253 -1857.814253849301 2061.7649712406283
