data/coord/ELG_12_clustering_data.ecsv
# %ECSV 1.0
# ---
# datatype:
# - {name: TARGETID, datatype: int64}
# - {name: X, unit: deg, datatype: float64}
# - {name: Y, unit: deg, datatype: float64}
# - {name: Z, unit: deg, datatype: float64}
# schema: astropy-2.0
TARGETID X Y Z
[from data line 3590]
39633145263294754 -1165.3372130798382 -1951.2822136006298 2184.302064027022
39633153983253941 -1205.5109955231906 -2073.74063237254 2329.3555287380655
39633162627712380 -1449.959009373748 -2557.917277303072 2926.55746455668
39633158315968009 -1105.0230935002405 -1933.547994697857 2182.185384676232
39633158315968360 -1283.1179484114632 -2248.1824174630715 2537.210016992502
39633123188674752 -1175.3871039179073 -2080.1118327084764 2195.3921047163167
39633123188674637 -1402.2425604642779 -2480.4760079097614 2617.8600352408425
39633123188674712 -1401.8328617599304 -2480.535455172895 2617.629763385604
39633149671508275 -1072.3177894927408 -2062.2272115373385 2246.484277383077
39633153995834256 -1304.334003227235 -2321.1287179696287 2584.50284662808
39633132093180306 -1224.452545607455 -2295.932575943775 2434.5067066204674
39633154012612262 -1200.6128930191087 -2268.8603722735675 2504.6735086049966
39633145309432005 -1467.5917196461885 -2874.477918182046 3088.5491940871316
39633123201257458 -1343.1604368237904 -2480.3263879469628 2581.2766739592566
39633132088987579 -1196.9304530815555 -2222.347304075204 2354.609388722561
39633136522364407 -1248.3829926426524 -2424.0117822353145 2573.623432905796
39633140888636317 -1194.9221204680468 -2071.7060849027507 2277.400950104599
39633136522363697 -1262.2557601478497 -2444.6272158480974 2583.8553056139685
39633158315968686 -1224.2929505702286 -2147.3760927091703 2418.991832370895
39633123188670843 -1328.1268103463292 -2323.5782870110643 2460.988830352984
39633132076403011 -1131.3478171868153 -2002.9685493800246 2143.5087256326724
39633127647218389 -1085.5465026886013 -1957.2212227285327 2077.7963399824894
39633149675702660 -1414.9667254441088 -2763.8229537771886 2991.4837227923695
39633123188670745 -1671.4191146734274 -2923.422569909312 3095.537717697395
39633149633757277 -1174.5620747294138 -1970.2980111003894 2208.279659736654
39633149633757294 -962.0306389546544 -1613.9206599005981 1809.159043426171
39633132097373998 -1157.5340067811678 -2195.232542308745 2309.51394168035
39633140913801918 -1546.974340534534 -2919.4166260605816 3132.268287423091
39633158315968604 -1284.9750355749582 -2253.2387913923835 2538.1396843159087
39633127663993867 -821.1559864646141 -1560.073743403049 1633.143438280234
39633127643022577 -1140.5024090407476 -2019.1376316604744 2147.1023905343313
39633145309431881 -1389.9512081006774 -2721.1883623309454 2922.5249584997587
39633127643024467 -1159.7533187021302 -2065.7491174241854 2197.1037919348832
39633162627712927 -1299.2281256655397 -2295.1960768993335 2622.9271165279033
39633132076403038 -1185.263948200123 -2098.5931711478097 2246.8698517800945
39633123188674547 -889.2386525801145 -1572.6261373889636 1659.630043240045
39633149667314906 -812.2663666348627 -1543.3027937391798 1683.5533427112148
39633118730128122 -1208.3823295320808 -2222.8486416895166 2304.6119948004416
39633132097375479 -1507.915643720948 -2875.8649791460025 3015.3051174301463
39633118717542566 -1311.872682457524 -2293.9210853396357 2409.8420881097177
39633158307580283 -1111.685971707039 -1897.3069589646288 2152.668631705662
39633118713352431 -1009.2541876848495 -1763.3724560685844 1852.180486890925
39633127663995772 -1207.7288502465678 -2312.686955030334 2418.7896003604533
39633149646340215 -1455.0317954525037 -2544.86517378457 2828.9808620792346
39633145284266226 -1140.805533561204 -2047.7165784848607 2238.178035592547
39633145292656248 -1043.234396087523 -1938.1019581441578 2105.972732789856
39633127651412906 -1603.3766591701535 -2935.7119072893724 3102.0968470120997
39633145296850363 -1316.0889618302206 -2478.439159687874 2696.7975262636405
39633149663119748 -1450.423608823302 -2710.553922739198 2971.6614400782805
39633140922189625 -1126.8115766235774 -2180.758298864414 2326.289890449938
39633127663995275 -1179.5995976569154 -2254.320237854038 2359.026816235651
39633140913801105 -1102.4805441403978 -2074.271207636594 2233.520692487155
39633145292655734 -1451.2012573592697 -2690.8962063107097 2923.814375814806
39633118721736787 -1550.6141138581843 -2748.023983807144 2857.5347556968145
39633118717546713 -963.9317617199819 -1707.5625029389428 1775.5455485661175
39633118717546748 -1253.9666991742665 -2221.578443763535 2309.946907857011
39633158320163880 -1266.7304561547903 -2257.6965942490656 2536.4813709534506
39633118717546751 -1253.54655442409 -2220.891128233195 2309.2848657229406
39633140922190587 -978.8318272420497 -1900.400551798774 2024.074871271102
39633145292656122 -1525.5147958942346 -2832.722610749435 3075.726744978464
39633123192866568 -1269.1621368424808 -2262.573230664504 2379.670470290065
39633140876053981 -1464.3094126648057 -2440.9508731037276 2708.9461217331377
39633140905411716 -1428.4668510094325 -2602.5120729223486 2806.834143986949
39633140922189903 -907.23825287486 -1757.4059165026138 1873.5473356825894
39633149642148747 -1457.5545567290883 -2541.001117609154 2826.005875578703
39633127647218811 -1548.7283156468804 -2795.771316601312 2967.29214350266
39633149642148803 -1236.762501681265 -2156.4741245767186 2397.660383594785
39633127638827148 -1259.757082002874 -2192.8662929905427 2335.3240886451886
39633154012612381 -1081.865663110585 -2045.2956280397873 2257.045010394455
39633114238027872 -1186.1466863914784 -2186.6941729644054 2237.126866508544
39633140888633387 -1626.9421524034435 -2792.183902578145 3071.022974441543
39633153995835356 -1105.715298469369 -1976.1303562654198 2212.4133950899836
39633140922189957 -1353.708197913754 -2622.7052708142996 2796.541179589322
39633145292656038 -871.0732798344328 -1617.0058841753746 1754.6643796323322
39633153995833896 -1210.4587899514333 -2151.3412985155883 2398.8044153859887
39633145288459484 -1159.0080181146716 -2102.8764786896736 2305.269898187061
39633127651411351 -1274.307664533899 -2322.099303240505 2442.6884453777825
39633127643023236 -1526.0665364276592 -2707.187271890782 2860.7497894644516
39633166922682460 -1338.925782141544 -2407.192574927314 2748.5943900582693
39633166922682555 -1093.1884353959572 -1966.0058530464507 2244.316046480592
39633123192865185 -1098.8772431189898 -1949.9218537383983 2059.0491424007146
39633154021001036 -1233.350086447773 -2401.8632763303312 2624.266568938651
39633127638830317 -1273.8788659048855 -2240.0249037732833 2378.1088235362467
39633154021001241 -1060.7360793618402 -2067.229846702251 2257.4792324960067
39633123192865289 -1128.2390585116054 -2002.796816950147 2112.8938642159205
39633149663120837 -1457.8687404136285 -2735.1708110559784 3000.1092702773635
39633154000031317 -1455.2268573705394 -2655.0350730493496 2940.400062033907
39633154021000920 -1234.4930201823634 -2403.096500249299 2625.537378183798
39633132101567535 -1329.2947959137998 -2551.4437847010267 2686.737538076637
39633132076404112 -1198.5520437702492 -2129.1106469665797 2271.242567965431
39633136522364520 -1382.912234379734 -2686.511117617528 2853.107093110705
39633127643024899 -1202.9418735199783 -2145.8035210777584 2281.0953681008514
39633127659798961 -1582.1679825842787 -2956.716270100097 3097.0698247521736
39633158336938736 -1082.1011555250436 -2029.0090087831352 2254.0883512873984
39633132072208824 -1499.3208465603716 -2621.1267520582496 2808.791756015294
39633162640295230 -1085.4432239221644 -2000.4226975943084 2249.913307076686
39633162636103629 -921.8128261048438 -1689.5805863937242 1912.1316095757538
39633136497201003 -1170.3883849974661 -2101.5976231250334 2261.7649972649974
39633145305236762 -921.7452023242739 -1774.4785087135679 1906.8915898147502
39633118730127259 -1267.1014369958575 -2323.573374560736 2412.0919212687195
39633158328553014 -981.4482779866677 -1806.1488623898044 2024.8918034953203
39633132080596116 -1644.890194226565 -2940.4767144830853 3137.663233719257
39633132084790568 -1228.5031458909198 -2228.690755049194 2374.211482632325
39633123188670683 -1492.2979711070157 -2609.741517700682 2757.3945159336054
39633118717545881 -1462.2742952190563 -2583.3359222425297 2701.561614254873
39633162636100070 -1004.077664341266 -1817.9990796599243 2053.7173915393746
39633162631908566 -1192.9362547044261 -2150.5376995077445 2445.143796516097
39633162636100081 -1004.9507841589046 -1819.6644447328747 2055.5021672294133
39633149675702105 -1416.6229767990892 -2760.489348726164 2995.7979799860045
39633154021001470 -1091.781261811767 -2129.588461944566 2322.411780664674
39633154021001396 -1433.4470086022839 -2795.2258888265765 3050.7170399369506
39633154004222836 -1198.8521270946283 -2195.461019821993 2442.099022064651
39633158328552419 -1467.6855529402471 -2695.138474561308 3021.5210261770317
39633145301043422 -1044.9921671181041 -1988.0793226457104 2149.6394805811656
39633118738515072 -1510.1392778393465 -2840.150144738388 2933.981151320725
39633162631907206 -1029.1543518793048 -1845.7992292317988 2086.3945463000873
39633145305237706 -1189.3621462043084 -2297.8883356292667 2486.9200628517765
39633118734320470 -1320.067293733756 -2445.84572333166 2524.5455193443227
39633149663120797 -1459.346406536508 -2737.576572219861 2983.622708814665
39633118717544741 -1493.9741788910765 -2630.534221355701 2739.445747200485
39633118734320366 -1060.6694029048842 -1964.535761965982 2027.4726498255714
39633132080595861 -1092.052350829518 -1950.5558850575242 2081.5232270089195
39633123188671644 -1162.0479536280714 -2037.6543139747364 2153.025381301591
39633149642147605 -1123.715642581332 -1950.9586686515456 2172.66996980459
39633158315969560 -1155.7319914492016 -2032.8530130599531 2298.352588220859
39633132080595953 -1144.5588936484944 -2044.9335820254787 2183.082889228067
39633162631907466 -923.1656728959014 -1657.2761895498368 1885.7793453090899
39633123209644360 -1171.9806582072204 -2215.120672613506 2302.0343173647384
39633154021001245 -1393.5936657054629 -2715.9458925573435 2962.4275850777067
39633145275877069 -1279.1932483324242 -2228.3555553854503 2461.9960398979997
39633153995833552 -871.9377273180665 -1547.5452624840195 1727.9747334221352
39633145305236560 -1041.958133702364 -2004.0811444304345 2154.2066261882005
39633153991642776 -1018.7003580731721 -1806.3895409143022 2016.607879809875
39633136522364751 -1280.2434951127789 -2489.1908420073587 2644.64803496266
39633123188674642 -1493.2985928057456 -2641.5778391771905 2768.8586225142813
39633136522363245 -1184.3953847171185 -2289.7561381608334 2417.025706914591
39633140913800262 -989.6188458675316 -1856.279687167281 1988.895785282375
39633149642146044 -1527.3334230943206 -2635.3189017159293 2941.366177745678
39633132097372748 -1432.4549476923996 -2704.5517017555985 2861.634559789723
39633136522363222 -1185.1978836292371 -2291.124376817006 2418.510720839158
39633123209643697 -1362.8767195366968 -2569.581498401788 2658.4734543834093
39633158324356895 -1216.3128522359336 -2192.1088691136665 2460.5846994167773
39633158328552514 -869.4612645793447 -1597.1458556115538 1789.367323264883
39633158328552578 -1051.8973880058538 -1932.7422346148685 2165.293065813369
39633136522363236 -1422.9053009729487 -2750.775081661953 2902.651345718871
39633153987445465 -1073.6757860836822 -1855.7383287268244 2093.0656020772176
39633153987445370 -1157.165130009138 -1999.3529917533838 2255.8366734684682
39633153987445359 -1072.2692850419705 -1852.6058639043008 2089.93992217626
39633145275876840 -1584.5215807265045 -2757.8431303807365 3048.5648524497187
39633153987445396 -1591.9321492375834 -2750.780318655814 3102.8044009929563
39633118713351987 -1309.0748957410158 -2284.3217734853524 2394.0385031105748
39633123188674431 -1236.1971199513603 -2185.5442272502437 2302.8383186518217
39633118734320475 -1045.056500061524 -1936.3327701846301 2006.2789753067366
39633145292655565 -1048.3619644325743 -1942.7105887402695 2112.5297266595385
39633140917994515 -937.1179029009501 -1782.5616617552316 1918.4996006669953
39633118721738520 -1357.9338549131394 -2420.271500792213 2515.7467012615793
39633162623518651 -976.842612426755 -1702.398349466417 1944.1942353279162
39633154004222999 -1311.2698507804137 -2402.8585599728967 2674.4846744347824
39633149671508931 -1135.0614038995786 -2188.5670925251143 2387.468253032566
39633153991639115 -1129.143581332322 -1974.7410293662215 2216.9947267178077
39633154004223000 -1002.9507368182889 -1837.877585026992 2044.7382731830257
39633149667311954 -1061.2766288266073 -1995.1029697328363 2183.1609839669172
39633158336939505 -774.2657006504738 -1456.0621151267376 1615.2264529198253
39633127651411472 -1187.8101550586932 -2165.421733535285 2274.976532958752
39633145301042704 -1291.3161559512694 -2450.465665819089 2657.531415976217
39633154016805926 -938.4798755523885 -1796.3988654912832 1966.3827917951814
39633145284264147 -1108.32427236205 -1975.4919073445906 2173.051974974349
39633127663993090 -1391.6327841883526 -2635.9992789768603 2750.8301056389055
39633118730127099 -1420.7242013710038 -2604.0150980207377 2700.595301392735
39633158311773418 -1402.6475677116612 -2417.1190379204986 2738.299821243716
39633132101566791 -1447.9045861978905 -2770.723654755189 2924.6216062335952
39633127643022016 -1239.1625033438393 -2190.4161575951052 2326.760868569016
39633118717545231 -1142.9859791778445 -2015.6528225720651 2101.052059750488
39633127663993664 -1395.3161709045164 -2648.493296406504 2771.7569676024837
39633149663120592 -1038.2881912546225 -1946.3212970582847 2125.609261586032
39633158311772915 -1219.7783608223135 -2098.3403514359256 2376.8394415931466
39633158311773345 -1460.5480582782864 -2516.311234429327 2849.412192947362
39633154016808084 -1119.2068305511013 -2159.9556950353613 2378.916121989243
39633154004223013 -1005.7790300587267 -1843.175995627195 2053.5943643685723
39633154016808039 -1300.1238209530102 -2508.7000644800996 2763.2816945092186
39633154004223032 -1007.2362276319604 -1845.9539921229236 2056.639846723316
39633140917997468 -1197.6136981405075 -2300.316192301735 2453.8113654087447
39633140917997400 -959.2340459994693 -1841.977343447274 1965.355818314583
39633145288459654 -1260.2041830899739 -2287.9361864008724 2510.608694971931
39633145288459472 -974.7109493854869 -1768.4072261725858 1940.236996920274
39633140888634790 -1205.443419141306 -2078.449843976186 2286.165866459268
39633158328552700 -1224.2611199619168 -2250.46876591181 2522.930156289033
39633158328552712 -1083.4883082924532 -1991.7552348545212 2233.1606261917937
39633118713352534 -1422.7153716728144 -2486.629654396169 2613.3040062850755
39633114229640234 -1655.4196979751962 -2982.7561574398637 3063.8173563624496
39633140892830838 -1529.95267404619 -2692.2785188967964 2943.459492575938
39633154008418203 -778.9998621710389 -1454.2003477371763 1604.9614790106805
39633140880245599 -1197.6526175724457 -2005.3939208776337 2220.083199801447
39633132076403899 -1202.3173386586066 -2134.457757218249 2278.282017431861
39633123205450027 -1585.8076309289206 -2954.2827278217196 3080.2923929959575
39633127638830797 -1414.141252785488 -2489.8980431939435 2650.508010049007
39633118717545611 -1086.4155422212407 -1917.8157526431849 2002.4702742968395
39633136509782778 -1108.968405397259 -2072.5613238074848 2206.3640240517584
39633136509783027 -1303.796890227087 -2438.9372708239653 2595.125875870574
39633149637954055 -1249.880247991664 -2148.0282363810657 2392.9442559265285
39633127643023756 -1064.6073340930768 -1891.7260433897386 1999.006576924142
39633114238026897 -1499.7945443958158 -2755.2818166622687 2819.5762464405652
39633145288459497 -1153.3135134278791 -2092.662265445159 2296.9132068249073
39633145288459674 -1177.1075920143553 -2137.1858590894262 2345.2434082971563
39633145288460828 -1387.61736334569 -2529.848713681961 2768.9268137087083
39633145296849933 -1492.6664753564226 -2807.0403156485013 3046.880398424286
39633118734320629 -1508.53380384617 -2796.5666447207277 2897.9764095176997
39633140909607183 -954.2890073438163 -1770.969195119365 1913.841270218822
39633127643023996 -1209.7664573683792 -2151.3146198482423 2278.8771896080307
39633158307578784 -1234.1243501886058 -2095.6605507107915 2382.2545482916785
