data/coord/ELG_13_clustering_data.ecsv
# %ECSV 1.0
# ---
# datatype:
# - {name: TARGETID, datatype: int64}
# - {name: X, unit: deg, datatype: float64}
# - {name: Y, unit: deg, datatype: float64}
# - {name: Z, unit: deg, datatype: float64}
# schema: astropy-2.0
TARGETID X Y Z
[from data line 6993]
39633145342987654 -825.1698993059157 -1838.1627600545958 1927.2230275234838
39633127726909503 -837.6341799050067 -2014.1457773744658 2008.3785170821961
39633145342987663 -860.6801448249404 -1917.3641243032466 2010.4276334439835
39633127726909511 -682.0347603212546 -1640.0555977396752 1635.4869938487657
39633123251585348 -1395.3851803659481 -3037.162718207524 3061.6810728342484
39633127722714086 -895.5726995804292 -2108.720157231217 2124.573568746405
39633127722714328 -893.5853984470651 -2106.0471248628223 2122.9835065560487
39633127722714642 -1041.9213698356987 -2458.7640271321698 2475.769083102838
39633127722714331 -857.3558174856872 -2020.6811804595327 2036.4793602544262
39633145342987812 -1082.2486777125398 -2412.394240310344 2528.4199698534017
39633140959937460 -970.7895518679996 -2148.6073514116524 2239.451169508843
39633145368150683 -832.1652467581338 -2023.3982928270648 2098.658700221615
39633145326209186 -939.3883791659738 -1954.4646244509267 2074.1464498646287
39633127726909620 -1248.79579580633 -3004.3491886786546 2997.236380053055
39633145326209225 -1083.0224533622952 -2253.6416885285403 2393.3025466308623
39633132164484663 -823.1305142694631 -2021.0243864401896 2030.8570748309742
39633140959937925 -840.0806265982234 -1862.8181652192175 1940.0454626895291
39633140959938029 -1185.7870953430438 -2630.6039790190625 2738.4217234836656
39633140947356622 -995.3766074147572 -2119.4285910768162 2212.603799848931
39633132156094526 -1192.2271121268443 -2805.3493025374987 2848.017847100946
39633123251587990 -1095.6528823217711 -2410.2012760062103 2436.239100427035
39633158374688725 -1208.0274280720878 -2611.679879182527 2817.4868385188456
39633145330403030 -971.4150616823445 -2047.065397800818 2178.100744051045
39633132126733893 -1197.0321715149685 -2519.2169973784808 2599.0661425746857
39633158395658730 -838.9777318340722 -1957.1740283886984 2093.13674244136
39633162686432871 -848.5841499038314 -1851.7699894690238 2014.0308248677802
39633132126733971 -1164.9778464267465 -2452.654178581168 2530.396457330639
39633127701743810 -1290.47175674132 -2815.609991640483 2873.279922009099
39633123259974771 -1271.76742560698 -2865.7707163839546 2879.279286192422
39633140943160296 -1020.7116041450369 -2123.5725166860043 2235.617062012357
39633154041973378 -1228.7654338086368 -2588.804508412453 2798.9414522530537
39633136547532157 -1359.4727454655633 -2907.4456119550764 3024.746999497441
39633149700867679 -1241.6669098306909 -2645.6171124265843 2812.553761415486
39633118776267210 -872.4620300369247 -1894.2720534402897 1897.3034055254525
39633123247394431 -1336.3408211913918 -2893.1570701019323 2925.7190016012332
39633158378884839 -1129.7968384820183 -2493.2920545944066 2690.062019177009
39633149700867557 -1241.785677704119 -2644.6456203715366 2812.8445972157515
39633149700867509 -936.0208204807385 -1992.9319201836208 2120.0988676476677
39633136551726211 -1152.2181437656714 -2499.5131531556713 2578.5050989660363
39633154067137449 -840.9245553684168 -1941.9442042011992 2052.947869654759
39633136543335016 -832.7629730448957 -1736.9605536567208 1811.8673282808388
39633136555919570 -1170.7602300713565 -2570.6022144217877 2661.294563489795
39633154050362042 -1216.7634754591313 -2647.265593654568 2849.3112230104593
39633123251587410 -1094.2082155904236 -2401.8009236712473 2417.0218770001866
39633123251587448 -855.1296496292433 -1877.281687964167 1889.2041695398882
39633127689161479 -1457.7585936152186 -3044.317393902985 3112.9316441287165
39633145330402723 -988.7918978601631 -2081.353082092085 2213.028671030265
39633140976717503 -1187.3287370234152 -2839.084408665077 2918.9019527959335
39633145342985255 -1311.522508977064 -2890.9824312816004 3044.5634033592146
39633127689161777 -1231.7313618640994 -2574.947438434659 2632.3365841035975
39633123268364316 -781.4635908035184 -1824.4364569271304 1825.2644291192735
39633158399854730 -1006.6681630215165 -2402.8307014571587 2557.164634280964
39633132147704344 -904.2531426304508 -2048.656831194692 2094.9752831744777
39633123268364378 -855.7192350746037 -1998.2626657304743 1999.0971183376016
39633123268362822 -972.7876606370977 -2258.4273906968933 2253.1601740772344
39633123251585558 -1258.5901103864414 -2741.731174957971 2753.8334084484227
39633149700869777 -1001.7948314683343 -2150.8442250788808 2294.976561873671
39633123251585672 -1284.2635466402212 -2798.7959334541342 2810.881476330349
39633127705936747 -1388.4513110493745 -3062.42592905599 3098.9618385719737
39633136543334652 -1202.2955022251124 -2504.114224774982 2618.0939948831942
39633145355567997 -814.748419298379 -1883.2348121932612 1972.1386011565799
39633149700869900 -1249.1208903975858 -2683.2066730068746 2861.9601877418404
39633154075525541 -1244.3314808510265 -2964.2728723464875 3126.542062058551
39633145330402742 -984.7794659525299 -2073.036779947155 2205.522646348053
39633136551724189 -933.9261494632568 -2012.5683614481409 2079.2125561848975
39633118776267119 -1325.6049942871496 -2877.2501111275615 2880.4329035462792
39633118788845712 -831.2836875284321 -1862.9641056825556 1846.5700261919058
39633127726911356 -916.2558128083448 -2220.834897228559 2212.344310772266
39633132156094646 -877.6253473672822 -2065.9971935958097 2086.135046531861
39633132130927171 -1040.5958394099023 -2213.6656982728337 2281.763383031294
39633127726911217 -1227.026042750142 -2972.2876048155695 2960.565012736171
39633149700869986 -940.0422428750848 -2019.9627872439416 2146.472977741648
39633132130927562 -1243.830543630679 -2650.001922284344 2732.7889011533057
39633127726911023 -1118.1166563487704 -2706.583254173149 2698.0427779439315
39633154071332543 -931.8612616128405 -2194.4553763846593 2317.400011489451
39633158374690149 -1289.0708019406673 -2800.7779765949217 3029.887997643049
39633140943160801 -910.2952929508264 -1898.4984129582588 1999.5783435408161
39633136551727321 -1068.5712175001247 -2326.0990804564426 2406.940923587899
39633158399854840 -942.1648378337595 -2250.0257875809993 2395.482839131118
39633118797235376 -1100.195318441927 -2555.663336503691 2527.7788455469895
39633158395659427 -929.3638895471207 -2173.799024474654 2324.3201479312725
39633158383078169 -1327.530433562705 -2969.3732739893435 3192.5203269152407
39633158374690176 -939.6538647774252 -2041.8161718530755 2202.0723240704115
39633123239005902 -902.9409886984203 -1896.2319288607994 1926.8892670833613
39633136555919598 -716.9151671508253 -1574.2626056752215 1629.6887237659573
39633145322015591 -1420.5462894358884 -2917.772394568132 3115.758983540677
39633123259976406 -915.6677064188079 -2076.615801159506 2077.190270860488
39633145322015574 -1451.8062400712713 -2981.7669659695666 3185.107898457838
39633145338791407 -889.0551919507815 -1932.7737789187795 2035.3822803432233
39633123259976385 -882.1148417577825 -2000.3614843959492 2000.3440408587398
39633118793041373 -1139.7900886816722 -2607.9499270426654 2576.0871339435857
39633154054556121 -1150.811468013949 -2544.8708494186076 2712.34023313241
39633127689162592 -1346.8463559229515 -2824.583582443114 2901.0906734855103
39633136576890041 -1198.9703896976378 -2848.183511630552 2909.371669275025
39633114300940664 -1046.5547935846237 -2395.335100461677 2360.352863601021
39633154058750930 -1243.2467768042534 -2799.572874965348 2985.3307560468165
39633132130929321 -882.70440256676 -1893.0355235191748 1948.208155206456
39633140976714210 -1188.5911485308645 -2803.634673881907 2888.744388911252
39633132130929348 -753.2163466168824 -1615.5485078353147 1662.4857849962739
39633140955745253 -1195.5617309206611 -2625.334289673165 2745.4344706377397
39633158399854624 -1030.566012491783 -2458.8768607383277 2616.445610548494
39633136539142666 -1438.99244710015 -2981.9378759738756 3113.2093677708604
39633145363958203 -842.2310770925693 -2026.167470793538 2103.3212938117713
39633136539142759 -1109.129527194589 -2299.5547423101434 2402.019823272345
39633136555919464 -1357.2685466464407 -2979.097829434988 3084.688218616598
39633145342987384 -890.2698192121429 -1980.884242242999 2072.9031334162355
39633127705936677 -1142.148684439547 -2518.6767225302738 2563.1814945884266
39633127697551110 -1156.588844965103 -2500.1577333985256 2550.9294345430594
39633123264171271 -965.9931973864971 -2233.05038326555 2229.552608849531
39633158399854732 -937.5985914235742 -2237.985478086078 2380.15086152985
39633154041973343 -943.3486099744995 -1987.2511675766968 2148.2549424302347
39633154041973155 -1115.532997965176 -2348.297545243992 2538.6574171934412
39633158370494472 -1378.0258065865842 -2932.812176204972 3172.2288490477144
39633127705938778 -1361.441708708476 -3026.196474518454 3079.3443986274015
39633136576891160 -1070.4942949005174 -2556.189976486139 2596.976548254809
39633136581083456 -1289.4639455787687 -3103.990600667988 3172.748632255614
39633114300940643 -1039.6403768104979 -2379.3076743415904 2341.783056764102
39633136576891229 -1169.8406330453197 -2794.3984557771696 2838.9809683785434
39633114300941321 -1017.9652114766415 -2335.6227857332556 2302.279177132168
39633132168675711 -975.221264285993 -2398.6203482248925 2411.2825024888784
39633127705938554 -1154.5617989827672 -2564.3589145253354 2608.3847648394667
39633132130929380 -1177.4933677251443 -2525.9360526957935 2600.7207123579014
39633132130929513 -1022.4679993374243 -2194.745205308068 2260.582110900206
39633127722714439 -996.3033673847128 -2349.291253875598 2364.957048696728
39633132130929367 -1021.7278445331207 -2191.633659390173 2256.3418799637957
39633127731103967 -982.7883829294068 -2407.823957109102 2413.132779282707
39633127731103237 -1179.3159017330843 -2879.0398778554686 2878.516687078258
39633127731104017 -716.2900379148873 -1755.3087681251493 1759.8439799310208
39633140985104558 -1153.7837731161576 -2833.8274033660027 2908.2031463446565
39633114284165004 -967.3369388632578 -2090.0841270112082 2079.4040613668863
39633140943160556 -939.2815710425382 -1956.5742272507648 2060.727198722514
39633140943160343 -1062.2480180040698 -2210.4985697424245 2329.51885444512
39633140943160564 -1009.7910515669641 -2103.5384411388864 2216.318753417987
39633145363958371 -1030.178579720631 -2479.6042946144594 2573.7132429413155
39633154037780005 -1288.2885002189873 -2683.165932502201 2895.2156536094153
39633145363958922 -818.6436988338622 -1973.9006939188266 2048.76865906655
39633118784653369 -1384.2981666025928 -3074.799223802478 3055.4107979558103
39633145363958965 -945.8573245874672 -2280.9920602421216 2367.613579871157
39633145359762253 -1005.5920019607665 -2365.738322798574 2470.6501095125577
39633154058751072 -1137.563582570786 -2563.1971772295537 2730.1608030689554
39633140959937667 -1353.2255898511544 -2997.5732694108724 3124.045535764909
39633154054554021 -1091.4180296127674 -2393.2299414220292 2573.235324317502
39633123255783148 -1080.4242746754644 -2419.1547058750048 2435.6726350436775
39633132147705265 -1158.5883934886588 -2634.9825663206966 2684.17870849482
39633118801431614 -1015.8265939363051 -2417.1813086588463 2386.3688027546505
39633136539141061 -1213.585138783832 -2498.3316426089914 2611.667279239622
39633158387273243 -954.9908349463465 -2183.9180992066126 2335.875445970089
39633132147705300 -748.8842425646584 -1703.4314148522913 1735.4910332378524
39633136576890863 -1099.5923293207265 -2621.7493840895527 2678.1926106031146
39633136543337908 -1145.2825420703025 -2416.1311879467858 2509.7501146766253
39633145334597474 -1014.0052413696703 -2174.429207494246 2287.0674783987097
39633136543337992 -1441.7195681158223 -3042.429868767472 3160.768402566714
39633158366302089 -1052.2616965657512 -2220.08830016643 2417.3926418420197
39633158366301919 -1055.33159123094 -2225.366205629895 2423.1927553863097
39633145330403911 -1346.0578249351272 -2846.0314102245684 3011.950694148755
39633145330403930 -960.09977893376 -2030.0926299987407 2147.7977414575666
39633132126734000 -1048.9698240547818 -2208.6618534324316 2276.1641351652033
39633149713451191 -1018.0180844425098 -2284.037863447399 2421.228744529109
39633132118347650 -975.43674762969 -2007.7091789079373 2073.8697244930418
39633132147705553 -835.0542432051394 -1901.3453950595115 1928.5091339914998
39633149713451033 -1096.32065389021 -2457.9503722948502 2605.594101423666
39633145334597169 -1031.6776668352336 -2209.613401217344 2327.511342034379
39633149696675830 -1310.6098744209878 -2774.9122237090514 2966.0775335951525
39633123255783372 -979.742255817211 -2195.7049184442617 2207.4358087807086
39633145363959387 -931.9383503060087 -2250.4775869570153 2333.6958454347537
39633132164484001 -1290.762367203325 -3159.3140788220667 3173.456858936242
39633114288361740 -907.2891637356508 -2008.8149945276082 1988.3667205810561
39633114292551746 -1170.7595799978003 -2593.0133788215035 2565.4885177932874
39633162694822456 -1279.0849316521173 -2897.2792395633514 3138.212098045496
39633118784652625 -729.9682732187111 -1616.8430082177865 1613.6246735156801
39633127697547706 -1100.6115697943158 -2349.7591378595025 2408.8063367669306
39633149730228151 -1174.2458272575282 -2810.719347216846 2938.118128338457
39633145355567237 -892.1839081502984 -2057.35604870318 2137.953140849616
39633114296748318 -1330.0920944956717 -3020.266569691532 2979.880826112028
39633136564309076 -1241.6268131403904 -2822.1587624791946 2902.131115886817
39633154058747978 -1335.857400424756 -2973.28400461956 3178.692573837385
39633114292555476 -1054.3366797967385 -2369.2966417814646 2345.0330128672445
39633118788846731 -1126.1779783821823 -2533.397135321316 2513.9640237215635
39633127697547983 -834.3170421625688 -1782.9249885580166 1827.5637943351212
39633154054556580 -1058.5858709398888 -2345.432791913502 2498.487359565729
39633140955742291 -1223.5479896251359 -2657.065367833809 2785.6179028333586
39633136543335080 -1152.9763674966873 -2405.5454676609934 2510.7457379886905
39633154067137310 -968.3788953795398 -2234.8847656050116 2363.158961676524
39633140955742254 -1001.7513034229385 -2175.05519907397 2280.310783338322
39633136543338207 -873.1466320562276 -1844.0166717944298 1914.4850353426182
39633162690626412 -766.0667304879406 -1695.5849686762913 1845.7873585095467
39633158383077232 -910.328461777003 -2030.1758899209024 2188.3251980762507
39633145330403506 -1354.9709144326837 -2860.493227184577 3029.3550454585848
39633149717645984 -947.3148748648476 -2162.800111987311 2289.1679419018333
39633149721838985 -1081.1147241183858 -2494.6893143102047 2637.0506371297865
39633136543338169 -1017.5396672684376 -2148.7253763663393 2230.6322536997773
39633127710132189 -1109.7609264165687 -2500.171354405811 2532.2523031218984
39633145334595645 -959.6658331285988 -2042.2377363714772 2157.751617525265
39633140955742471 -1402.7186985552898 -3048.27529706669 3195.2803196394257
39633123259976096 -846.9405617186815 -1918.514799785163 1927.120495489989
39633149730226926 -896.1180359938197 -2133.383406040771 2238.4282327525657
39633132122539219 -1047.3014262521779 -2165.971714245049 2249.640856066209
39633132143511420 -1018.8450803831469 -2283.721939254663 2339.5059947544505
39633140980910303 -1002.7538205383138 -2422.23662470771 2489.9299060887397
39633149717644274 -926.2852009319574 -2100.3992278112382 2219.6445269884807
39633132135121913 -1145.898492370977 -2479.39996597808 2545.187078046495
39633118776264953 -1357.7861687896293 -2924.5725706236617 2940.599340503243
39633132139316837 -842.2133338732153 -1855.2939655293644 1903.8051585805194
39633132143511253 -1043.4650791777804 -2337.27466067994 2394.607223066751
39633132135124667 -979.9236226903661 -2138.98957709895 2190.7259347041363
39633118801431870 -1202.4959481386156 -2864.128879640892 2827.347549862496
39633132156095598 -1185.225876791859 -2800.123534575033 2827.4562817741726
39633132156095430 -1067.0633917129148 -2519.3828904443294 2543.98322880614
39633145363957437 -1092.5140250639142 -2621.2117408831627 2722.7472569465385
39633162682237353 -1083.5991173399111 -2318.4755774698233 2527.1770000015167
39633145330403666 -871.7386360791265 -1841.4550107011328 1947.2205409303174
