data/coord/ELG_3_clustering_data.ecsv
# %ECSV 1.0
# ---
# datatype:
# - {name: TARGETID, datatype: int64}
# - {name: X, unit: deg, datatype: float64}
# - {name: Y, unit: deg, datatype: float64}
# - {name: Z, unit: deg, datatype: float64}
# schema: astropy-2.0
TARGETID X Y Z
[from data line 1691]
39633404957819205 -1486.7392562999376 -303.25099306865457 2801.6285858400565
39633413526783374 -1299.8002407942 -212.51509411223023 2512.193532714382
39633421907004448 -1215.7785872258305 -208.54200966288982 2411.888180355213
39633402042779161 -1604.6512531582375 -299.2784489560245 2974.6580925520284
39633404928460247 -2171.3072573544177 -306.1478564623531 4046.3824284068855
39633404928460537 -1848.9124181422123 -262.1196807961713 3447.170200896089
39633404928460692 -1521.4261978974525 -216.314247965711 2835.8935630179612
39633404945239596 -1479.0372653660359 -269.3437086399745 2777.289614713957
39633416362132654 -1513.5168193989666 -323.7260942207914 2971.6664845761334
39633396162363773 -1658.4141092036796 -329.6305028482812 3030.6396227159216
39633410674656919 -2033.1843169318724 -272.25950781523255 3870.825464372313
39633402013420379 -1443.3442125521585 -180.1902801351581 2646.261462274843
39633416345357638 -1495.9012705357686 -269.64034327679775 2914.9859595102303
39633396141393384 -2199.0490049992636 -342.9037613189771 3981.043390155939
39633413547755784 -1499.1095911613331 -324.1144991641785 2908.732804244096
39633404924267121 -1549.118033844785 -208.43802868243753 2882.1421596085206
39633410687241148 -1743.2788185749275 -289.385932308426 3331.5544165194415
39633402030195898 -1501.2919741505827 -237.12410942671215 2758.041634705173
39633396133005601 -1381.8377329730363 -192.9790184341491 2494.898195178136
39633407814142240 -1597.1863865980795 -230.95213510909048 3012.206466571807
39633396137197618 -1791.941814199914 -256.30193130630124 3234.666357716789
39633402021807061 -2012.7293974713368 -279.35788732885436 3704.4272645100814
39633410670465133 -1343.2157309905228 -174.22029244536557 2548.2180409286234
39633393184410558 -1878.1001148118853 -383.0143056501741 3397.118072171692
39633402013420056 -1980.2543675161814 -245.63018276788048 3623.7044761414313
39633393184410532 -2105.926826116796 -429.3480462561964 3805.6167935124813
39633416357938140 -1280.440775628486 -260.58148620775853 2504.164155971215
39633404953627874 -1671.6881302607003 -338.62287387285227 3140.812403995824
39633404941044210 -1446.6300353742038 -246.5133949116812 2695.0208152836153
39633407847694466 -1672.2132118638074 -358.0216530488025 3175.1583826361816
39633419155538990 -1468.5469674841802 -314.248926950966 2922.5381504200404
39633404941044066 -1447.0610081103293 -246.10445340106438 2693.9203680021515
39633402017613702 -1705.8144717717657 -223.7431813098557 3125.5392586236217
39633404941044506 -2095.31248207126 -358.4726934782139 3926.96165383708
39633396137199103 -1534.52253986991 -224.4226005048141 2764.8244029724483
39633407839307657 -1489.1426390263898 -298.0798383422621 2820.9135010399546
39633419126181024 -1147.1341810506913 -174.48778900555877 2253.5418821940093
39633393159245858 -1532.746685580877 -230.85950321582797 2738.386497747348
39633407818336072 -1343.6616124235277 -204.18872596871464 2535.5133474266795
39633404936851194 -1908.026351685813 -314.745474763111 3549.3556571719655
39633407847695539 -1585.9528992825003 -344.2943173397209 3013.580981600305
39633407809948719 -1843.8505489736247 -250.59719300083708 3452.096946126297
39633404945238554 -1901.7584306682254 -341.4981559372939 3565.9944917780876
39633404945238593 -1501.4527890446893 -269.74687056508367 2816.215927288949
39633413539365357 -1937.9753169321395 -368.05342800154966 3757.918023417109
39633413539365388 -1939.3105480093986 -368.4640293897633 3760.7439649966855
39633396137199078 -2165.2331457033656 -316.5539676392356 3898.6325143259583
39633407835112429 -2006.7007463938767 -376.9929840301983 3795.477892453075
39633407835112419 -1878.945464463588 -352.94438585397097 3555.4536656597556
39633424654274549 -1828.8124317128616 -320.1299190582979 3674.3760097270124
39633396137199009 -1605.9811870609824 -234.54285155182333 2891.337290698248
39633413547753735 -2075.1144789845002 -433.2131925178189 4025.2299207635847
39633410708211959 -1745.0568113599536 -371.93546201836915 3368.318474716343
39633407835112385 -1977.9591051018476 -371.3801103616403 3741.4411635935267
39633413526784097 -1647.4462237055614 -272.6466708302717 3185.40676367756
39633402026003322 -1925.3458648264223 -296.18832912620536 3556.815870025121
39633396137199094 -1304.3397030642266 -190.7379639970845 2348.8373309061817
39633410708211986 -1388.507172232556 -296.0430131721789 2680.589303405579
39633413526783842 -1646.8638783466092 -271.36850399570267 3185.7583290615175
39633399102572331 -2032.3158370323456 -338.97330836818486 3731.9184703955284
39633413547753792 -1283.9005561177185 -268.2755314325742 2490.521893813472
39633410708212059 -1843.548386673594 -393.5482848558261 3560.553720804213
39633410704016716 -1424.4384914646564 -285.2248569639657 2728.5317102987715
39633402046974159 -1781.5516329714726 -352.66915825833354 3319.5358298820192
39633402046974634 -1391.0142326676253 -277.1749563846428 2596.9707946903163
39633396133006949 -1517.1098130623216 -216.28082803005285 2732.0141243671474
39633407818337128 -1383.3060179284114 -213.99435169302805 2597.826921010435
39633407818337044 -2182.580129127184 -337.16022833480685 4100.251814075676
39633404953626127 -1665.9252083328565 -329.1500592929806 3116.8065550106544
39633404953626258 -1626.979632928623 -322.0024926736041 3039.3475085617465
39633404928462427 -1333.3754393676477 -195.07967880671384 2485.0819487435715
39633407809949025 -1912.8158656448518 -261.15762842265957 3583.1944401536302
39633407809947616 -1669.8589309163965 -222.59481521850773 3125.0914878007757
39633407809948926 -1788.8283761948546 -243.79747552341806 3351.0953310813848
39633407809948812 -1434.5687189861303 -195.1994168732612 2687.9185558845056
39633407843501833 -1223.9687492062576 -256.3881531499544 2327.172402408947
39633404953626537 -1481.9655434294834 -294.5501681952451 2775.34513365828
39633407809948598 -1865.1653689908226 -253.0151321464286 3492.8764527586277
39633402046974395 -1320.2070257780117 -262.1515660551862 2460.092425311238
39633421911196599 -1785.653727924688 -315.0114749902225 3559.422043069352
39633402017615613 -1641.0724604598777 -222.5799104882933 3008.9286907810465
39633419142956320 -1493.3270943761088 -277.26152399819654 2934.712642218189
39633404949431109 -1510.3993372793002 -281.4130462641507 2836.0568405486774
39633404949431108 -1135.910797993324 -211.63658178579269 2133.532131859134
39633407835112863 -1585.9346547270325 -299.65684495318516 2999.632737077436
39633407835112847 -1424.5263102473843 -269.09017639227096 2694.60634344303
39633407835114418 -1550.643766078708 -299.97012317798396 2935.910955316449
39633407835112630 -1275.7106495428645 -240.3015864488622 2411.6305702899194
39633402026000681 -1862.7856540517175 -272.66180362159037 3415.038834441218
39633419142956338 -1215.8507123744926 -225.7895831993593 2389.751037516341
39633407809948692 -1915.9290509057405 -260.29884501245056 3588.841795242265
39633396137201379 -1811.7400925152854 -274.17489509721497 3266.1992035688677
39633396133006685 -1551.0483560619773 -220.1152102333669 2788.2060356829043
39633396133006773 -2057.8540871518408 -292.4146604682797 3701.309800850759
39633416324385228 -1677.1156753467783 -215.38997987720117 3237.4539235226353
39633410704018221 -1541.9412817751938 -315.2620397773636 2958.3143822725838
39633399085794008 -1889.754487836312 -241.0871912116421 3443.6531251370234
39633421915391438 -1277.6465818040313 -239.99814824878496 2549.674121229926
39633413514200439 -1651.286898224015 -222.26017736047677 3169.940430378737
39633404928461502 -1422.875457707784 -204.97561402550048 2640.9485653117017
39633419134567064 -1387.0370999060892 -227.6889608164106 2715.5800159627634
39633421915391444 -1276.7129717737844 -239.86030208578052 2546.633249376008
39633399110961016 -1773.1719534708675 -329.81781344186163 3270.5463416508296
39633402051169296 -1375.5486056505865 -288.5578916761872 2574.2725847138554
39633421923781610 -1476.5127347743835 -313.4425026980585 2946.6782802456178
39633402051169493 -1860.1180343932751 -391.1472809714381 3482.386224153826
39633407822528878 -1361.3748790169238 -214.7281086699728 2557.0443116666493
39633419151346489 -1895.1824574343134 -397.72359756236074 3742.7205940818853
39633413526783493 -1490.2025182795358 -244.17621023426733 2861.899027200429
39633413526784244 -1236.8439497117452 -205.1888198520368 2391.6315724358274
39633407826724546 -1903.1709120397081 -324.6581793690653 3575.63903501953
39633413551947902 -1163.735812212354 -253.800946816256 2264.5272706128835
39633424654273161 -2042.0490561352985 -349.85586435998545 4115.484739593797
39633399089989707 -1641.0326615201748 -229.76542776872014 2990.5175800802135
39633407839308429 -1880.0873899402425 -380.2881994434068 3561.5208951617074
39633421923780437 -1740.7180838676268 -363.7936342714179 3482.308554668138
39633424658465545 -1558.0287049382584 -276.32017819415756 3133.648196745129
39633416349549049 -1412.0776340346051 -256.85757188372673 2768.921707477442
39633404966209825 -1729.3394324744186 -396.58518000331605 3260.4620370130606
39633399119350120 -1857.0700582416448 -383.9599430746625 3410.006824175717
39633424654273241 -1271.3360856571987 -218.05090178761603 2562.5540043225465
39633402017615806 -2200.0954264136476 -299.2702599635305 4027.516190547294
39633416341160175 -1705.0724973511192 -275.93131248239513 3313.620659426336
39633402042778929 -1613.145235075293 -299.81164092154887 2976.5560833365557
39633404928460130 -1993.7656824045357 -280.66426491857055 3710.886787963576
39633399119348153 -2184.9491195608634 -438.2048760181792 4032.9394880501177
39633407814141457 -1407.9969561405942 -200.146602057381 2637.688364129678
39633421907004212 -1680.4483193669462 -287.349995452834 3358.2688291291597
39633413510006782 -1287.4964609813537 -162.76829158258707 2457.5531823391816
39633402046974097 -1987.5083372786535 -393.16103417685855 3677.4253166904723
39633399089991235 -2206.2509101966284 -317.2291718246525 4037.006240305224
39633393176020649 -1454.7944135614043 -266.1851179210736 2613.5334798647104
39633399094185184 -1464.089097026947 -223.03682251205498 2684.7845034046527
39633410670464165 -1435.5040218329386 -183.5577406800577 2715.545969950348
39633402055362852 -1951.2822494001362 -422.9185996136318 3628.452785300009
39633393159245661 -1951.6418235017613 -293.1029059632609 3504.6527687947423
39633402055362826 -2091.8707249917934 -453.26794476125104 3889.714192612291
39633413510006799 -1653.1869830043959 -209.10801780836343 3154.286262426858
39633413539365730 -1575.9878371272791 -300.81828800769915 3053.810128605658
39633410670465089 -1658.7610681275344 -215.01447461305452 3161.9500561403793
39633393176020606 -1740.9930815695886 -318.38534090012826 3127.609217651488
39633410670464994 -1579.2096721674252 -204.4189323094896 3009.710685495786
39633404924268106 -1442.44854704113 -196.99086213769002 2670.965656750456
39633404962013939 -1670.0338369005717 -358.66121031502064 3153.054666623942
39633393176020658 -1727.8122923894825 -316.17671013064046 3103.0059305829222
39633416349549261 -1745.113745403039 -318.4387254917521 3403.471704565199
39633399098377098 -1628.7887896859686 -252.7679125371474 2971.643273274613
39633416341160245 -1490.3409152436238 -241.49330677534496 2897.113789247761
39633399098377325 -1672.5303968079197 -260.4340956585815 3050.9434461849337
39633399115156520 -1702.7047866901235 -337.0014538932852 3118.368905410439
39633424654273058 -1677.0924531772819 -286.8836536098654 3373.812336879304
39633413518393901 -1509.828284026916 -214.8149612106522 2908.739149882053
39633419142955758 -1696.7288818017005 -312.0159221536096 3335.1306573073907
39633421902808430 -1520.7901781887215 -239.52696008885997 3013.6059181611563
39633402034391528 -1423.2505039651091 -242.19790933953882 2644.453685832227
39633419142956204 -1344.642733796 -249.09585305761343 2641.3274152707213
39633404928460906 -2168.5006220987916 -309.3875699634784 4023.060576923765
39633421911198368 -1603.875502347545 -291.4321629624715 3207.444164450919
39633413522589587 -2008.703993331191 -312.6469633088004 3874.241015643816
39633396137201396 -1507.3405927316892 -228.1853096468641 2715.577750357743
39633407814141286 -1790.3113505395852 -253.61384233798466 3350.6704678765423
39633410670463989 -1429.9371235648819 -182.33671510260868 2706.482848394781
39633419147149937 -1469.0102573888032 -284.2758974198085 2920.0587945675024
39633407814141306 -2118.378878419395 -300.2487332384357 3962.90833523223
39633413518393894 -1753.6475233402384 -249.48003728030935 3379.606211408538
39633419147152334 -1617.3599002013455 -325.30215676396443 3200.637728472271
39633396145588466 -1876.8851552579908 -312.56267333156103 3385.9230296718656
39633410674655367 -2016.6553908046533 -262.74962356824125 3844.374340665611
39633399089989994 -1399.0769149950447 -196.82509783267153 2555.3789646795117
39633399110962640 -1329.7987348029894 -252.36395769831213 2441.7272659243094
39633419121985175 -1753.3245581006067 -241.99409679580756 3453.3916316346267
39633407843501959 -1687.4819866996397 -354.0945025848316 3192.2923140973244
39633396141393054 -1464.10916342374 -226.92547048686018 2657.6964201512083
39633402013419994 -1545.009074145773 -191.4357696453977 2834.6332465375763
39633402026000518 -1545.2485810000687 -225.3166031808884 2833.3861019625792
39633396141392906 -1525.0915231438362 -235.81203113338307 2769.1540178772693
39633402026003380 -1585.558363169186 -244.13262715723394 2931.1658997244526
39633413535173123 -1216.2038119229142 -227.10054378721057 2363.0985511972367
39633402038587021 -1505.0981852923587 -274.58352766492465 2787.8701926899166
39633421907003101 -1520.54531669595 -255.9362332060426 3017.735460679372
39633404924266140 -1327.2387584778223 -175.40940109717235 2458.130579161853
39633416336966356 -1362.2739710487715 -208.8001522353374 2655.380855356022
39633413526783378 -1454.0233951704893 -237.7449744590834 2793.3827534823486
39633396141393100 -1572.9749383260018 -243.947824827533 2855.4584824937724
39633416328577044 -1792.4599720629255 -237.42021979745294 3457.8878470375203
39633399115155982 -1508.0727685962472 -296.53031452475136 2786.505055396222
39633416328577279 -1650.3463083035383 -219.64900006646513 3184.5721648727717
39633407809948437 -2019.711883614167 -273.1988284408135 3784.366479318818
39633416349549722 -1663.6903978955766 -305.8537716907872 3261.2162037180774
39633413543560072 -1489.7248164692685 -299.10493311650805 2890.3140043457215
39633421894420943 -2007.9318356209526 -283.9370851504016 3973.7182480790857
39633399115156456 -1656.396610734278 -327.579596481463 3032.8698810347564
39633421894420992 -1652.2366547036554 -233.8430826775006 3271.438321561695
39633421907003187 -2010.1802222526533 -338.76939305542913 3989.4843188362693
39633396158171632 -1658.0986419718101 -323.97493477730285 3030.2764493653117
39633402038585671 -1363.2112745913953 -243.73907776966414 2517.8137144020866
39633402026003125 -1421.9651119623982 -217.9196891774625 2614.8280228033937
39633404966208674 -1494.4416207625873 -337.12335451642565 2824.7106068249723
39633416349549370 -1947.3512533652865 -356.12098129895287 3815.450144582905
39633416362133194 -1477.3985185028077 -318.4356843189926 2902.0514378164735
39633413547754126 -2021.6249937471569 -424.96990862672584 3928.711920295196
39633419147151065 -1473.37197836339 -290.62721987935277 2922.9194914091004
39633416332774594 -1886.0165571496482 -284.0087474415726 3668.748659650916
39633416332774598 -1199.890926721217 -180.69017833575856 2333.1314078894475
39633393176022029 -1918.9028545427386 -358.39773644356006 3448.300618393951
39633404945238449 -1611.3443726133632 -288.95963653730183 3003.61642599402
39633404953627649 -1466.3199939955039 -296.1850408142011 2767.601857385965
39633416336965826 -1296.6954843467547 -197.1411437326649 2516.5913873315963
39633424654273258 -1949.0114692915897 -334.36138467661254 3907.7925128512093
39633416336966197 -1454.793559000576 -222.42277388874572 2834.6913381291697
39633399089989935 -1637.7169044617872 -230.14589318039373 2986.5733795231668
