data/coord/ELG_9_clustering_data.ecsv
# %ECSV 1.0
# ---
# datatype:
# - {name: TARGETID, datatype: int64}
# - {name: X, unit: deg, datatype: float64}
# - {name: Y, unit: deg, datatype: float64}
# - {name: Z, unit: deg, datatype: float64}
# schema: astropy-2.0
TARGETID X Y Z
[from data line 3153]
39627794447074038 -2750.4078317814156 -2249.816106018035 8.22172087867197
39627770275304797 -2376.164336790528 -1906.4667851978463 -37.21212255283114
39627758199900857 -3112.1821494705528 -2508.4441359414463 -94.44025337141083
39627800486874456 -2911.2292603688948 -2392.4733890415296 35.56080476295464
39627788398887146 -2361.6478170559985 -1895.9243422759475 -3.9407067217991347
39627746120305769 -3162.7719789311614 -2551.603286629067 -119.05010680854228
39627770300470374 -2570.30050415878 -2172.4740426713606 -39.8455307154289
39627800495261406 -2201.1622343737913 -1835.861658731889 29.997191706301113
39627788398887282 -3006.5514424834637 -2414.1133073304522 -5.232678748108788
39627740101478011 -2973.045518644668 -2500.306838699958 -128.2819503817591
39627770300470394 -2313.049083710765 -1955.0976091795299 -35.825037541788454
39627746149667582 -3410.656141417183 -2935.104128347596 -132.97234459200024
39627746120305764 -3161.126247716099 -2550.2459114165313 -118.11406840129985
39627770308860234 -3327.304132786883 -2864.942316349412 -53.7883248820229
39627764256476544 -2669.396133588806 -2231.2449544030596 -56.91914222964939
39627746141276052 -2839.215501113339 -2388.2163234040754 -108.84814136714427
39627752185266537 -2334.625686196652 -1977.3791478093103 -75.72427051000713
39627752181075073 -2678.6922471088087 -2257.3915974892534 -96.58358071055096
39627770304663885 -3147.0649296969714 -2679.500266511861 -57.98576607564353
39627770275301335 -2694.401544131578 -2149.6421159946603 -43.29538367735755
39627752168494432 -2461.6509277907135 -2027.1054314620321 -81.69039902238009
39627746141276063 -3092.6186668984537 -2601.395014366552 -131.15033372725384
39627746141276109 -3464.2443371302465 -2914.1911055352516 -133.04980000016488
39627770279493684 -2704.936419573781 -2170.9721639648897 -42.01796365068433
39627782371676000 -2640.478670844103 -2190.925908648489 -11.756360709228845
39627764256479236 -2940.69272357462 -2467.212075178908 -59.8949743581539
39627782354895191 -3489.2961754686717 -2776.910821364149 -15.568591170050084
39627770308856099 -3185.6029794723745 -2727.906262799368 -50.84096226606044
39627746149667223 -2223.8475147550585 -1912.7759530361857 -87.18232271640841
39627794442881315 -3107.742627361871 -2525.220035516974 16.288459340780225
39627764256476321 -2342.551548141664 -1957.4865823510875 -49.68341462454705
39627770304663161 -2491.529686506059 -2119.3770880076327 -39.461308135271906
39627800482680839 -3457.2121428069236 -2818.353234568615 34.15138789377861
39627776319296584 -3465.3549964019116 -2802.505513963122 -31.086646390808845
39627794442881464 -2777.4463356043775 -2257.325598035709 14.059397919083715
39627770308856151 -2337.4920272315226 -2001.7523167968777 -36.91539910887716
39627800499457129 -2481.0602299754396 -2092.2906415733996 29.21369139387171
39627782363289082 -2078.561177551299 -1694.7740346593005 -15.930773192848644
39627746120305737 -3163.3409539535846 -2551.9490520560685 -118.3315927936197
39627746149667718 -3062.2902800238376 -2635.7825362412605 -121.31921009785016
39627782371673938 -3015.9761161050224 -2493.7522488381765 -19.56976875620802
39627770308855568 -3143.7336012284663 -2690.369027763671 -60.05242029379379
39627794472243464 -2379.63806367361 -2064.127361354723 8.2183372720106
39627782371674142 -2418.4698041580664 -2000.3827091414978 -15.373179795151195
39627782371674228 -3373.6058516594094 -2790.7644348350223 -20.1225311805775
39627764231312220 -2727.413704887277 -2167.373724564755 -68.1102121454498
39627794472243382 -2879.0359862319046 -2496.940925490167 10.602134569438334
39627770308855734 -2532.7557961376183 -2167.9548253098897 -47.87335299961482
39627782371673910 -2512.0018520574176 -2076.9314092523628 -14.724779123053997
39627782371674064 -2803.2959910364957 -2318.3446590843487 -15.692376182612085
39627794472243079 -2385.532415558349 -2067.8151326295497 8.381771910443433
39627782371674445 -3400.155505903426 -2813.7281032182277 -22.899558899381518
39627782371674286 -2290.822816150747 -1895.2438015213334 -13.863167680877805
39627770296272325 -2303.5895451703127 -1919.835587454659 -44.750911671681855
39627740101480165 -2506.8267368823153 -2115.0309908001645 -108.13632325108192
39627752181077883 -2187.588060258826 -1850.7650445357733 -71.51301295238531
39627800503651804 -2429.6702692369045 -2067.932104341613 29.54774728496814
39627752181072572 -2278.9042476596665 -1913.899181775461 -79.11985853991071
39627752181072528 -2424.9653915640656 -2036.455940774042 -83.89997626872024
39627764256477036 -2435.675702861254 -2037.2812551428797 -62.2467548769835
39627764256475517 -2524.3956226712485 -2106.810289824711 -55.99749411223116
39627752181077931 -3355.4734694293584 -2839.03946532481 -109.01285375580312
39627752185266224 -2225.6685998291664 -1884.204846705325 -71.91453648663087
39627788415668678 -2352.768475328552 -1970.1992735621761 -4.969876220724285
39627788407277327 -2954.780841222313 -2421.1906278268893 -0.820846426122388
39627752168492299 -2258.416390271895 -1854.1903652213794 -74.85594768211132
39627794455463935 -3073.787579695092 -2564.8269570469024 13.322641967116859
39627770292079731 -3441.890553995003 -2850.407913870663 -63.38112049636237
39627752160103942 -3212.201282284507 -2592.604876282939 -100.26509436463712
39627776357042935 -2678.3325270111714 -2338.614702644983 -25.945462146821395
39627776323488738 -3441.1425283875024 -2797.421086648734 -42.512072450113735
39627776315101548 -2891.7183624656745 -2317.714490225502 -29.91159630452431
39627740097285289 -1987.1058612553932 -1661.3677025020397 -93.30695269178942
39627782350703749 -2779.920666089383 -2204.0622332540456 -20.03583511413074
39627764256475805 -2614.755129816323 -2183.264788017396 -61.678079832194285
39627794472239593 -3037.310165473735 -2619.065472610744 21.302004740607543
39627746128691721 -2724.981143820603 -2227.8790161921306 -113.60261840470976
39627770283690977 -2859.212366592741 -2325.280351492846 -46.98646465861508
39627782359094667 -2283.4752476318586 -1845.1076024715958 -16.199512654209045
39627758191515105 -3234.159705906226 -2571.762872532376 -81.29912022431964
39627758229260008 -3483.5538164190143 -2982.8081921718053 -90.97331342816581
39627764252280082 -2298.0659983774326 -1897.976982021447 -51.603387298893146
39627752176884213 -3151.7593117957936 -2644.530615467024 -100.31624036046412
39627782363286482 -2895.72663152031 -2353.228753105623 -10.298298429188415
39627806530867083 -2578.8630189352943 -2138.045527537289 39.13390398385702
39627782363286303 -2819.098543246467 -2290.4479885212513 -9.433770676305363
39627782363286121 -2190.6576164953335 -1779.4565373191242 -7.562382320932592
39627746141278182 -2139.9816406364052 -1804.3434172555953 -88.52071331924698
39627752181072517 -2415.497934746446 -2028.4792977935313 -83.11617547715433
39627752181072571 -2416.120218769429 -2029.1373204723207 -82.94934274886798
39627746141277983 -3334.7472930640765 -2811.1228677365025 -137.4066752449187
39627776357042893 -2677.5717809912367 -2337.8271733443485 -25.955287118776305
39627746145468692 -2419.7420064556945 -2049.08410260017 -95.03667375588046
39627752189462425 -2048.3613823097335 -1754.6921455857555 -72.40990332106904
39627800478486525 -2610.369355387514 -2108.660835287374 25.827130411750428
39627782359090132 -2748.0291791057925 -2208.146769814923 -19.584646895860928
39627764248087618 -3591.0305161314236 -2948.6165961630973 -88.79144631231155
39627752160103294 -3386.3713756970533 -2730.678333275961 -104.87145949872104
39627752176881448 -2324.489251796889 -1942.8062146168152 -85.04933489033462
39627788415668778 -2511.293875924335 -2103.244190408034 -4.560924079219696
39627764248086186 -2488.8042496460307 -2038.7508753149225 -58.15821729841334
39627746141276357 -3463.8686272887844 -2914.735113070274 -132.1283762808206
39627764248085977 -2757.5779598853906 -2258.143302770165 -65.15967225644981
39627794472243844 -2435.1352267123334 -2113.565392579057 13.771008497524917
39627770304664558 -3213.4805459440704 -2738.3735270917846 -61.92041332045029
39627752168494578 -3021.8751512081762 -2488.932536771798 -106.28692165699087
39627752168494507 -3327.2946500205603 -2740.231272261454 -117.59524996666802
39627782371673591 -3525.2692121982545 -2913.203406266133 -15.958302003859933
39627776319297079 -2367.889603151471 -1916.411003586368 -27.87043406053574
39627746137085954 -2776.0973299505526 -2327.672718840404 -105.32304129031301
39627806535057898 -2609.7733270124186 -2171.923593684405 45.264367157433
39627752160105969 -3001.3619663273876 -2429.8772513106196 -109.08728148653691
39627788411473766 -2523.6549411858387 -2094.229185891068 -4.714564190935745
39627788390503420 -2606.959561059539 -2072.5349841461 2.322055596271452
39627794459659829 -2642.9388467352746 -2228.9209895049694 17.13462311188288
39627776327684474 -2560.3322316792096 -2105.5269776261684 -34.75496060883711
39627788390503623 -2462.354706837847 -1958.2107897770638 1.8513347644848055
39627770321436905 -2877.1490046717904 -2523.985197351873 -46.82071891696245
39627806535058158 -3324.1374530402554 -2767.6395422563105 63.963534279196594
39627782371674022 -3552.827433815048 -2938.059795044759 -13.78296439889558
39627794463851088 -2452.0365928077117 -2077.741697754326 16.089934666792075
39627806535062921 -2634.0957010192137 -2207.39320677389 49.12113119485186
39627794463851001 -3039.2400766508645 -2574.9407829719294 19.4951750486588
39627764277446119 -2723.2340660440136 -2371.4476111902095 -57.14362126528068
39627764277446201 -3307.061792323808 -2880.1493718446377 -73.1158912322859
39627806530866413 -2509.967088815577 -2078.6848097990087 45.41290424275947
39627806530866225 -2286.988149414215 -1893.5316877547377 40.76319984667061
39627794442883775 -1985.5797534747703 -1619.1032620049737 14.014201256878316
39627800503649012 -3339.904043895537 -2830.419326286405 39.206322625641825
39627800499457134 -3179.145925142341 -2681.002244560306 43.98501008479387
39627782363284682 -2728.562010988414 -2212.821978973538 -19.248534313940894
39627782363284821 -3312.5346289995605 -2686.83862762946 -22.3910950216958
39627800499457223 -3177.577275924571 -2679.9994629178223 44.81754016786
39627776327682918 -2579.1896134842195 -2116.4770539084466 -27.114658594947525
39627776344460200 -2795.5298468762558 -2376.3413516683327 -38.07343715287534
39627794463851245 -2512.513143700296 -2129.530442179875 16.54298508617021
39627794442882839 -2833.329015309848 -2307.227239842146 23.09903797253195
39627794442882658 -2929.3244632310625 -2384.6866612493563 24.361785706983596
39627794442882538 -2640.1820759751245 -2148.927403286152 21.51213823858041
39627794442882416 -2348.849456427672 -1911.4873214517338 19.030245628829384
39627788407278834 -2793.1098309586687 -2294.0168698683533 -6.099775793437889
39627788407279302 -3415.229798301252 -2807.0127255178045 -7.651704768981183
39627740093093758 -2492.133483034799 -2072.181012404098 -115.3296218254546
39627758225066922 -2589.361728567746 -2202.121720316758 -68.98305746091708
39627770283690178 -2630.402048945707 -2136.7047485582016 -46.72915670593305
39627758216677691 -2787.8408465936777 -2325.7310862460067 -82.06282152718244
39627758216677118 -2399.6026884872667 -2000.3387584516572 -68.18178245621263
39627788394698246 -2815.9360686202513 -2257.7314761175935 -5.014238974180824
39627758204095237 -2093.883297446008 -1701.817553940171 -56.052424006644664
39627758225066740 -3172.318962681947 -2697.1758332142917 -84.00748038925767
39627794463851567 -3111.785962627013 -2638.9781300306163 19.491985627821375
39627788415665513 -2979.6074986356984 -2483.7458583723123 2.5917112586955158
39627770308859116 -3403.191301456075 -2925.4733422308354 -54.745250359039424
39627788403086932 -2562.224599946889 -2091.4318553516155 4.1738424937889915
39627788403086977 -2561.6548916964352 -2091.0869135474 4.151715089204739
39627770308859645 -2274.740118541573 -1956.8877895916607 -36.449842650535025
39627788403087447 -2631.940532342927 -2150.046190845296 4.560625043108064
39627794463855830 -2899.4365033159634 -2473.7641695437787 22.26661020000617
39627764231310129 -3009.902814829389 -2384.3787349528475 -65.04344685940883
39627770275304655 -2569.20003785512 -2060.95791947347 -43.65525240977244
39627770275304481 -2511.9297266561234 -2014.5470686225035 -41.92795245680715
39627770275304307 -3163.878116432497 -2536.7280072729754 -54.4209509285637
39627770308860229 -2878.74013631911 -2478.7006710683986 -49.835506193948234
39627788419861365 -2406.1810882506425 -2027.0256207062966 -0.7085913755805849
39627770308858819 -3105.9964218113614 -2668.9635171239493 -49.86184472763362
39627764235507951 -3039.1979429146822 -2439.0619540558027 -65.27736689003324
39627770308858933 -2343.096831320252 -2013.717554106069 -37.76537507146789
39627770279495409 -2874.9162425437416 -2313.1172636788747 -40.474953759342206
39627770279495861 -2561.4116152223055 -2062.1084668989583 -35.884573731139994
39627770279495437 -2625.939746602903 -2112.883667612148 -36.794898891045996
39627758216680403 -2867.964537803754 -2401.6843830729536 -83.36332596111778
39627806535062419 -2207.7252540122636 -1848.5522002729417 41.28069335047724
39627782363284594 -2998.1797036238995 -2431.172254406906 -21.258929877976676
39627776348651610 -2246.3441872133308 -1918.7092230293397 -26.251046045323914
39627746141277072 -3142.20092413698 -2646.055775606983 -125.79011089110698
39627794451271524 -2410.9708042461352 -1999.8061043548923 11.862108929776287
39627776344463334 -3198.0159116556183 -2731.247666849921 -38.18392131643969
39627746141278143 -3005.8918528139106 -2534.3480227670448 -123.49217306282769
39627776357040248 -2161.136539447857 -1878.937664593172 -18.880027761568797
39627764248085852 -3598.2625597036763 -2945.9837003335138 -86.27368086349759
39627758208290167 -2478.372911414559 -2033.0166662869046 -71.94486406822497
39627746120307694 -2557.597644467079 -2069.917729712297 -93.4954182441528
39627782354894948 -3302.821800581862 -2627.558186647199 -12.380583532788746
39627746120307751 -3030.8510328197976 -2453.22751121169 -110.85408047954476
39627764252282967 -3579.0671849969226 -2967.1486567646834 -87.69400540085748
39627746128695711 -3304.474208057868 -2717.432797602851 -123.5420342604859
39627752160103425 -3134.5202996464427 -2528.0843424493237 -97.66429713107394
39627752160103606 -3104.3080467274867 -2504.3658038908875 -97.25903173169277
39627752160103596 -2802.007387452006 -2260.45984407868 -87.11115604937325
39627758208292686 -2420.144459446914 -1991.7984360532444 -73.14084645144113
39627806530868294 -3423.332797868867 -2843.289344734754 61.43444270465369
39627812570665971 -2431.432589027201 -2019.1806992403397 49.41822866345557
39627800507847491 -1946.9712728630468 -1676.9241335611982 25.17542549700757
39627800512037046 -3262.3110053398163 -2811.923671080455 41.3939657628087
39627770296274444 -2555.580293772993 -2136.5541724098275 -48.50504808549326
39627800503650606 -2657.9661639520555 -2258.1444608944716 35.0104700940463
39627764243890496 -2040.4805498157261 -1653.0555308386563 -40.92034136347927
39627806535058730 -2996.7526390154935 -2496.9978427697574 50.205037453941294
39627794459658270 -2466.79320774665 -2075.9990812025712 14.015902473665166
39627770300469980 -2548.3039909478416 -2152.737028464782 -37.61508065142996
39627752172683735 -3390.9680642059852 -2796.9198521766684 -112.89114524973904
39627788394694741 -2345.396527584295 -1871.4187588790926 -0.7934144086861334
39627770317243499 -2351.5653082559797 -2047.5505391085526 -34.97154787438809
39627806539255847 -3443.2903161076692 -2908.3754675440214 50.00233617811489
39627800507845865 -3093.783255932284 -2656.5718780845145 42.34412956731944
39627770296274535 -3278.5960108907316 -2741.3768680221456 -60.75787503400041
39627764231310835 -2651.7347958631753 -2102.948230936641 -57.5900852670229
39627794459658271 -2978.695935612162 -2506.806015263058 16.287881510965633
39627806530868045 -3261.918565048512 -2708.248441796161 59.46497263677597
