data/coord/ELG_14_clustering_data.ecsv
# %ECSV 1.0
# ---
# datatype:
# - {name: TARGETID, datatype: int64}
# - {name: X, unit: deg, datatype: float64}
# - {name: Y, unit: deg, datatype: float64}
# - {name: Z, unit: deg, datatype: float64}
# schema: astropy-2.0
TARGETID X Y Z
[from data line 5105]
39632956880325961 -807.5392363199429 -2655.876635171501 1859.7288308923537
39632986794100390 -1086.7885052308445 -3522.312402695093 2599.596874230461
39632961892519280 -901.5444421063763 -2847.799511424495 2018.8510478583844
39632986794100230 -662.0301987384745 -2144.231003621815 1582.9990469324082
39632976870376270 -1129.5368553051871 -3414.2489608835062 2505.0559755791674
39632961913490371 -702.8801588565925 -2437.1133299789603 1716.8848646867093
39632966921490123 -719.8533659459315 -2479.2237433217224 1753.6620265534434
39632961892518405 -726.039584881643 -2285.7514738642835 1614.931863186345
39632961892518425 -971.260625708903 -3058.0318858038418 2159.0578331324014
39632961892518501 -996.2458743433453 -3137.5569714906337 2215.2064656705647
39632986794099724 -870.8208185409306 -2814.200769775288 2085.334323925458
39632951847158214 -888.7395135792788 -2959.328381595213 2048.750598325175
39632961892519176 -1135.8113128907062 -3586.268266560698 2547.0354472880954
39632946784635622 -919.3067923321017 -2954.924670073544 2033.2824197039529
39632961888321612 -834.3973562305201 -2559.124261352062 1819.7844988163727
39632946780442726 -999.9864787758423 -3177.629781763483 2177.5589878396245
39632981832240760 -1085.9704803396564 -3312.5964659453134 2450.030896546623
39632961896714413 -1122.4836432355735 -3622.560911978557 2562.714841503351
39632941717917593 -899.8538892898919 -2863.6491784597847 1953.0308204845899
39632941717917731 -1028.5941376468 -3275.4701469864717 2234.379380531326
39632986785712533 -874.9830708654634 -2738.1171472510214 2036.9244453240979
39632981832240422 -702.9983964641997 -2141.2515831959304 1585.2993788642993
39632981836433605 -800.1946255667991 -2467.764505777473 1808.1664645647277
39632996638133173 -699.3219673635832 -2161.764179181191 1635.8923861664377
39632966908903913 -948.1443222026923 -3042.207457787153 2174.5384351674293
39632946793021507 -1034.6379628773448 -3412.914929995754 2346.496912827614
39632966892127097 -796.0550385735272 -2381.1936124244035 1706.4483521472457
39632991730795659 -834.8158798609871 -2718.920218379588 2023.580886219535
39632956850965403 -1070.9789673403307 -3106.6162710886033 2204.3487813081897
39632946784637375 -1039.9749953064577 -3366.3307552129163 2301.7478186718163
39632951851353900 -909.4605863889387 -3104.412005880166 2131.019638274752
39632981823848834 -895.1154859681587 -2598.6654146914557 1929.5918875776752
39632946793021669 -1017.9657560924842 -3359.6633436809348 2310.639580368701
39632956863546891 -895.9264289175342 -2725.950064063461 1915.109698371754
39632981823849000 -936.8847989577941 -2721.8676143185166 2020.3659371317149
39632951817800760 -1201.474865175662 -3561.231177051021 2476.273876592444
39632951830381114 -1173.6289400183243 -3631.591227996678 2537.0440316879885
39632991722405964 -1096.1469773537829 -3423.9547550113075 2568.2804077478063
39632991709825328 -845.7010717311226 -2522.2738942646356 1902.5740156959669
39632986798294940 -1080.2105127335753 -3568.439933459894 2623.6599390825077
39632946780439375 -992.4482847215162 -3110.396195199093 2144.148114350726
39632966917295732 -751.5927575481865 -2532.9068705819673 1802.3576623297176
39632941722110145 -992.2884894389776 -3193.8163020527686 2175.7487503653633
39632951826188671 -802.3201597255882 -2457.968274177395 1714.453750292203
39632966925684515 -752.9726058594878 -2648.1870583003083 1878.0333218661026
39632946780439648 -826.9362280767605 -2594.780644419723 1788.6022136054933
39632946780439421 -841.3743164931864 -2637.5145035393325 1818.440129635992
39632986798294775 -750.180924667959 -2476.4188485880095 1820.588332248645
39632981853209403 -907.5541982311752 -2996.5652259922626 2202.4860203276367
39632981849016043 -1051.8644688029392 -3421.878447143675 2507.569271024382
39632981853209250 -872.1759469931097 -2877.9054768628394 2108.151053640563
39632991722409257 -1004.9139830903133 -3180.5528531803634 2377.3488935313044
39632966917292582 -1001.3134552537897 -3336.6015135500206 2373.819436788412
39632986789907564 -935.0844795473836 -2989.5500557598134 2214.1523002206964
39632946776246760 -706.1963192914437 -2186.328031496412 1507.414406918737
39632946776246905 -1061.1871252599049 -3287.300989697388 2267.4732109373062
39632991709825486 -996.4895444638499 -2973.54543626352 2242.769412969764
39632956880325091 -594.7972475217349 -1949.7494924625425 1365.36432823965
39632956859353917 -801.2940727067743 -2408.172827883474 1690.8174542023896
39632986781517395 -696.261165700239 -2133.3964906522774 1583.7172069005167
39632986781517405 -819.2553773207381 -2510.4007018686193 1863.4378697070113
39632956880325117 -695.7074553600021 -2280.7957397727732 1597.5086313732777
39632996650716928 -709.357583716484 -2325.5222513939484 1744.913922514536
39632956863548443 -909.3209367858526 -2783.1531240247355 1952.035963313968
39632981828042884 -919.0467127425768 -2711.7045158478477 2007.0982775825626
39632996654908641 -826.2334636349436 -2732.9800514297026 2049.3281953627816
39632996654908471 -668.6732642818066 -2210.2931279362256 1657.3815310151692
39632981828042898 -886.7642849358466 -2616.5467855044976 1936.1761887504617
39632981836435369 -818.69013583153 -2544.8096033013344 1863.6687828547222
39632971908515426 -1029.2994927760647 -3366.0248624408737 2409.5054896387724
39632996654908237 -1013.9370817067032 -3348.557562747713 2509.6451379250343
39632996654909834 -628.258153964872 -2088.413349589297 1564.662257751626
39632996654909953 -919.7803720294138 -3058.78225697652 2290.793495653979
39632996654908023 -1004.3367843011265 -3314.402091906015 2484.5500277161436
39632981823852703 -781.8689864903147 -2304.0393195974984 1710.5826603484822
39632956867742799 -809.2081505140201 -2517.0158293824234 1763.1067749764566
39632966892129322 -1023.183981539081 -3088.9473514675938 2216.8117355364475
39632956880324786 -1010.1652884279339 -3308.0814444082503 2313.370038852255
39632956867741803 -1170.5032177050655 -3626.6906578831126 2535.051011424619
39632976870377258 -856.1696265110079 -2598.778500945284 1898.087266299587
39632971908515160 -1101.9141474426924 -3599.9988316547815 2579.938353918316
39632996642329189 -983.428470266189 -3113.2321943756815 2359.26511897604
39632951838770306 -1043.6515150765324 -3358.3880379534444 2322.792239524279
39632966904713505 -1070.2845708579512 -3421.002747933422 2439.1752787929845
39632981840626805 -901.6755106420158 -2817.7055482068154 2063.634901111256
39632996638132121 -930.7632495446675 -2864.4709884941203 2165.904674817226
39632956863549225 -993.9494081490063 -3050.3829337278994 2141.0235344559983
39632996638132234 -602.1987406932622 -1854.1779373590284 1401.8226321469197
39632996638132411 -754.8635565157289 -2325.868049402338 1754.9220545428266
39632961896712167 -886.0262692782957 -2836.9614380411103 2012.5977106422565
39632956880325346 -1099.9424531172879 -3609.369087321518 2526.1282703770976
39632956880324455 -990.9963065060736 -3241.253274382644 2271.5451000968906
39632976895543935 -674.7846070164067 -2293.449494458279 1662.1369592405472
39632956880324272 -771.4135653230466 -2521.3631339218637 1767.0827276316552
39632961905101876 -1041.8070894772452 -3481.109799173202 2440.5166759546037
39632966904709500 -1110.4979552062352 -3497.6228905901835 2495.4665691578994
39632966892129560 -741.752620708421 -2241.5202785809515 1605.0467280901921
39632961892518298 -977.8769820802486 -3077.4068148833917 2174.6319914309643
39632976870376419 -887.1323949006023 -2683.3579449643858 1962.3381751885313
39632966892129502 -863.552853209463 -2608.8535576926265 1867.8731425497713
39632966913097832 -937.7804104995761 -3061.4666088043555 2180.544883910735
39632966892128845 -875.7406333463695 -2638.8913556382463 1893.746548556111
39632991730795544 -814.4421613581546 -2651.311153389987 1986.7166067296912
39632951838771505 -742.4216095092447 -2400.43938520957 1657.7795933063412
39632996638132416 -928.2820758231086 -2860.284905097668 2158.113961063706
39632961896711978 -949.6825180626722 -3038.8752718010114 2156.5988401958934
39632966908904199 -754.87543598739 -2424.6064489749606 1730.2261639552937
39632966921488564 -935.9436692241316 -3202.5744958503983 2277.0889041598075
39632956863548472 -1069.9241841583018 -3275.046499664849 2295.3335186262834
39632951830381542 -741.7195490139297 -2298.278305653433 1595.3554049118497
39632956880325669 -742.8225954524039 -2440.534206438438 1708.4673385933365
39632956863548103 -969.3842077647273 -2962.8371545659797 2078.315536627399
39632996654909230 -906.2969717679198 -3005.407153767181 2251.208941508736
39632991718216218 -997.860777200188 -3112.7776459514566 2340.0053478478935
39632996654909179 -910.844786859404 -3019.8696010357808 2262.4061498804313
39632961888325745 -820.7247850703734 -2554.7492000790257 1816.712195670893
39632961913491075 -754.4936570462241 -2623.7802463226194 1834.6727216032782
39632961888324427 -697.8359821139959 -2162.1387797386333 1538.6470896649505
39632981840626731 -782.9358189001148 -2445.966859002128 1790.2544418670516
39632966887933056 -865.4293850758247 -2546.3625357165397 1823.1114356193973
39632946776246873 -947.1059118186773 -2933.5844864226556 2022.9911866933485
39632941722108145 -1088.0377689717152 -3473.805337025711 2366.043132353008
39632961909296512 -1084.4634037972617 -3699.1856748263576 2607.0381785230297
39632951847160249 -982.030379271679 -3297.8566064091738 2270.5809956503163
39632966917295212 -806.0663217676853 -2711.1860733732706 1931.4533076603159
39632966925683253 -610.8326564021826 -2136.705320459745 1507.8755890011676
39633001549664360 -895.6851439307819 -2872.591393625801 2182.607206662713
39632966925683373 -637.1894248018274 -2230.0970675340495 1574.4656840404098
39632991718213129 -1012.1612062849557 -3122.6075207440776 2341.207683321089
39632956876130733 -678.7742753728224 -2185.721478507293 1535.5623994869557
39632966921490006 -645.7124945167623 -2222.772680684064 1583.2241257527576
39632981861599691 -639.2816266722034 -2207.2421851876215 1614.9053380257922
39632956884521265 -997.613109869351 -3357.888345163569 2330.5683414181267
39632986798294578 -726.3715819782408 -2396.0916721739595 1762.451895846242
39632976878765946 -764.9486163611103 -2405.7895248953027 1752.8265260874248
39632966921489980 -972.4200445094626 -3347.1700434794343 2372.035070480671
39632956880326316 -673.3827465521609 -2217.770436454154 1544.5598781201347
39632946780440804 -695.6068974411702 -2193.078104301556 1509.3205450066516
39632966913098028 -726.6349804796693 -2373.932363064696 1693.7675985529047
39632986802488123 -609.0515415290372 -2042.001975144083 1505.1833211611352
39632951821992881 -1201.3115195670287 -3595.526694675887 2500.62632056647
39632961905103490 -760.5482630300231 -2556.1365305201125 1801.428058368064
39632961879935966 -1078.4597987758516 -3234.5113440051796 2307.188598383957
39632966917293709 -1059.155457025704 -3543.3367397992406 2519.495823230422
39632961896712823 -963.6978504285814 -3092.747523301794 2182.247608098842
39632966904713768 -1006.9065216021586 -3221.773871976341 2292.8822522107166
39632986798294295 -954.7842799859393 -3145.704480066926 2314.276389596096
39632976878765450 -623.6246464288791 -1957.5396128999216 1431.2604347976896
39632986785712740 -739.8261930567593 -2316.8538908321943 1716.3849056481522
39632966900515816 -805.9682759411651 -2498.578938868566 1782.220052476747
39632976861990492 -1183.0385319897555 -3488.7289377382713 2544.5912657142867
39632981861600046 -750.8877020107315 -2596.118937847499 1898.9522472378244
39632976878765865 -875.2077701183954 -2751.7773017113655 2004.835874589626
39632986798294392 -987.6756686518622 -3255.410943198944 2394.8666020136725
39632996638131362 -949.9124840749223 -2915.194721089517 2208.6951219119524
39632981844821775 -817.5338698877357 -2610.238317039503 1920.8396677232158
39632951838772176 -638.6646116527216 -2070.438803091458 1435.5748399386455
39632976878765537 -1113.2953840209605 -3495.7252519784797 2553.0901745414067
39632956880326748 -998.846925630645 -3294.712782841192 2294.5929728290594
39632946776244687 -1120.0946108251778 -3440.583844228757 2371.625810833621
39632956880326641 -1017.7903617952237 -3355.88070777257 2337.22971304349
39632951821995681 -1071.9858083287927 -3245.372658210132 2253.892542218367
39632966892129209 -1013.4978637097639 -3058.614509860432 2188.8227504443794
39632956880326401 -728.1362755925632 -2398.8117718724034 1671.0252547662596
39632966883740008 -1112.6134693933072 -3234.678811466935 2339.537056286993
39632966904713456 -717.2274302307742 -2291.98125251301 1630.2264606635365
39632966904713576 -749.9144434914875 -2397.6436399448103 1705.104446313688
39632966883739935 -813.6765384931279 -2364.925660895066 1710.4313648557165
39632996654910910 -867.3758768733552 -2894.4036003073074 2166.789779004469
39632971912710352 -1039.922412473335 -3476.168954644906 2483.909937040603
39632966913102484 -636.308324665682 -2115.3460363303047 1505.4256607226666
39632951847161357 -759.8546065971389 -2562.947030615199 1770.576513506349
39632961892518087 -790.2506155845286 -2485.091943844145 1754.779070124997
39632961896711928 -1063.4758628866016 -3402.3482703509703 2412.7613957766976
39632986794100942 -1007.1371179711111 -3271.371543980154 2425.0254626221745
39632951847161388 -714.8963909251815 -2411.6466847171873 1671.7685269357137
39632971883350148 -961.0416664266392 -2827.006020737834 2045.4861175643732
39632966917293952 -786.0915125021181 -2631.737235559442 1874.4755342778078
39632966892129725 -711.8891110273607 -2152.6348230338026 1540.4840186464687
39632996654910571 -918.8906260275317 -3062.0648552619823 2292.3976399510707
39632996654910898 -868.0115979301665 -2896.4120204315655 2170.23461747552
39632971883350139 -629.0155461659723 -1850.285777420104 1338.5138954529818
39632996638132508 -942.2354236032384 -2904.3820567801436 2188.5664711082945
39632966913102389 -896.88069979689 -2980.4456520509525 2120.836154389089
39632996638132233 -794.1057737252289 -2445.0496696058303 1844.1488995978357
39632976895543706 -820.12246875399 -2785.0715141658075 2018.523604516361
39632956859352466 -755.685588613488 -2257.821384042554 1586.5840493185028
39632976895543587 -737.1381166738969 -2502.068957231086 1813.1627013588857
39632991709826099 -700.7760670753537 -2095.1515499444686 1580.661778686528
39632941722108215 -963.276920017162 -3076.366440066799 2094.862216125192
39632996638132338 -882.3576252277635 -2717.9908094459583 2053.1334721423004
39632951821995737 -1025.332791214237 -3104.9642773377586 2156.4385339450346
39632951838772265 -799.828289555151 -2593.836032312537 1797.6471393295644
39632996654910115 -792.89892200807 -2638.27376154976 1976.8524812511082
39632956880326415 -657.9705130488805 -2167.7601191890503 1519.0349634831641
39632956880326411 -909.2060057081783 -2995.4310440183694 2099.2031553332945
39632986810878090 -712.3780850541696 -2496.3881382990085 1827.6921811705859
39632981819658037 -821.4917700587888 -2378.7761123677055 1765.4835120198018
39632986789906505 -1022.8305596300706 -3256.261405146181 2405.7508757357596
39632981819658080 -895.1889732741879 -2592.7636295071698 1925.1305338997458
39632971916902693 -829.4786034759929 -2804.855870409141 2002.6627669192362
39632956863547990 -1067.5023060277247 -3261.2861801377735 2296.284039057523
39632986781517429 -1021.2924648101849 -3129.829093385988 2324.697877604986
39632966900519744 -827.136787962416 -2600.4575825462266 1857.657134380414
39632971916902452 -708.5193634046434 -2393.898938104581 1709.2008679363364
39632966883740876 -929.978755699444 -2713.1021575877367 1944.2114246618776
39632991705633075 -1118.2452627007906 -3301.8463907902683 2493.8513829713097
39632971916902725 -707.6853214672743 -2393.298250813617 1708.3759823462576
39632971879156538 -1039.0893295150477 -3013.9374453878636 2187.958670719163
39632956884520284 -1001.5652993580418 -3358.799028713207 2351.5795848286284
39632971916902540 -909.7377003391945 -3074.5655348313508 2195.8745527119236
39632951842968216 -832.4609191356608 -2766.3988849977363 1914.5285618548512
