data/coord/ELG_8_clustering_data.ecsv
# %ECSV 1.0
# ---
# datatype:
# - {name: TARGETID, datatype: int64}
# - {name: X, unit: deg, datatype: float64}
# - {name: Y, unit: deg, datatype: float64}
# - {name: Z, unit: deg, datatype: float64}
# schema: astropy-2.0
TARGETID X Y Z
[from data line 9456]
39627788365334292 -3534.7623369348853 -2646.496686299991 7.154229103969211
39627776273156338 -3108.287027828466 -2266.707827047364 -33.996776439595685
39627794388356917 -3207.2026710185078 -2319.886994288963 25.389337373396923
39627776273156640 -2695.6136899415856 -1966.7876939567177 -30.34201618090918
39627776273156663 -2584.1406366170017 -1885.5359520279803 -29.764123639480196
39627752122357104 -3279.8784774140295 -2444.0661049431114 -103.03848703840266
39627782312954666 -2706.518869625188 -1974.3981746639288 -19.372243947715596
39627770216584353 -2095.2411685785737 -1477.591025024088 -34.76353757485344
39627800432348832 -2879.1768012238213 -2103.8603699498485 27.72139962580639
39627776298320682 -3343.207165631491 -2568.6913076722917 -38.53453452729029
39627752105579597 -2254.7282142941185 -1622.3264422449972 -74.79415510674333
39627764201947644 -2521.0780860862164 -1866.9986853234368 -52.89498216035625
39627746074168587 -3715.2620620059815 -2714.3163264617833 -130.55445738245575
39627770216584544 -3396.026024794054 -2395.5921343263203 -57.73251772476948
39627752130740478 -2814.4066707028264 -2121.5358117147466 -88.17725030634244
39627764214533973 -3200.762577924253 -2448.5816234489753 -77.66621830610433
39627752130740353 -2611.3601483439465 -1968.0829589259404 -82.5703745456792
39627788348560598 -3449.7104537358064 -2501.806537057659 0.6241103888280617
39627782312954476 -3121.4989466570896 -2276.6009771295776 -21.415864353151562
39627806472147327 -2676.9774345420883 -1958.4940960207416 40.995661392427394
39627782296179543 -3522.9522626227904 -2484.2852714012774 -17.877245549675674
39627788373724388 -2372.621733973427 -1812.925871457385 -6.33447395096577
39627782325538405 -3361.39239976951 -2523.260300262445 -9.417537196599923
39627806472147163 -2168.53839602029 -1586.0835717172474 33.05730224853136
39627758136989101 -2769.5523719181315 -1956.0669562920334 -80.6583152444122
39627776256380060 -2802.716729278599 -1971.1223246826567 -31.653414267530074
39627764185172808 -2892.3970686227244 -2071.764427473394 -65.6628976521057
39627776252187774 -3406.610740473536 -2380.5486502549857 -39.76983311763476
39627758153766616 -3170.798470944458 -2323.3068993221127 -81.56860739872712
39627746065776955 -2511.746732448999 -1792.4095511308321 -94.32518247892607
39627746065776838 -1922.7392104664336 -1371.8558595012637 -72.64318613646346
39627752101382475 -2632.963406623483 -1868.5532709676884 -87.48390738249036
39627776264767219 -3663.2805961197423 -2619.210347478217 -29.88358585307541
39627794413519834 -2933.65079763815 -2233.8196528390467 11.980376379183358
39627800440734042 -2462.978483657155 -1823.5565042730593 26.11891720254272
39627764201950764 -3533.2796220311147 -2632.2328055746566 -84.63480436765732
39627764201950966 -3135.2929715533473 -2336.687116939511 -74.65937653248481
39627764201947850 -2447.2655400211484 -1813.247591947095 -50.55935036953646
39627764201950757 -2980.629481863508 -2220.4874326675103 -71.5179220197466
39627764185172879 -3329.069344217615 -2384.875613720953 -75.65568964564257
39627770241750075 -2430.465173368469 -1813.7307243094947 -38.77308296766306
39627770229166229 -2381.7963465754106 -1724.9768923291222 -42.704459142888126
39627770224970910 -3368.562377328654 -2413.3956489870084 -54.8706728186244
39627752101382355 -2556.587315669844 -1814.0324084554425 -82.17393853025337
39627788352753242 -2613.7133388551442 -1909.7121244165016 5.325721601158911
39627770241750348 -3676.8243290815058 -2745.217147541002 -59.543461587441094
39627752101382492 -3207.7905872149154 -2276.5513176743643 -106.39711318439915
39627764176784986 -2788.3317743330285 -1963.568658430027 -59.36497153509906
39627776268960908 -2216.2559143746366 -1597.7999493002153 -26.16906496389976
39627770241749486 -2669.712634485633 -1990.2881625010573 -42.53582893273338
39627794388356093 -3773.8142252989132 -2726.7979703686337 17.600802344843814
39627788361139762 -3545.595984885109 -2630.5009071191716 6.740155983722533
39627788377917461 -2631.1047761003374 -2025.9828509335043 -0.5135605071883796
39627788361139435 -3208.106093305984 -2378.6897271291114 7.773485203477137
39627770258524777 -2680.672040753854 -2066.380106632306 -42.664358516914106
39627806476342612 -2452.925719829487 -1813.8503708407723 43.02859648556102
39627752134936856 -2590.877308943267 -1977.8079121001895 -91.67955868823391
39627776256380410 -3605.837125068156 -2537.240259943419 -33.18242478370302
39627782317146489 -2853.136071724015 -2093.369991869866 -11.769348730718045
39627764193563891 -2830.1716163694928 -2074.231522822084 -55.95356105781296
39627782317146492 -2815.3742901246105 -2065.6737701045604 -13.669345637597546
39627776289935657 -3616.0428678223366 -2745.49645750412 -46.635003808588536
39627764180981764 -2135.031138152744 -1521.1671482243062 -40.93122900306907
39627764218727710 -2388.6725587089563 -1842.224729702586 -51.92736929052533
39627746061584577 -2608.6007431329767 -1849.8988821712014 -94.65344013604233
39627776289935716 -3617.1515722766057 -2746.5738199969533 -46.727158321853736
39627764218727736 -2484.881262178409 -1916.50209418226 -53.71328909371532
39627764201948136 -3481.201691668413 -2580.8692953085715 -78.44375480036523
39627764218727789 -2262.027710323794 -1744.744571747159 -49.15254733131247
39627764201948346 -2680.8880436258796 -1988.1907729256789 -60.16951916912847
39627794396743065 -2527.1360252666564 -1857.071913444104 15.721284921710222
39627764210337155 -3147.3885335048326 -2376.3354341647655 -61.63396876500683
39627776289935624 -3152.661013322356 -2393.5495516378355 -40.4843902161951
39627776289935622 -3152.894879082317 -2393.719628293518 -40.40138892730472
39627752101383125 -3496.8152735657054 -2484.369252417103 -118.07444924536715
39627758166346726 -2013.228716361594 -1510.7109735058789 -52.34345604200922
39627764201948399 -3033.9379298625745 -2250.2414851013855 -59.33406651875266
39627800440739359 -2273.3360711941923 -1697.270325952892 20.72068067192298
39627788361138700 -2188.9874149978236 -1621.0577022329287 3.2555033037266328
39627800444928047 -3705.1745857536234 -2766.7892536627737 33.942546627291016
39627782296176070 -3269.577803493943 -2293.9611469185297 -9.395871775857175
39627782296176038 -2557.1145720348213 -1794.0145033157676 -16.864344074398936
39627800444928295 -3241.7759763225367 -2421.5972849044574 30.247126750841044
39627788356944897 -2562.5462023648643 -1882.2404200637075 -0.009213936316522637
39627788356944908 -2561.9137374967413 -1881.8138280964697 0.028637376969911987
39627746065779676 -3562.658050684773 -2555.182871330442 -140.95324579355392
39627746086749135 -3310.0143568296194 -2475.39989097201 -128.4107612038984
39627752105575897 -2482.2437839618237 -1774.8110012106422 -86.12933946348402
39627788356949108 -3267.743158565984 -2417.4955084929134 -0.28375525210589864
39627806472144076 -3425.974407226383 -2493.7509527286193 60.82508357798242
39627776260574084 -2557.7060859118155 -1815.3975045291772 -28.3716050070177
39627746086749293 -3607.536911181472 -2698.5061811049995 -139.0101536155218
39627746086749198 -3400.3031748573558 -2543.203964582948 -132.53818771354906
39627764176785359 -2467.012268071796 -1738.2747474188336 -54.54648834969787
39627752105576028 -3011.428925863376 -2153.627975401665 -104.06736326842635
39627776294130105 -2467.7435467054347 -1890.7772058758999 -27.18497116128612
39627776294130581 -2375.402039796921 -1821.3488788130796 -25.865864400187355
39627776273154700 -2987.612803342742 -2172.7715836404905 -24.7355863338803
39627776273154796 -2894.993889710677 -2105.763964642927 -23.85016150816338
39627800419767186 -2975.960744786004 -2118.0023320760824 26.106745909388156
39627788361138609 -2797.4273754541605 -2071.347219582698 0.9389559110413304
39627776273154682 -2450.320285662868 -1781.9784726368102 -20.728759845186822
39627800432350386 -3367.1613922164647 -2466.4907064251015 42.70788806029823
39627800432350632 -3458.7292283266474 -2534.6523751333816 44.36612159453648
39627800436539901 -2767.0649796865896 -2030.4736726246192 36.933090986027466
39627764176784529 -2769.5631668088918 -1949.0141063892997 -53.54237009255177
39627800436540469 -2433.9230982816916 -1787.5577565144845 31.047170320331755
39627788361138732 -3472.8535615215646 -2571.9826073373524 0.014379436298921676
39627800432346095 -3562.487915418056 -2591.8319051996095 37.822353104188444
39627782296180682 -3038.7635725315345 -2146.372939351056 -15.402687861251806
39627788356948942 -2466.700978595645 -1824.3935757397935 -4.804119389515258
39627758157958110 -2391.5809368618416 -1760.854206010344 -62.9863421925645
39627758157957926 -3019.051507958927 -2222.169343390067 -78.09016420864697
39627758145374595 -2647.647554809537 -1896.7944988027625 -76.12462762568913
39627758157957818 -2585.58482650885 -1902.8351608196544 -67.53611673553326
39627806467953646 -3193.75214658914 -2317.8108553508596 55.763815299957955
39627764210336403 -3092.6543733339954 -2332.476677250029 -70.63862593831702
39627782296175868 -3029.1204288217596 -2124.6006906857674 -10.085736311655689
39627776252186996 -2730.668394207557 -1906.2772842698873 -30.37865786838744
39627752105578449 -3717.063705350803 -2669.066605967199 -128.67322868312857
39627752113966181 -2812.243931109558 -2052.8530068616915 -93.14922013452625
39627782296176007 -3270.9430998842527 -2294.675726276307 -9.570157361018484
39627752122352354 -2857.002288064153 -2116.287626650175 -90.23634797491992
39627758174736852 -3657.611298737537 -2802.5030052244783 -99.42545376957332
39627758166346759 -2620.642412557509 -1966.6172502727425 -68.03808338646607
39627752122356413 -2889.6686428132566 -2151.190919580294 -86.86068125663277
39627752101383202 -2358.8751773683052 -1676.0833440767278 -79.42157054169063
39627752122356420 -2890.5340072056038 -2151.8593240881733 -86.93853331276007
39627752101383221 -2361.554668302254 -1678.023377622578 -79.47622712230168
39627794409326345 -3338.354090685007 -2522.6440339327746 16.53413593894007
39627758157960991 -3544.012882456066 -2621.731242488891 -105.22038048207772
39627806472142901 -3498.216750430875 -2541.668997443836 63.02910453656772
39627794409326995 -3275.5694886144615 -2477.2734889062494 16.273677197153436
39627794396744649 -2805.4179346660503 -2066.8299844599114 19.046387082246746
39627806467953833 -3364.4873479743455 -2442.425493230373 57.963722024639914
39627746069975056 -2824.8143909673236 -2049.0818892920665 -112.57251414037262
39627794392551192 -3485.1690217965884 -2547.5198288706165 24.19297466038723
39627794392550974 -2578.7042763919108 -1884.3803263420464 18.734457782862847
39627746069975244 -2499.4945123157254 -1813.7670851173407 -99.58810683115152
39627806467954350 -2589.4670030901143 -1881.2952044282952 45.29764756710029
39627752105575989 -3090.5237781451374 -2210.0686747168893 -107.63108621013573
39627794392552354 -3410.7661822896125 -2497.3555173841028 25.14456939285975
39627806472143233 -2706.2258324294094 -1967.2084138281075 47.71270311680603
39627794409325748 -2395.736015530971 -1808.6793408855126 17.677522286765296
39627806472143016 -2151.9832647457165 -1563.820594454161 37.89817204568318
39627794409325572 -2409.8142189532505 -1818.7893204680704 17.578682723617497
39627776264767032 -2786.6638283407437 -1991.8603906558087 -31.789467997343653
39627776264766944 -3736.915986175951 -2670.7518801190718 -42.07844359217121
39627788373722778 -3436.0911979228235 -2619.532954585553 -6.0291837772310926
39627782317151438 -3597.1510506286304 -2660.8755283038126 -10.691858238885596
39627788373722768 -2994.4484373064333 -2282.793023091446 -5.025941743215111
39627788377917579 -2868.6465751124315 -2209.302511431414 -1.2826810673634452
39627776289932516 -2066.2099218218127 -1560.5123024102202 -22.738906349292563
39627746069975155 -2405.1239993865606 -1745.0412086714005 -95.98037096453619
39627758153761265 -3417.455407981485 -2484.781365456125 -98.83572104821273
39627782329729885 -2711.629571587977 -2045.9921188822204 -20.92185160889481
39627806472142894 -2154.2179009431434 -1565.159274253251 37.95909480878849
39627770229166860 -3263.1179170009627 -2365.6611121626893 -57.590597367507684
39627758153761300 -2930.140966972408 -2130.5479246688787 -84.64958977531319
39627764189366593 -2708.0928000610825 -1956.2262622740627 -65.34282203237461
39627800436540917 -3567.8432953444267 -2622.1613777639054 32.81566626434058
39627782317146554 -3017.94996827915 -2214.5287586285563 -18.06587663604088
39627806476341459 -2331.926527173011 -1721.417371030331 31.68914018795102
39627800436541173 -2110.93853818156 -1552.1066254567559 20.565900734982396
39627770245939317 -3560.063466101792 -2658.94896786529 -58.037249181477925
39627740034369263 -3134.0707453701925 -2283.440969549356 -132.62461206677403
39627758132794529 -3216.68858080154 -2251.2770849445924 -78.2490373697835
39627782329730427 -3508.1053369654514 -2649.494713766973 -10.267282710924217
39627764201947866 -3590.3469805649756 -2660.272002304386 -74.51337018011262
39627782329730656 -3020.7527952568594 -2282.3443970302574 -8.520658718504396
39627746065781011 -3682.7191877844034 -2647.8158765659255 -136.09041961429105
39627764176785126 -2497.232475036465 -1758.9298386210662 -54.090981614169465
39627782329729970 -2263.567991594463 -1708.167666323577 -15.29888146021934
39627782329730062 -2640.2519866271723 -1992.743740622275 -18.31353169448737
39627788377916955 -3208.469382242086 -2468.47853329819 0.1372899373881179
39627800440738504 -2181.2407244563087 -1626.4629626896826 22.53313663433662
39627806463755165 -2662.7425042858617 -1901.932578630986 37.9523153789904
39627746086750646 -2237.3155983357283 -1677.029555628439 -79.43803209968107
39627800440738155 -2475.0331064406396 -1844.6544541414305 26.470472534103795
39627806463755464 -2504.531070286498 -1789.727486731197 35.792673795178004
39627764189367031 -3674.1697269328697 -2655.8877020128475 -72.05067276992172
39627746086750700 -3101.681939668149 -2325.1299518295164 -111.55304412997451
39627746090946867 -2462.1312190264593 -1868.9164487303633 -95.10447298351791
39627794413521358 -2382.8638101815277 -1819.2686389971348 9.848361354338984
39627800423959570 -2702.2468929463985 -1936.0799244931018 27.00133406249737
39627794413521370 -3195.283061089646 -2439.6016103180086 13.589712546827698
39627764197754402 -3408.4742152256 -2504.6986048563276 -80.06496364542468
39627764180981321 -3174.247619601782 -2260.374226748011 -63.00902403741438
39627758141182878 -3244.7297216031866 -2314.0277832928655 -83.96698679245202
39627788365337726 -3723.6112790544785 -2802.4743866509816 -3.7620777896685245
39627764189366947 -2945.8137436666434 -2129.0937832424574 -56.31029179487728
39627794405133513 -2501.9453952256586 -1877.0619649181156 8.352254196106756
39627752118157476 -2633.807970533927 -1931.4918826827748 -85.10332632654398
39627794413520109 -2322.7744484059867 -1769.425105604051 8.0577767270334
39627794413520067 -3298.9799310049193 -2512.895291482959 11.835778048421945
39627764189367235 -2384.8835509808546 -1724.4934885824005 -48.623304871568116
39627752118157588 -2943.6450113045908 -2158.997789832941 -95.90323186180969
39627764185171762 -2728.9991816596985 -1951.4390623121026 -64.17730053140052
39627752105575192 -2374.4040691047226 -1695.6680672473863 -76.74540851109944
39627782325540579 -3332.846634314066 -2509.9846589590966 -26.389592827968016
39627764189367302 -2506.1422021663006 -1812.3628994336457 -50.96688131539002
39627758153762418 -3328.190123790319 -2424.2164497437125 -82.15357509122292
39627782325536964 -3586.9987562054444 -2687.337703183273 -15.770876926444759
39627788365337684 -3680.239079858887 -2769.6615623725174 -4.185988153773298
39627770216583181 -2562.458009056848 -1804.2223727694766 -37.33631623393926
39627770216584452 -2480.473780819595 -1749.4968639860313 -40.1352474750816
39627788344366429 -3012.02698049073 -2163.6321461341577 -8.054807017295445
39627764214531617 -2516.4881945656475 -1918.0440464737135 -61.90000996351711
39627752130744130 -2285.733521239263 -1732.6552898373725 -75.67107913248556
