data/coord/ELG_2_clustering_data.ecsv
# %ECSV 1.0
# ---
# datatype:
# - {name: TARGETID, datatype: int64}
# - {name: X, unit: deg, datatype: float64}
# - {name: Y, unit: deg, datatype: float64}
# - {name: Z, unit: deg, datatype: float64}
# schema: astropy-2.0
TARGETID X Y Z
[from data line 12879]
39627757604310507 -3688.5026913201123 -221.349821403775 -88.26110156980494
39627769683902667 -3297.0291102373903 -187.58105096294088 -47.30334974395644
39627763631524708 -2692.547514781415 -123.05683897420582 -50.2624696677037
39627805914305167 -3463.293461958877 -178.03147739481176 51.38958433375571
39627763627327560 -4135.977164823412 -162.61634764845556 -65.04079017178309
39627781767694593 -4160.465224476996 -262.7596632050359 -17.566096427249427
39627811945711695 -4454.501989135334 -182.1273309783657 74.95468619886638
39627757591724820 -3142.9892371818105 -138.98299613715514 -69.6408689087606
39627787803299946 -3374.5512749431628 -203.7348554493374 -2.1221804678578997
39627793847288213 -3740.9885334996598 -229.82330718579883 21.110473442616193
39627787782324780 -3031.2479790549364 -107.19966745026123 1.738642986501104
39627775711119328 -3632.487699652991 -163.63238103190915 -25.139511150646374
39627775706928723 -2861.4280069439887 -124.76170456540285 -25.042413320840506
39627781780279275 -4208.950008502856 -327.4766810338986 -22.767397464325672
39627775706925542 -3276.2407011056152 -135.11844969060158 -33.22695002886219
39627793847288268 -3794.8736857014637 -233.30092875401328 20.731409938311813
39627793847287890 -3408.363538659453 -208.57124951079024 19.18027799621432
39627811945711337 -4456.0635602534085 -180.92511814209507 75.65001329013116
39627811945711420 -3189.4717703114875 -129.69671834980113 49.58289404847854
39627775727897781 -3372.3703923295243 -213.16544948799805 -26.220516844330533
39627793859871141 -3506.075396135049 -261.7396868378128 17.1678955471435
39627775727897773 -3371.6198905863926 -213.10126438706396 -26.125933431755676
39627811945711586 -2539.4790977574444 -103.5799122237467 43.13506115679814
39627763623136780 -2862.2241964988834 -108.19303572913401 -54.45003541036909
39627811949908211 -3010.138717242131 -140.31777891906458 48.511405978593785
39627811962489280 -3739.925585060615 -219.93249312429427 62.55273097194665
39627811949907792 -4582.079094721452 -212.22459907632643 72.76297574064634
39627811949907803 -3248.808102097672 -150.48917792685745 51.70415544571729
39627781784469934 -3228.5819830077608 -255.14128553690472 -8.913856711997711
39627787799102968 -3864.320871280358 -206.99953267492802 -1.498142194943025
39627805914301410 -3727.8450027081276 -181.75221556188734 48.45422904126859
39627805914301080 -3662.0000791997013 -177.6598298664214 47.94468363076464
39627799857728362 -4379.872326919163 -143.5720788333534 47.022623114246656
39627787782326334 -2843.4167835985227 -104.54837908478713 -4.058634100713613
39627775698536063 -3757.2184945062168 -120.16998897937204 -25.339490050350374
39627787782326165 -4294.0038933409005 -157.2754941030384 -5.375079389418083
39627769700683735 -4629.647419891656 -356.3528490354885 -55.11496389439737
39627824037888235 -4500.464513466881 -236.60086013602634 117.29864212288656
39627805939468310 -3921.0334991654827 -298.9488653815318 47.20379340308512
39627793834707261 -4184.005119302171 -209.18726949955013 19.700647485410695
39627781780279726 -3903.805785001314 -305.3478560646893 -25.118271573693818
39627811949906857 -3602.886614802412 -164.57211238472445 65.7651799412592
39627781759304236 -3144.2019893597612 -166.2264953893556 -9.023423964483086
39627805901723130 -3191.3185726624038 -124.0226085084149 44.86035331767454
39627805901723114 -4638.20165583418 -180.18903223531714 57.76318432418796
39627799899670178 -3474.730961029137 -263.4341478414721 27.930285857258472
39627757604307428 -3480.9056324115904 -199.1466190685105 -75.59758004300481
39627763652496304 -4287.930042763485 -291.1620007985866 -77.70382709428618
39627763652496181 -3946.630900867156 -267.5273060333001 -70.27413519970001
39627763652496064 -4360.380931649987 -295.09027472647057 -79.0059621761764
39627811975072757 -3513.8789626836456 -256.9095667535925 56.48686625849047
39627757604307686 -3764.4961922606803 -216.2664414556991 -80.78911983544782
39627793847290283 -4298.474412571387 -271.9338207688793 22.126801598129884
39627811975073005 -3107.0679027947745 -227.9394345185082 49.34215450693459
39627787790717812 -3412.6705163634074 -163.1960673841307 6.583487609574201
39627787786521043 -3195.0929308486825 -132.57546274133972 -1.0829521775370752
39627805914300584 -3910.533355952813 -188.19277368984913 55.67953510965338
39627818002289503 -2957.49763982691 -179.823335159212 65.88988458932324
39627799857728847 -3441.167636959474 -114.0095929470881 37.48848818236612
39627799899669711 -3126.116247494102 -235.62271186850407 30.158444923737058
39627769692297054 -3775.152477449748 -263.20533838220587 -46.06207133398891
39627769692297130 -3862.2364293983487 -269.49516763417114 -46.63009818831283
39627775732091765 -3038.7252805143953 -205.60906929460353 -27.426235903630513
39627769692297024 -3757.248466752427 -261.8894141598259 -45.740225792925
39627769692297014 -3789.625362102318 -264.12240803337073 -45.015477402634126
39627811945713968 -3198.1455696709713 -135.78364114730826 58.46285434268646
39627793826317822 -4647.265862774234 -188.3707616456786 28.860174657160233
39627799899669647 -3388.724428216112 -255.23127581205722 33.181964550738535
39627799899669653 -3236.5365826053626 -243.78873791966132 31.61332755590652
39627787786521899 -3870.2526638127447 -163.33082486595316 -0.544572186935971
39627787786521753 -3399.0734250011915 -142.99191925558833 -0.9647167154439759
39627781784469995 -3884.1161335960824 -307.1726564683727 -9.673563875396464
39627805939468135 -3127.3676325101956 -237.9134282298217 42.208009829618355
39627769667126609 -2685.994807944186 -108.04855578701944 -37.53668464911727
39627787794907979 -3783.464617377414 -184.30865615118645 -5.41406746508858
39627769700682666 -4303.729789842759 -327.9239816264937 -48.149014955729804
39627787794908117 -2748.0006215365947 -134.18521391471438 -3.9352314851367014
39627787794907212 -3820.7956983491117 -183.6973151729287 -6.855531889473984
39627799899673173 -4505.065676322749 -351.54805397203245 44.25992006306792
39627775706925822 -3228.0387520930926 -133.80302850114361 -30.859403547285137
39627793817928370 -4055.0024208979744 -125.92096268842509 13.363972234253113
39627811945713107 -4437.574523707758 -185.94979557719242 81.53985993213766
39627769692294405 -3509.5587735861523 -238.01307869101308 -52.72200658969876
39627817993901131 -3925.7806990276 -204.01496227206619 81.04193547154482
39627793855679763 -3339.481453899137 -243.56496975814838 9.364918922981238
39627805901721253 -3312.364103292256 -124.11458244703631 45.249832368193104
39627775723705517 -2833.853114701436 -171.49544684096733 -22.83570981759637
39627751564511953 -3729.4319177930074 -219.2878260905019 -97.43132192174058
39627769692294975 -3619.950011765063 -246.98170752635752 -55.11181919708829
39627799899668507 -3179.347115463666 -236.28179814611363 33.223705190830984
39627757591727161 -3632.986828368644 -166.75875043821537 -81.30414505274393
39627811949906395 -3729.2555076055073 -169.0758602294237 69.20273355073894
39627769700683048 -4010.2717650863788 -306.6063168922457 -47.28872797310425
39627775727897582 -3317.185941392419 -209.1865219197938 -24.152382395917524
39627811941520514 -4615.032040100725 -180.11012266621833 76.45710324634805
39627781784471182 -3329.7331286652047 -266.84621255198965 -8.097462226821891
39627751564514351 -3220.063747721475 -195.03929701605986 -83.21993892711315
39627817993901106 -2659.940270657606 -138.18764405611702 55.33262491144368
39627793847288378 -4598.8256816734465 -283.1405137650139 24.971362576601134
39627793847288714 -3783.9684751511227 -233.98459036270697 21.073431101977242
39627799887091361 -2888.2646238986017 -188.62952278988482 25.095970439516787
39627775706926003 -3306.688500497069 -137.56927501267563 -30.422476349545853
39627817993900884 -4276.430301930282 -221.42586308605797 89.71916387525746
39627775706928406 -3720.852299926657 -161.34850661264687 -32.69941896253083
39627763635720220 -2750.48732864747 -139.2925131906959 -44.145481459920134
39627793855679522 -3847.2767821555767 -279.85875656559 16.561521819378992
39627817993900999 -3183.3045341844827 -165.0859926057574 66.23657141128956
39627817993900994 -3623.0421201245817 -187.87475075933682 75.93839966925076
39627811941520670 -4613.482309634054 -180.57472770903914 76.84384915185272
39627793864065624 -3157.953545937101 -249.9463111048574 16.572100439120184
39627793864065631 -3150.7123381541473 -249.38854458408858 16.28592233187879
39627787794907191 -3443.3323142082745 -165.48020427456385 -6.37815079022881
39627769700682602 -4638.452471831675 -353.24889414146566 -52.68055442175349
39627793855681331 -4498.941124740658 -333.9280875690086 13.55256616482888
39627793826317584 -4296.505560642022 -173.17107615213504 25.85609779244441
39627757591728116 -3220.780064135754 -150.12544186924723 -73.48871199054355
39627787790717973 -3626.5729506251405 -173.8822679914736 6.117290753733815
39627793855681114 -4079.003476145626 -301.9693799486359 12.429749187137366
39627763652496080 -4349.676732101518 -294.42405021897747 -80.1238574708979
39627763652496184 -4477.841212140626 -303.5537491096236 -81.9252856612652
39627805939469183 -4141.696079743715 -319.0065203920297 55.4709623308125
39627805939469107 -2975.9177736985657 -229.03044806727425 39.682183195130754
39627781738336978 -3304.8667090153617 -114.56265244626447 -21.191507172655076
39627751551926594 -3026.218616347558 -132.81010926884713 -74.46211056834706
39627799895475461 -3781.500214080872 -269.05926541102957 33.19890525991633
39627775740480556 -2752.2538426847173 -210.7468807374739 -23.59962084204359
39627799870310151 -3742.0029754604175 -168.29392316355788 33.675343897146135
39627757608505262 -3812.963059463533 -246.9434899267037 -85.64101846202412
39627787790713493 -4202.556071516239 -185.68638746638888 -6.428572127637449
39627775740480258 -3878.2416769485685 -296.05537023668126 -32.45490715207168
39627775740480439 -3837.681709793563 -293.5076562011913 -32.19732802181096
39627787790713264 -4632.695562250563 -203.7849673535731 -6.587727437972898
39627757608505566 -3725.8952656045763 -242.23856071467276 -82.99642937720097
39627757608505435 -4078.5620646056555 -264.6910010415497 -90.78640462047152
39627775736286066 -4193.819948175798 -302.0068078790972 -34.44089787143355
39627793834705896 -3898.426585493239 -190.57543271361544 22.320033703890616
39627769662931873 -4397.156406928963 -156.58697168522482 -60.01806587139796
39627775740480798 -3096.703351557889 -237.71193071601624 -26.01120322003518
39627805901722563 -2816.8305839863633 -108.25878905979259 38.638903266212246
39627817993901179 -3971.9456978325666 -206.54921007851618 81.65303992406044
39627787815883780 -3758.2457352575457 -278.2272188311392 6.454576156825505
39627793834706320 -4021.5089131451323 -197.89377548375626 23.313559445035207
39627787786522473 -4568.144250223667 -195.1908184167262 8.506335786862271
39627763652496114 -2980.0210050824926 -201.79887601006357 -45.95926269828659
39627781738335731 -3097.065182488285 -103.97763909687119 -8.72553610272447
39627769700684090 -3127.365548490693 -241.5242172444495 -36.046809937014345
39627811945711262 -4379.909068201164 -177.55938810534343 68.5792748591437
39627781738335795 -2647.138757624587 -89.0567705594848 -6.670081765559882
39627775711118007 -3986.3518825343976 -175.9380573655151 -28.881450641679486
39627787790713500 -3196.955022873597 -141.26474779720124 -4.564285735723482
39627769667129385 -3345.891791474501 -141.5811520942932 -40.38377788612704
39627775736285860 -2983.1666132676783 -214.35375835547686 -24.426109977527585
39627793834707049 -3275.590997302097 -163.2036565104528 18.95860132037958
39627799870310384 -3439.2244634591134 -155.23300669553313 30.579662734900946
39627769658740387 -3820.6854191909533 -127.62132433707107 -53.863917820363966
39627793847287959 -4323.059214915163 -264.8064275904733 22.72326226424001
39627775727897562 -3533.759372163281 -222.804897567795 -29.256771254451007
39627811945712037 -3594.4944612948016 -147.88510698559028 60.807142800538685
39627775727897934 -3282.2073044539634 -207.83145648211683 -27.473257915278896
39627793834705945 -3898.095607718353 -190.71876560789403 21.93521596267009
39627769658742136 -3790.98146284167 -131.66859194927272 -57.03672266958826
39627793851484805 -2928.4508001617614 -197.5521559890476 7.844731102610875
39627769658742268 -4378.900237569777 -152.59351959077352 -66.50143081925762
39627775732093006 -3320.587012558167 -227.69540417545852 -25.752679141256408
39627787773938244 -3901.070981746324 -110.74289463744863 -0.4458629552324027
39627769658742131 -4381.4034057377585 -152.1646595883894 -65.23858105682753
39627787803298116 -3249.3847922938758 -191.0304228813734 -2.4545965218350743
39627787773938690 -3901.5225847901493 -112.24885771746536 -0.8892924813173607
39627799870310367 -2696.0916920372947 -121.6590873597015 23.439490056599894
39627775727897117 -3851.042222905487 -241.63452290932912 -31.674231344138544
39627775727895810 -4180.237390409091 -258.93803112756035 -33.0357711923086
39627811945714710 -3461.3138801349583 -148.90130079632442 63.038628266818506
39627793847292391 -4470.722247289637 -291.3875251698103 16.867849640774374
39627775727896858 -3589.0384915906775 -224.65956497123432 -29.653707564764748
39627805935275799 -4158.805555530666 -304.83419699833024 61.35218286718616
39627811945714694 -4434.866363520527 -190.73420933043485 80.54714139660179
39627811945714779 -3794.510789583058 -163.45347455886753 69.82793517952793
39627811945711344 -4453.799611899205 -180.85707567410296 76.40869254848029
39627787786521406 -3037.799560584603 -126.95099061285941 -0.07842106931272855
39627811945713984 -3502.398835175574 -148.75611310948412 64.15545639660625
39627805939468956 -3383.1694241013015 -259.85557135450347 46.70660267822348
39627787799104875 -3764.9474059205795 -207.35395076769382 6.528075233543816
39627787820076985 -3656.629419471515 -283.9292365528504 3.465579277579927
39627787820077047 -3658.7575379702494 -284.2848932028452 3.3926671313565673
39627793855680811 -4434.5035228868255 -327.08556528123654 10.142371106905989
39627793847291278 -3294.899969435899 -211.1887926834329 14.876681220881668
39627793864065816 -3687.024722308766 -292.39677590334344 16.605604635262782
39627793864065515 -4089.380448756014 -323.26618707803766 18.929835707017478
39627787794907968 -4259.431349231667 -207.46472082037297 6.476175558350098
39627763627331660 -3421.13658309747 -145.37311618127794 -65.70506454661881
39627805935274752 -3546.4969993953196 -256.3911606576113 50.191527633916316
39627793847292138 -3953.2774993725634 -256.7933429360105 17.307261400737456
39627787815883549 -3761.7489887489514 -277.76132823257933 6.848629894331517
39627787815883873 -3775.813267876941 -279.81618150391324 7.407652415223154
39627793847292014 -3194.4074179934564 -207.07175060982746 13.492564400782502
39627793838904529 -3497.213200657693 -198.41478347634538 22.42594574212454
39627793864065658 -3320.335115023064 -262.91497556076934 15.377281533022932
39627757583340442 -4523.450400070354 -177.53402514239977 -102.27418649896565
39627781767695750 -4008.7267297197245 -257.7166476201314 -17.9511427978277
39627763618942876 -4034.778951190966 -135.7785295884501 -63.43219644700263
39627763618943346 -4166.271340534785 -141.69635945727742 -64.78885576815553
39627781767695803 -3707.350912292757 -238.51959481465735 -16.646852608068343
39627763618942815 -3986.243826655619 -133.96190695724874 -62.820408740255765
39627787773938426 -4161.383368878808 -118.84347883102141 -1.5324155985899384
39627757587531446 -4299.133102953774 -174.7757522838512 -99.7029203212195
39627811954099408 -3719.039620545361 -182.66291804965374 68.44626066226225
39627787799104036 -3800.066599363928 -206.80730345598946 7.59490759046829
39627793838901687 -3929.242167890858 -214.07716341915406 8.692610572425627
39627787794907857 -2632.702564003827 -127.9578132431187 3.7095011696250246
39627805939469009 -4139.782509284601 -318.19574388184327 56.184691227063055
