data/coord/ELG_1_clustering_data.ecsv
# %ECSV 1.0
# ---
# datatype:
# - {name: TARGETID, datatype: int64}
# - {name: X, unit: deg, datatype: float64}
# - {name: Y, unit: deg, datatype: float64}
# - {name: Z, unit: deg, datatype: float64}
# schema: astropy-2.0
TARGETID X Y Z
[from data line 4278]
39627799819978581 -4333.845227059563 30.663908619684076 42.73204721490264
39627793780180078 -4428.538123583234 34.29688601728635 22.98853512320889
39627775673370970 -4161.588878755543 -25.9942774383046 -39.47305760195522
39627781675422463 -4011.1606589035387 124.7959608303104 -16.66878286166984
39627775669174741 -2906.213266338184 -0.8624200977547529 -25.115250201567065
39627787719413265 -2606.8215855664803 73.23467066976266 5.424002696739447
39627781675422389 -3869.4262318973983 120.61780453428537 -14.911565316657173
39627781675422521 -4230.214444768908 131.4392428362307 -17.373569839175428
39627769600020033 -3111.3535450172403 86.42080769634754 -37.23393572193022
39627805863974111 -3534.8956978850497 0.10337473353890882 41.85983842510339
39627811899576784 -3306.548048836914 15.763294207256797 60.1605469036894
39627811899576749 -4485.303378511058 21.513020061557377 81.28569870290359
39627787757160751 -3421.4091133924144 -36.309888826671795 -3.2254153331487148
39627805859776376 -4070.529284513131 29.82099564096835 49.94292195868925
39627799836757852 -3070.711030684657 -35.76359756554465 26.99868696075289
39627793759212079 -3188.9559985707465 85.92651552036283 10.372646093713564
39627805868165786 -3277.475415073669 -6.281990038227122 38.56129428098706
39627775681759268 -3290.605958083601 -48.56120425433435 -34.55684033768097
39627793759211781 -2831.1713652930785 76.95278773702499 14.425618242544411
39627763585386039 -3336.74360485333 11.130055616780453 -54.02549574380836
39627775648205482 -3934.7266302215394 78.50007411982696 -28.63067851158105
39627763581193854 -2766.701366599348 16.20493405753273 -43.360177050808964
39627769629376953 -3325.07553305119 -0.9945601873367914 -48.48749285341261
39627799815784710 -3259.19651716729 36.3287714495355 32.815384275959694
39627775681761708 -4182.507277989809 -70.38587492104072 -30.357781523845663
39627799815784694 -3442.307115095598 38.42473664239937 34.94307358260913
39627757545591924 -4202.833301534068 0.6924162285455413 -99.12862095264587
39627769629376929 -2509.050468485894 -0.7088429976791303 -36.68544007560544
39627757545591729 -3292.608932042801 1.104084769513118 -76.88180925406796
39627763585385823 -3333.9189955022316 11.5798176473603 -53.64554958582083
39627769612602463 -3191.3555792601037 47.75553364433741 -41.18295982198094
39627781692195093 -4638.713113851694 80.0845576577505 -20.925031345913098
39627775644008807 -3503.692770195173 90.76549285952002 -30.66172093980442
39627775681762016 -4194.522629762149 -71.61437595233983 -29.97496824063412
39627781692194940 -3429.667692702785 59.662936934568364 -15.407162552141092
39627781688006081 -3503.0655283418537 61.29010106474091 -16.14844432266331
39627805868164656 -3030.4403140037857 -3.471291061852406 35.331224643654764
39627763593773422 -3918.582803080125 -18.214799742128847 -73.58029412185711
39627775685951780 -3895.291884877426 -68.68646688445895 -29.68316026192147
39627769629377206 -3863.7149318742545 -1.8993890680209446 -43.841679315098865
39627793759211641 -3168.9649636430995 86.53052874075357 16.14528785320203
39627763593773696 -3215.9792314043416 -15.73373521613917 -54.02664130560264
39627763581194806 -3795.3387104559883 19.838485152639155 -61.26152876174551
39627799828370491 -3101.3901460721627 -11.271734893550986 25.817262047137408
39627799836758515 -3056.1624458073265 -36.88599443900393 21.837941475693558
39627817930983209 -3872.3876856451284 61.041311474547435 78.55273834836187
39627763585384597 -3295.0204043867075 14.161567479980324 -54.63720971064945
39627799836759632 -4119.542538431116 -52.74215134862175 41.29219870263714
39627799819978756 -3589.170664782634 25.00905616945309 28.669671571817446
39627811882797056 -4320.469606562024 104.43674832024243 73.04314840794848
39627793767599963 -3530.970946083114 64.09406963122358 12.59055840311603
39627793775985410 -3830.2490795671674 47.62032307696943 11.489304687789257
39627793767600057 -2870.8543435477977 51.8673666653791 10.4697414763565
39627793801150730 -3571.747668644929 -47.5164101671866 22.453049676960784
39627817935179268 -4586.575647204765 46.586561726531976 90.37264633533644
39627799819978395 -4229.267688344618 30.48650070410264 42.262317787729216
39627799828370131 -3028.941986003864 -10.298900894953603 25.537628254397447
39627757533005174 -3823.2363651463957 62.093386248078595 -82.19731964064134
39627751497404869 -2707.1401757224335 24.898248190072223 -67.1497507721872
39627811886993404 -4172.080308141826 75.27098642156759 81.05119902097103
39627763572801831 -3715.185886437461 64.03210058907888 -62.95820596854104
39627811882796991 -3817.6561172869074 92.53202856700295 64.30370024859555
39627817935179385 -3618.4002416954795 36.459198790756304 72.16259197264685
39627763585384577 -3296.422370339766 14.212495414099283 -54.71154453355553
39627775673370934 -3773.202662162181 -23.489759527972875 -37.637293518752394
39627817935179427 -3565.832148327879 35.810004740817014 71.90701157728672
39627775673370661 -2666.2801532430426 -16.083548767999357 -27.874893958742526
39627817935179765 -3807.672954910597 37.31081395033779 76.29280566954087
39627763581195281 -4411.676280893392 21.703946048179905 -71.11899025322415
39627817935179482 -3944.2258612223904 39.452269966016075 78.08881895749998
39627799836759004 -4575.081903657301 -56.56524952812184 43.81152206084625
39627775664985251 -3243.4100681877712 1.6543631628489424 -28.55873073853895
39627751501599367 -2816.672713981921 14.968593034419943 -71.0105120614888
39627763581195253 -3989.6801477163162 19.69305531476889 -64.39533525750109
39627763597972464 -2933.6001756975556 -37.886521058796966 -50.26391096161271
39627757545590312 -2909.9589596621504 4.583741647837217 -62.46083362469227
39627817943568055 -3629.0065270322893 3.4943995443253795 75.13641862874954
39627799828366313 -2751.0391032355997 -1.9416821193119553 27.882926254460568
39627769608409927 -3097.9838912394703 56.35364190436903 -38.665854003760415
39627811907964488 -3450.6237779833855 -10.632127395116743 53.95162347133722
39627811882797488 -4391.533610854444 104.51318712181657 73.4988265875188
39627763593776502 -2821.247052322358 -21.833073780399275 -46.50768178752392
39627763576997333 -3847.0275195540635 46.12049628883433 -70.03834739629181
39627793775987239 -3478.317074953097 37.31763646978344 21.901166068752982
39627763593776438 -4040.128666532383 -30.94684069504563 -67.01883537729545
39627781683811216 -3599.7566282213097 82.17439321260616 -19.300575220145575
39627775660788974 -3354.519763183995 21.05285869920926 -23.53721334412635
39627775669174424 -2863.971459367879 -0.2407325255972259 -25.287303160167067
39627811882797260 -3327.3662279393993 79.80325443006683 56.38998778374025
39627805868165932 -4046.946098616951 -8.180911908725228 47.08958543886419
39627763585385268 -3721.8348749129214 14.219302661124711 -72.31990041728075
39627811882796607 -3295.9961119143977 81.11590642819776 57.62014757920023
39627763585386420 -3073.6638626755594 9.470355756889253 -50.71855765330281
39627769612600139 -3351.624125256002 56.32446411253535 -39.09570969761886
39627793767600277 -4609.796266836952 82.32026086235506 15.585301397023501
39627811895380662 -2665.271706720906 28.72862617294204 50.506459433403926
39627811899573746 -3983.8049297804923 29.439635267217238 65.98557500909443
39627811899573595 -3356.3427600502964 25.233816335371223 54.99888384917971
39627793755017379 -2557.4962987345534 79.34310056922206 6.434902763636678
39627775648203929 -3034.057119569292 63.67188991748194 -27.25127579552919
39627787731996495 -3030.890610813192 42.58383668581911 2.024660781332341
39627793767600202 -3156.74567047718 56.61770102183751 10.780711766391954
39627775648203792 -4282.449838508583 90.30226655620712 -38.13977421798395
39627775644011197 -4289.487340273764 102.634016317746 -45.546454505394045
39627781725749318 -3079.9330720154876 -53.865388821295284 -9.512345464212778
39627757541397131 -3005.7990374715987 14.13638182605015 -59.81880846993886
39627763585386281 -4399.333971220877 13.93965400230953 -71.02820175050253
39627799811589938 -3704.098215397175 58.84554873605261 36.321684588413085
39627787723605674 -2940.6478771591082 73.6208980670633 1.934472676282242
39627799828367689 -3461.8274466582757 -5.758983060956311 23.35987009548432
39627763581193678 -3767.611718330926 22.48403827809603 -67.78955468165891
39627799811589968 -2999.3959344754685 47.55586700630129 28.929556671653682
39627799824172997 -2930.8451880474 8.65694840243029 30.170149197678565
39627799811590022 -2379.9665231109902 37.62548946211132 23.119668906884776
39627799811590112 -2800.7005664518338 44.029265708171636 27.800438624704412
39627769620988842 -3161.642440004435 25.485589063876752 -43.52134057814254
39627811899573519 -3976.932632930185 30.16500920229769 64.29359238613901
39627775660788925 -3688.2449206482283 23.253367052262057 -25.79713676194468
39627763585385879 -3788.247706758453 13.031045232132232 -73.47750493750792
39627757545588584 -4056.1697142839434 12.083726613630606 -80.95480606074125
39627799824176552 -3793.7613771823467 0.35273479872326274 25.987838643047642
39627805847195150 -3650.8902682586086 69.01441847971992 47.71264415682484
39627787723606047 -3597.0675180878115 88.98605442409779 2.523548012904099
39627763564416239 -3485.2941772487525 81.06098704632896 -58.50028820898925
39627769629376657 -3311.6141349507143 -0.29414812524425393 -37.297182143873975
39627805872357874 -3321.28920127429 -15.843732658882189 41.13896995137568
39627787748773552 -3654.755968738436 -10.063968561005606 -2.5807879845956747
39627811882799747 -4354.055112672667 95.959909905128 67.60305086445892
39627763585385352 -3413.945100634066 12.837197906471696 -65.29186303077135
39627781717362348 -3219.0472613866286 -31.858446178630864 -9.974519395148969
39627775673369859 -2838.852850243098 -15.356113173082708 -26.715842651497614
39627781725749548 -3578.333246025252 -63.2915867725938 -11.81178224275479
39627787727800136 -4201.084354109697 85.38223139685071 3.540098312296483
39627787752968163 -3383.875864364865 -25.110174394213082 4.437800258714199
39627787748773652 -3123.7955139599094 -8.914036414705821 -2.214982881312208
39627775639819290 -2899.228533275551 76.46733958684398 -24.370895258686264
39627799828366017 -3260.648023904663 -1.6237825941852866 33.35157875273429
39627799824176661 -4442.991140958459 0.10989980094101397 31.67510338254338
39627775656593192 -4652.763617208281 54.25774542492529 -35.568053696977515
39627787748773540 -3234.086526920904 -8.857790002695879 -5.347542177886637
39627781725750098 -4200.264779822412 -76.60909724540603 -12.407159024131614
39627793763404314 -3550.8390032430366 85.70354578831977 22.553783994661075
39627799807396950 -4485.3895975509895 85.34565210184877 34.81491761324304
39627781725749817 -4411.441893275616 -79.18162300697773 -13.59132109715843
39627793796959105 -4378.132815200702 -48.497334952842266 25.313940905088643
39627769625182647 -4465.677220936118 18.362139299278887 -59.11795320104637
39627757528809582 -2790.083690039741 60.624938321176884 -57.050042970637
39627793796959345 -4565.5157163017775 -51.38104224047261 25.888672708577374
39627799807396544 -3478.099092840647 67.51440810350833 25.820423031621242
39627793771793140 -4444.865450921752 64.84311929749609 19.193715601281415
39627763585386089 -3337.7620905595854 10.989380717889425 -54.29168991516328
39627793796959302 -3571.817827040968 -40.08762288091329 18.624080465726543
39627811882799217 -3564.4311528681933 80.25280295145136 64.71395421450488
39627799807398400 -3563.6047291743266 63.37222981126461 26.2975846826395
39627811882798852 -3531.9064928795588 80.47502752233056 57.77237905077383
39627775648203021 -3029.201892435562 65.58964360588952 -25.56816354492107
39627763593776655 -2941.9131055212115 -23.310524675990365 -48.88141075236975
39627811907964801 -4515.784178518414 -15.148019237918787 71.48630465585393
39627769637769306 -3035.4708589476622 -35.29643275652618 -40.590452126962504
39627811899573811 -3355.601627210787 24.61508441957232 55.319363956508255
39627799836758856 -2677.1464773506123 -32.822676175743496 19.661377343858938
39627775644011611 -3559.1767478373777 83.97358555295513 -29.35739552846212
39627763581195862 -4395.036263635527 19.827014582083212 -67.3732341215825
39627775673372499 -4161.156069134528 -29.734855367894365 -39.397552283923574
39627757545587167 -3897.490862264876 15.707097722067925 -77.84046689081912
39627799807398361 -3823.837608162164 68.14552143413874 27.534572903419253
39627769629376611 -3233.3753643697128 -0.18760504037024625 -48.59190688330767
39627775660789418 -3347.7641951708556 19.748151491447196 -26.62090473288327
39627799828366202 -3401.0716289184893 -2.109141946492363 35.43572853052445
39627775673372112 -4095.839598233125 -28.447862121968782 -39.95541545081969
39627769625188435 -3787.7404131538265 0.10774915923438658 -56.41092542874837
39627811903768408 -4401.6451911654585 12.106762140665074 75.69634809800365
39627781696390266 -2692.1878730474837 32.76022827421772 -10.28595573868231
39627781683812372 -4172.765212100545 92.09429684744651 -13.126359683164035
39627799807398318 -4353.362561221794 77.73374271504605 32.11830548823909
39627799807398342 -4299.51683977751 76.67997692897302 32.035857351065516
39627805868168484 -3904.654038033626 -16.318109263130932 52.87770310358131
39627769612600294 -3437.941962843592 57.32427160613374 -48.62960281202902
39627793763405951 -3486.0535348739277 79.1221554743281 18.97218657790529
39627799799007725 -3134.696448498003 89.76118199580976 27.173410302901427
39627793759212111 -3403.675516324687 91.62177480702897 16.852647490987604
39627799803200393 -3550.966970187869 90.74704609035582 27.415598279590295
39627781688003116 -4399.758626873543 87.86025242976433 -28.074612824988474
39627787731994723 -2871.407812689395 44.846901183973465 -0.1479797428738879
39627799819977440 -3210.618524805012 25.57737218146704 33.114247263412864
39627775644008661 -3993.5690080166387 103.92548625213533 -33.270473683658864
39627775648207728 -2916.6179805145935 53.302890860703535 -23.875878663669948
39627763581194428 -3203.4046656905552 17.599398033021725 -59.057430323071856
39627811891187052 -3013.5124392054436 42.455837800205586 47.61696484319118
39627793759211986 -3252.3617494177747 87.8505591777561 16.194977606733495
39627781717364118 -4189.037549486814 -47.61089967054795 -17.78019620330173
39627781721558361 -3172.9489386798455 -51.344983317994256 -9.009580689529894
39627775664984342 -3322.3400209922174 4.028733529533332 -29.74112852714024
39627787736190082 -4205.072717680302 42.51510924015585 4.258644581585864
39627817939374993 -3433.9471398617716 16.275170487661313 73.50630035940267
39627781717364126 -4188.264025847239 -47.61735751162152 -17.870305306822367
39627769612600308 -4376.470795081857 72.93105127961864 -62.53434740179617
39627757537199118 -2648.12414312805 32.348510274620175 -52.91155025131496
39627793759212547 -2815.141664163635 74.84892590969196 6.80408424668348
39627769616797183 -3537.0337022064646 37.19459066386162 -49.1162296350081
39627775644008629 -4257.094168300954 110.91495497694692 -35.07298279658392
39627799828370782 -3100.5558728607543 -11.870076021209513 25.43585782194347
39627811916352413 -3459.659183108609 -38.95560711064663 62.24125693228233
39627763581194188 -2922.467263299381 16.506779111960547 -53.378999099774795
39627805859780006 -3482.098834749554 16.5297871951478 53.06976430905765
39627763581194804 -4299.948164592637 22.4817501544019 -82.97126079547677
39627811895378614 -3289.0308721665037 41.3291134772004 56.83511253122222
39627781717363294 -3555.7521571231364 -38.005294074608905 -16.971161951575375
39627763581194395 -3355.830096440049 18.50939319763713 -63.21999036595155
39627775639819146 -3354.8968936589304 88.86945336396728 -28.22694608157034
39627775639819158 -4257.437755722654 112.74287382118574 -36.44019742450349
39627775639819336 -2613.1727345591557 68.79403681687575 -22.376815459258204
