data/coord/ELG_2_clustering_data.ecsv
# %ECSV 1.0
# ---
# datatype:
# - {name: TARGETID, datatype: int64}
# - {name: X, unit: deg, datatype: float64}
# - {name: Y, unit: deg, datatype: float64}
# - {name: Z, unit: deg, datatype: float64}
# schema: astropy-2.0
TARGETID X Y Z
[from data line 10346]
39627799887091017 -3408.956470385367 -221.86733169779964 34.211216963424
39627775702731621 -3332.263699580903 -124.07027275298907 -23.606094986861564
39627775715311771 -4335.519406264256 -208.7828816528701 -35.362803838042645
39627799878702097 -3595.397070376392 -202.43950987975975 32.30564829303972
39627775715311758 -4545.439577186709 -218.80125739890374 -34.84311412227222
39627787820075989 -4555.615946505511 -350.2930141066148 -2.726987311764527
39627775702731537 -3113.5994287170834 -115.74419650463345 -22.26550827107524
39627799878702291 -4195.879104092086 -236.972992440887 42.05255297445859
39627775702730888 -3317.318098863783 -121.7271143610742 -24.52836740033108
39627775706923593 -4608.273012366659 -183.02127848115953 -35.14594918508249
39627775706925810 -3036.2070888421677 -125.82267969546801 -22.457154609468308
39627799887088895 -4334.108440001042 -275.4970974401279 44.00695180407626
39627769667128535 -4451.9813571297045 -185.6590517599563 -67.1417258237765
39627811970879754 -4033.4227565039937 -281.33335486408225 69.09947600890334
39627775715311813 -2867.9706759648143 -138.21464007496343 -22.011046430120853
39627751564510688 -3187.46609979848 -184.4274776884849 -77.92982983660991
39627793830515583 -3280.2222971381257 -155.77037285447125 15.024970420343015
39627787811687249 -4327.439044490702 -293.74308999803714 2.197430742647573
39627775702731657 -3329.949419221974 -124.08419455662472 -23.492515316275792
39627775698539322 -3286.5319001421876 -114.01648208401403 -23.688785869290435
39627799887087514 -2779.6887099805135 -173.9057787035942 21.743559624616722
39627799887087308 -3744.5498268596716 -233.68891091611732 30.007811218211767
39627775706923803 -4268.380276512212 -170.28012640009064 -34.187727253778036
39627775711118626 -3785.6935504120083 -168.6325649153632 -25.560203921042337
39627775706926256 -2689.075697141274 -112.34990619350957 -19.967053551782303
39627775702728827 -3747.70862257368 -131.14283225719166 -26.677315600184528
39627811958293013 -4283.393642278195 -226.43192328539786 77.38081025934603
39627775702731762 -4211.885453043591 -157.3898358719 -30.79817006215814
39627763627330633 -4088.8557309953408 -170.5038860123444 -62.97655954168765
39627775706924569 -3314.2218073462154 -134.30471585698717 -27.360103539926776
39627769667126098 -3739.754479522845 -149.0121874662488 -56.36088557404207
39627775706924771 -4014.40778640277 -163.22636085248644 -31.628481664154805
39627775706923601 -3238.520847189376 -128.63366277671193 -25.004053342778747
39627799878701637 -3263.68796501366 -182.6390523979086 27.56516473874938
39627763631522982 -3291.2556650640245 -146.5114756323589 -55.584780519952254
39627799887087750 -4199.236683607599 -263.3744088580963 31.823240755733366
39627769679708543 -3851.68357301589 -202.76490735783833 -51.26303757459219
39627751560320798 -2885.4123875730206 -163.49974029984003 -74.19000130462112
39627805935272658 -2581.914142235657 -182.14819014470316 31.491852363750343
39627769667127311 -4453.841422498236 -181.69909931573395 -62.03032367553633
39627769692295037 -3662.6216149335755 -250.05228287670414 -47.90959161206141
39627751564510302 -4177.77157975749 -240.6418194299562 -100.96763359932623
39627775706927145 -2948.2777158959966 -125.04891841341947 -19.791242598104166
39627787815883107 -4529.757306679491 -332.8822319079517 7.378868789361023
39627817998091315 -3430.171340851098 -182.7752074702413 72.98119870436356
39627817998091181 -3429.119841198005 -182.35755637618956 73.14907138460454
39627769692292012 -3286.173878733278 -217.45590508431727 -37.18640067363736
39627775711117349 -3298.393440000337 -144.03001694446277 -24.361772838126075
39627775706928757 -3537.8319875095185 -154.33167789935015 -26.572500613667277
39627775711119048 -3033.991508627928 -135.9961672793271 -20.80496003554092
39627805935272456 -3738.188292410559 -262.95800110600646 49.58881636209755
39627811958293019 -2858.8049115969498 -151.13887190074757 52.021939590129485
39627775698535525 -3529.152470260699 -111.23555262261229 -28.603714469869683
39627775706926646 -3719.7143174978173 -156.43803385146575 -28.046955665352943
39627769679708504 -3487.559425295577 -183.49164861428588 -45.62112563019006
39627781780280011 -3622.981901237788 -284.20208464327266 -22.757023893103977
39627763627332840 -3409.677244712876 -148.25932905188478 -64.54352665758051
39627775702729577 -3829.032643994454 -136.4987929205965 -39.791250667211926
39627811958292963 -3695.2450669272484 -195.16390941601128 67.23240358146292
39627811970875497 -4201.533450254645 -275.6461680160889 67.54399520097309
39627775706926832 -2592.2523961954116 -109.3693618187077 -18.05960671041779
39627787815883019 -3812.717966128672 -279.92141129058643 -8.238584746642402
39627769675515540 -4518.91974503764 -222.06145602753998 -62.85684438261026
39627751560319806 -4571.661659466265 -255.6033485774942 -110.51080588863064
39627817993899517 -4545.546834624545 -230.78759966110832 107.77188661483956
39627775723702685 -3438.9768268983817 -201.42951888123707 -34.323636863739274
39627817993899905 -3465.45883182997 -176.98103226333433 73.35785985546784
39627793834707609 -3898.4747195884047 -195.997279844338 17.368512593893758
39627787794907519 -3778.275737645228 -182.647144738181 7.118792000809212
39627793834707745 -3494.027211281397 -175.9995002414305 15.188191923150768
39627817985508720 -4201.226177965553 -170.22754665852602 82.9850687303272
39627811970878136 -3220.4791306323746 -219.2002895114987 62.70568844390299
39627818010676022 -4047.970872124671 -276.7910686775208 79.98863888847232
39627811966685086 -3884.0630797917343 -252.5605435668722 71.44328879985953
39627799891281639 -2930.739816064766 -195.58347779581487 24.561680722892756
39627757595924217 -3279.841911120878 -170.48238215005662 -70.91314415562226
39627775732092082 -4505.251147263574 -305.8622372089374 -48.433687916902194
39627775706924499 -4109.204172296318 -166.25408016745862 -35.52068722994415
39627757587535104 -3201.619273225407 -138.81511743939382 -67.84934988136307
39627769658741918 -2934.705161958676 -101.33666434448527 -38.628524464145286
39627793830515787 -4449.411958659357 -212.01660517924998 20.001559437079603
39627811970879932 -3103.5680429115046 -216.96948174091122 53.585350028442846
39627775715311759 -4198.886828491112 -202.12781749196898 -34.084397824378875
39627775732091883 -3698.893938402198 -250.61440754148038 -39.366324080719345
39627811949907278 -3762.550855873395 -172.91665965544777 65.08660261470048
39627811962490098 -2701.8443396159187 -160.95269739560194 49.71555572932326
39627775727898589 -3693.1364275152823 -235.58867177319055 -35.85247988511347
39627757591727682 -2858.6122625971293 -132.37156309042848 -61.37741955706918
39627775727894735 -3317.2811828065255 -203.18909685368013 -22.66754410461097
39627775727898630 -3757.099138547908 -239.77468450514817 -36.421598845800524
39627757604307578 -3242.290740680612 -185.96505763314136 -68.34506877032348
39627781750918371 -3781.8154197126382 -173.9917996555351 -17.85732331855732
39627775706923381 -3778.5639919292917 -149.45264124084932 -35.2087468563112
39627811970876141 -2968.4844027831914 -196.55105193197213 51.862478676035266
39627757604307809 -4040.798384868847 -232.58365920500077 -85.7112484276197
39627775723706443 -4508.700085210961 -275.5875719709223 -30.350967906526567
39627757591726873 -4499.99496955005 -205.61405132638524 -93.57837915862862
39627775727898605 -3692.9951223050753 -235.6289439806524 -36.015649053712366
39627775706923437 -4647.005501833793 -184.0206457470686 -43.21997779169595
39627775706923084 -4206.60309389537 -165.3641688376319 -39.01683580041602
39627811970875960 -3283.940222206517 -216.88075200016218 56.17156909585855
39627805914300890 -3526.3071321477087 -170.53478246302492 50.827030027146385
39627769662936380 -4155.183721137557 -162.47220794920125 -58.40312721232456
39627811970875884 -4321.864928347847 -285.10672027853167 74.3156648251862
39627757591729147 -4322.78083967582 -204.45542473629143 -87.62872595859184
39627775715313747 -3188.640258318423 -158.890122615328 -24.9047338588486
39627769662931946 -4282.978959907799 -152.69642653803967 -53.89534402399256
39627775702734257 -3475.3008388810053 -136.49851295116025 -32.79900335450168
39627763644108942 -3723.956795934319 -224.9879422517472 -58.43627259426409
39627775702729194 -3499.8523188971426 -123.57687527342804 -23.105808514228006
39627817989706010 -3548.745924837552 -167.7571069094059 81.02550769210468
39627763631527660 -4219.274414977176 -200.96960247514144 -80.78209267571458
39627763635719475 -3145.743026546098 -157.8741012043931 -56.227590333703
39627775702729122 -3092.840396781877 -108.9945133023997 -20.60575832093195
39627775719507788 -4293.073725458666 -231.22741122255977 -31.94316257427655
39627799874508749 -3138.770751454415 -164.45585470160643 24.034449511894806
39627811970878972 -4266.65753507665 -294.04255578017694 81.70606731292598
39627799857726795 -3168.6425220221813 -99.88208386575278 29.615349656346414
39627763644108887 -4109.769800604546 -248.11312062122948 -65.49863371197618
39627799857726905 -3049.949111237196 -96.38973992503998 28.91165548299743
39627811954099356 -3561.103771658307 -174.75793370034054 60.85183315133225
39627775732090755 -3569.4139758666156 -238.95754547377146 -24.36627027139357
39627751560320204 -4172.024200357461 -234.39375999448023 -102.66850936457026
39627763644108853 -4117.363466962879 -248.46221078276906 -65.50277980883409
39627781767694452 -3244.6619318162743 -204.49768736079403 -13.50754896016973
39627787803300007 -3124.2647940033626 -188.7641789789752 -1.5911848636649508
39627805926887073 -3134.345142545025 -200.49882339128027 35.748215535215856
39627763644108159 -4586.887051408151 -273.7326173371339 -86.89885301348325
39627787790713134 -3311.4081870043965 -145.3102035308617 6.668915820738552
39627787794907352 -2637.4132349400543 -127.0769993775368 0.6348447520626186
39627769692291465 -4291.820349664623 -282.46773579698726 -62.659142084130416
39627811958293697 -4125.741935273692 -220.8089331898148 79.84379297258754
39627763644107930 -4639.637555089803 -275.86504975779593 -87.62278599517718
39627775706928411 -3341.465786282704 -144.9082264484122 -30.062516635636364
39627805922690177 -3133.403646444562 -180.41986276036005 41.35234823233671
39627799857728302 -3886.801435783237 -127.24829054656831 32.405923616199125
39627781755111813 -2616.875013646998 -131.00435811919445 -15.50181433512003
39627793847287920 -4143.446128349818 -253.6824601870042 24.812416411699555
39627793834709772 -3927.4089029905017 -204.3335671495503 13.159973523696314
39627757612699355 -3767.9000558031867 -259.43535812689004 -76.27650433397797
39627763623136054 -3353.870661417163 -124.58067951125659 -55.50316832471787
39627793847288079 -3487.3983378215717 -213.9358080275046 20.020806067377443
39627811970876478 -2633.7409745225286 -175.23606146863935 46.069028706338074
39627757591729747 -3287.5899700112077 -156.9493879873576 -70.86898287073757
39627769683902841 -3169.030181649185 -180.69410633628547 -44.019318054633004
39627757587535183 -3227.112817902537 -140.11483949558962 -71.77044281302817
39627781767696000 -4154.962841644083 -268.1509293836272 -21.962981842063495
39627781755111757 -3889.516096446986 -194.50916859136035 -23.399574166382674
39627757591726098 -4151.6245621678 -187.31213091899116 -84.51319151469467
39627775736284270 -3550.0207637759568 -251.1073638594725 -34.752072992035245
39627775698537798 -4337.941841638718 -145.16669022984033 -34.70858393236315
39627781767692551 -3296.0102102571273 -202.2174060220811 -9.35903507673943
39627799857727113 -4613.001949889371 -146.4555801772541 42.80846177570112
39627805931079623 -3501.6159820547764 -234.6199654417223 40.38456406495311
39627811958293965 -3325.467431000716 -178.94480557964584 63.857895109827965
39627811954098467 -3700.800775731775 -178.79282549021434 65.60975067783903
39627793822122557 -2835.2560801343543 -100.49810302591642 15.51651726419192
39627781763502793 -3005.1673515216257 -182.64810991262962 -7.682544350213613
39627781763502560 -3478.114561587958 -210.7454950037219 -7.746392033515738
39627757600114714 -2682.12924494019 -145.14016973926772 -63.03199816586247
39627793834709699 -4307.857433317886 -223.9221089534987 13.177643834010459
39627775719507043 -4574.292233865574 -243.6184102273831 -37.86078611374856
39627793834709726 -3988.3754915705144 -207.37870481623952 13.431972890976846
39627763623136028 -3709.8970689136527 -137.7110261075569 -61.65063450562955
39627775723701476 -3577.215199196057 -206.59141192220955 -31.33522627230016
39627775719509284 -3216.024056684338 -176.99446714002167 -30.38971987831248
39627805901720197 -3162.0805613064117 -116.19687459088217 46.104885904894736
39627787790714994 -3867.8502232641004 -175.7507881367222 7.589046387551926
39627811970878126 -4176.969723073759 -284.2606805131777 66.0517410142108
39627793851483959 -4006.6101905909427 -267.7167801585218 11.39757777030756
39627793851483963 -2980.604414297888 -199.16788089809398 8.81817346827717
39627775740479251 -4327.7497620079985 -327.233550504617 -31.508833576434064
39627793822125005 -3170.7828923678494 -119.77587931471864 7.725270502553494
39627793834705284 -4050.1285086599382 -195.79700057904637 24.77081932035536
39627757591726492 -3627.4645695251056 -164.72589593024705 -75.46043387295722
39627775740479099 -4300.674325954292 -324.7808415988402 -31.8303413189286
39627811970878045 -4431.472969422804 -301.2015974353423 70.3992131266054
39627775740479490 -3111.7359031760548 -235.7703188498213 -23.385589224007866
39627757591729205 -3294.4987839897285 -155.95605165667726 -66.82930772145997
39627757591726914 -2726.2370165116063 -124.66451782696899 -56.12800424064294
39627799882893273 -4076.549562934442 -238.31572134740173 39.2694265269162
39627781759304658 -3581.8753874629133 -190.587094900073 -13.805678270697364
39627811962490423 -4522.123032553375 -270.7655000557152 85.60235239520563
39627757591728831 -2901.0637419862064 -136.58462315429728 -62.335240845127494
39627757591729179 -3371.9003674261467 -159.55105306248737 -71.72705657633549
39627811958296951 -3287.5737224245663 -186.06153426806236 58.40657662756843
39627775711122009 -4154.726680874746 -194.90584499300286 -29.193376464689184
39627757587534735 -3858.5147728135144 -166.1980037121826 -76.78379131825452
39627787782326210 -3404.0309953493447 -124.79175536385458 -6.086292025702479
39627793826319118 -4401.488517770564 -183.48185589034415 11.598392923103782
39627787786521896 -4003.931409615092 -168.95607713091204 8.649491151447107
39627757587534671 -3776.298810405803 -162.4711323505272 -75.33822135679166
39627757591729106 -3548.8920143054497 -167.7407974442387 -76.8893494150648
39627763635721751 -3578.322648853536 -184.64891652706345 -60.70296182546605
39627805910106335 -3280.7202173995224 -143.55311117409596 41.976310753587484
39627811941520524 -3904.3815105219915 -152.40470426551468 71.79718514478819
39627781776086279 -3641.570597128683 -269.26481679684247 -12.514580380217499
39627799861925642 -3112.8290637069026 -121.29163970742697 22.865822294403905
39627805935272539 -3694.449860767136 -260.1735597231572 51.46925303937999
39627805918498615 -2855.985533960847 -157.5585718694152 37.61597791950971
39627805910106363 -3754.748206742313 -164.35796081689708 48.521443624216374
39627769692296514 -4236.102909849594 -293.8088291364789 -62.13458332833757
39627775727896752 -3483.935357395072 -217.830878924273 -27.373834190163247
39627793851487266 -3787.3352174093 -263.44699657031845 23.261728547610314
39627781759308353 -4510.06559432974 -254.62538880538983 -18.974344788421725
39627799899669801 -4434.331981783074 -334.6939030211871 47.339478184056624
39627757587531803 -3079.7280136746094 -126.07977530245616 -63.35687787548844
39627805910107785 -4438.357995193063 -198.33771278666083 64.10733809095754
39627787786522232 -2789.4615342114653 -118.4877896649383 0.3020161356263478
39627781759308343 -3853.8777358228454 -217.53624317672745 -16.088384920837623
39627805935272576 -3517.9178076587127 -247.86313823023497 48.70227947382853
