data/coord/ELG_12_clustering_data.ecsv
# %ECSV 1.0
# ---
# datatype:
# - {name: TARGETID, datatype: int64}
# - {name: X, unit: deg, datatype: float64}
# - {name: Y, unit: deg, datatype: float64}
# - {name: Z, unit: deg, datatype: float64}
# schema: astropy-2.0
TARGETID X Y Z
[from data line 1056]
39633132101569726 -1482.866862641002 -2873.7664342886837 3027.4482399529443
39633132097375412 -1172.5826001003568 -2235.7803928963676 2363.962363123577
39633136522365334 -1441.4997894140236 -2808.516548877386 2973.475291447807
39633132097375286 -1072.369047124311 -2043.6769243672954 2160.1155872475206
39633149658925166 -1082.9312980332884 -1992.4696417038112 2196.4460029534443
39633158320163762 -1007.5016149329953 -1794.9969982470225 2014.182801468529
39633132093181157 -1081.6834437715136 -2035.1837278191235 2145.308871317177
39633132093181215 -1443.6241273625872 -2716.741650013659 2864.6268734733735
39633149633760260 -1148.8316167071018 -1947.7963870143742 2181.753847644581
39633123205448104 -1003.9441871751937 -1857.7111669043818 1928.8059857736853
39633149633759055 -1120.9557484752486 -1892.0653337632812 2121.4991344564587
39633127647218370 -1053.0830391902625 -1898.573218289255 2010.4410761396512
39633162636102980 -1298.60382346723 -2375.0338480296923 2687.116612057775
39633127651410590 -1453.0178694232177 -2640.797299604807 2781.3093184059526
39633127651410830 -1274.9217867417196 -2319.013550784306 2441.2472437493043
39633154004225538 -1387.125997015796 -2567.1314279018693 2853.7160180354026
39633154008416300 -1431.7984658952894 -2650.9353889938598 2941.3673158564243
39633162623520003 -1017.377971236005 -1780.3244495538268 2027.1193653632613
39633154000029883 -1218.7608474196209 -2211.614161322274 2464.5040318995652
39633149650537814 -1182.7456524860067 -2122.3957285935303 2337.7209462087058
39633154008419554 -1269.2121428563817 -2382.666542040531 2639.691354551666
39633154008419570 -1374.954833271314 -2581.391086902287 2859.22164194187
39633127651414177 -1243.5071931970388 -2286.7171799472226 2403.5602910309985
39633158307578641 -1169.434585750279 -1984.6487520716785 2257.1138055949104
39633154000029860 -1095.076941261281 -1987.000156118985 2214.258352429398
39633154000029396 -1491.2318559576072 -2701.166595828537 3009.154780967405
39633149654729601 -1081.756714361691 -1951.0965711669944 2158.3112528187507
39633127647219220 -1084.204611655612 -1959.503985501479 2069.58203513065
39633153995835017 -1169.4216667608612 -2087.2748055916027 2338.5205750804735
39633153995835041 -1229.6691585907768 -2194.985362662734 2459.4386961523687
39633127647219337 -1385.3719807974148 -2504.6522580524384 2644.143776064702
39633154000029409 -1183.9097684578494 -2144.641439017105 2389.224633807194
39633127647219473 -1102.2455359291123 -1993.4941388253358 2105.610833655872
39633127647219622 -1346.8083156820016 -2436.610087687719 2573.6702360984714
39633153995835400 -1012.4438241355813 -1809.7613917039268 2020.125073297559
39633127647216556 -1391.6325438847953 -2495.498827592615 2648.152805596989
39633127647219560 -1348.5599502071545 -2439.4571982334614 2572.938653825049
39633154012611030 -1554.0003457150287 -2924.099868504076 3235.823762125187
39633154012611069 -1320.0849123794442 -2484.338373132783 2750.0166882320987
39633162631905857 -1412.3500468133416 -2521.112877034575 2870.941653199301
39633132080598243 -1118.7402181395207 -2014.7007413548433 2140.2191169935018
39633162636099974 -1045.7674177573122 -1892.8217935407745 2144.2457017837605
39633162636100249 -1170.6376438131342 -2121.023565849872 2392.378867470883
39633149637954222 -1409.2487496474964 -2423.7171983627986 2705.495412580106
39633149637954202 -1244.684926166472 -2140.4859554963596 2389.6063943886984
39633162636100273 -1460.3079592134604 -2646.070164380413 2985.6152101671396
39633153983252211 -1319.564333999334 -2256.6323858995065 2536.917256789323
39633136526557469 -1441.88788038399 -2828.5346584482822 2987.111673302788
39633132084791388 -1336.7128784937697 -2431.838769737619 2593.1485566741703
39633132088984564 -1455.3062120730012 -2674.10124649293 2847.5869273178346
39633149637953237 -1166.5564288378848 -1998.2969213264728 2239.877890696298
39633132088986986 -1115.9889363219256 -2067.6534585119357 2187.7328657396656
39633162636102289 -1009.5705347469385 -1842.0376667641385 2088.7102654885953
39633132105762349 -1398.252026261017 -2728.422473885489 2861.9249998865985
39633127659800449 -1447.9234366312455 -2721.175766087726 2860.975242902862
39633127659799754 -1486.615885133881 -2786.5156052211096 2913.1117481994083
39633154012611166 -1049.923802137218 -1976.6482602369495 2187.7662344069745
39633154012611238 -1219.6527638063228 -2296.690651118265 2542.015414924059
39633154012611316 -1485.156319678752 -2797.3607434810433 3092.0947358802687
39633154012611417 -1015.1483826784772 -1912.739634283363 2115.507891782944
39633162631906250 -1075.4740196896103 -1922.287373726364 2189.39421531804
39633162631906302 -876.3943618690105 -1566.7023197720148 1784.785812270636
39633153987446968 -1575.391564137119 -2737.566389769123 3071.200815607246
39633154016805099 -953.9311791470609 -1820.157585766632 2010.1289921445123
39633154016805198 -1213.7677117321796 -2316.778192735514 2554.328873556882
39633149642148334 -1137.729228216908 -1980.421682794793 2198.251922425952
39633127659799507 -1178.4294326642676 -2206.7073000747155 2308.7670918908966
39633136505588348 -1553.1485395943714 -2862.8794617907765 3061.1890167146403
39633158341133892 -1440.6141380122551 -2748.948847951653 3037.4604032493326
39633145280071762 -1425.006695689479 -2520.7709233109235 2768.904325822816
39633140909608250 -1212.6944947422803 -2258.32210554098 2424.8742329426163
39633123201253795 -948.6755754959654 -1730.273375467934 1811.4617238659293
39633123201257158 -1530.6897163129686 -2823.805876679496 2953.332216026428
39633145267486845 -1581.050038654861 -2664.8803106474784 2968.6773636400876
39633136522362980 -1091.022494699204 -2107.414400695693 2225.8188155389334
39633145263294413 -1519.8767533814846 -2541.736070446831 2832.425136123588
39633123201256993 -1224.4000742334335 -2257.4802325527344 2362.044316558353
39633123201257133 -1264.0722130530241 -2331.7969451098525 2439.9700622866267
39633123192868239 -994.2707884688612 -1782.303167791694 1876.3458492613038
39633145275878663 -1559.8271338866764 -2733.3645989817596 3017.062678045972
39633145280071639 -966.3036902178914 -1708.6864857278783 1878.133096579289
39633136513977932 -1526.1558875430392 -2902.762044083898 3087.441007226217
39633145280071581 -1209.6679179319772 -2138.531614166175 2350.8795317039767
39633149663117890 -1500.38882074613 -2783.7837033959686 3061.9190593125627
39633123192868348 -1112.29874789057 -1994.5422012553013 2100.6487928793113
39633136513976265 -1319.042929317333 -2491.9219716675343 2655.510179908378
39633145301042838 -1441.808251045495 -2737.4547648462326 2970.0069793824014
39633140892829705 -1146.2885288603914 -2010.0187443386887 2203.093486477718
39633140922188987 -1123.0249122859832 -2168.0865899432783 2308.402085620631
39633158336939409 -1131.3838392985472 -2126.8020904142677 2372.0292567977017
39633145301043973 -1493.330236376947 -2846.045159843545 3068.588576755274
39633145267488684 -1201.845258350749 -2039.675284147831 2262.6636065711623
39633123213836858 -1446.4454518627988 -2755.761748910277 2844.125425129817
39633158324356587 -1084.3809338265264 -1952.2023787973706 2192.1233327069685
39633140922188828 -1330.964982465135 -2568.339953955708 2734.0639528259194
39633145280072024 -1424.0995101215387 -2521.4876006546356 2768.200538995998
39633123192868350 -1049.428900922845 -1881.812235396628 1980.551518043119
39633123201256986 -1306.2746763492792 -2408.3687425646967 2520.6490311188795
39633123201257575 -1123.3490437124003 -2075.404083952087 2160.968266874421
39633140897025062 -1503.434694092733 -2679.528166452246 2927.8827414457915
39633158332743875 -1507.9665434039584 -2780.6619747416353 3112.1238229368046
39633136513977744 -1169.7827559901693 -2223.297395011107 2364.763454660513
39633145280070133 -1458.636812637796 -2565.7434801905924 2827.146686926393
39633145275879037 -1495.038189745667 -2623.123598266759 2896.589219039498
39633136518169159 -1005.9026085743247 -1918.4716813959371 2029.780074298336
39633158324355498 -1148.4555068304169 -2059.248326433744 2319.59033706916
39633145275878800 -1457.0009169775658 -2554.2257335182335 2818.762921128796
39633158341133791 -1253.3063254906813 -2390.5295412105606 2641.3037089396566
39633136518172477 -988.5124052569122 -1907.5178671442418 2029.8118024716707
39633136509782000 -1117.4008998974962 -2081.844591502036 2219.2784452943874
39633145275878977 -1457.0286428647744 -2555.911373837849 2817.272285121632
39633145280071036 -1274.4143075411205 -2248.746407046475 2472.8736922584067
39633158324358522 -1099.9283584757031 -1993.142613084163 2234.9001593534504
39633145275878924 -1178.5337869416896 -2066.941381720142 2280.0279330487315
39633158336938724 -882.9162144131782 -1655.4325015970037 1835.9438662969644
39633145280071182 -1229.0664501622505 -2169.751460475534 2386.728446640984
39633158324356552 -1218.6664047769505 -2193.7239204414777 2463.433827389212
39633145280070250 -1243.1704001407686 -2187.5899400925377 2409.5100502293144
39633145275878868 -1260.118968024741 -2209.6501163165763 2438.7863143538707
39633118721739530 -1054.4681191325412 -1885.2268798509665 1968.930945062861
39633149646340502 -1144.7095764657615 -2004.327783630817 2234.556046520756
39633132093180764 -1237.1779681810326 -2324.018421828538 2452.512956180633
39633123213836608 -1272.8069571422234 -2422.4930526376584 2506.6046945451044
39633149633757575 -1045.1196369539766 -1755.027300691539 1976.6816338423796
39633132093180860 -1219.6147881324991 -2292.0210723983046 2417.9071165235196
39633132101569840 -1480.993279947035 -2871.6616172954296 3024.466052701537
39633149633758041 -1221.6591797795636 -2054.9083204631133 2309.0087227564036
39633132093180493 -1152.282049642915 -2162.1492401871174 2283.0040700982995
39633123213836822 -1251.3195043521753 -2383.4694677886746 2464.8410486059033
39633154008417470 -1038.1358765152158 -1931.5714600689726 2141.1979480635127
39633162627715347 -1193.010235105756 -2123.3573375907254 2408.732321940575
39633132093180636 -1289.938669654123 -2421.822950943403 2555.8463479212205
39633127651411491 -1152.8879809166726 -2101.8985873742017 2216.5801021585667
39633132076400923 -1543.162581873279 -2712.3257904415027 2905.008410409907
39633149633760043 -1165.2474383876183 -1973.922915270957 2212.73607281462
39633132105760858 -1074.5942811695618 -2084.8717428673185 2194.8658859101706
39633145301043768 -962.6606292606721 -1833.6293645033165 1977.5806225955434
39633132093180337 -1120.2834187765536 -2100.868367376246 2219.468698674002
39633149633759854 -955.9975684214198 -1618.210604526187 1814.991266997347
39633140909608111 -1093.7570574991348 -2035.9609519681226 2184.72681439924
39633118721739212 -1558.2386489758953 -2783.286648574056 2907.949721726266
39633145267489433 -1155.9253446963983 -1966.6265722735104 2175.7033659583567
39633118734320954 -1402.603979011502 -2603.1895110389937 2686.841360906096
39633154012611146 -971.0999625010322 -1828.1151189012432 2010.473934401015
39633118742709858 -1267.2473690326733 -2422.26042701147 2489.140771789755
39633136526558168 -1195.4468589549338 -2351.4814398461504 2485.040978371303
39633145284266999 -1275.1947740330324 -2294.8622035939866 2517.7760016446323
39633145267489605 -1103.9255847807713 -1879.3482103568883 2078.895843927753
39633118734321069 -1543.4225147467855 -2865.633967165582 2957.056204983368
39633132093181503 -1383.0059584075384 -2605.1676587058787 2747.403299786155
39633127668188034 -843.3428664753782 -1624.4508767674522 1692.7833992369426
39633158307581764 -1345.4625551123127 -2307.5435008776462 2623.173206082464
39633136509781223 -1255.6663871826631 -2332.7256685592206 2482.726785772448
39633127655606591 -1134.0728388073037 -2104.1352760771074 2217.793475222863
39633118721738635 -1107.0840486442046 -1973.8247969185566 2048.18840330901
39633145267489499 -1241.350036080646 -2112.460487976389 2335.9368637733887
39633154004224181 -1280.9887286636329 -2357.796361116249 2612.7175648348802
39633149642147257 -1083.3399136025994 -1878.1655368502934 2094.427947443083
39633154008419598 -1565.6200407293838 -2939.6856816536097 3256.121104182193
39633123192868916 -1198.808235348246 -2153.632956747354 2260.5147501518727
39633149642148306 -995.406936300466 -1732.538362039866 1924.4638534940907
39633127634635559 -1097.4791326771665 -1901.6306041738126 2026.0860001167728
39633127651411776 -1014.6991474904497 -1851.7919932765865 1957.4469225870757
39633123180284780 -1011.3573362812086 -1735.183739079129 1844.1877351219714
39633127634635499 -1658.6989990871991 -2873.630691117202 3062.4657316527732
39633127634635208 -1102.9653861275233 -1909.2705393312065 2035.277448422756
39633132097375155 -865.56654273831 -1648.7856755414198 1743.3655710794799
39633162631905552 -1090.6059621802335 -1944.9753525600488 2201.8189153191674
39633145267489649 -1300.7865949874963 -2214.8313722868397 2448.997781659982
39633127659799222 -1310.0457215502713 -2450.37533898822 2570.529683651932
39633149663117948 -1118.599675974752 -2075.9506401961253 2271.727649003085
39633149667314561 -1532.6015132990738 -2907.930554400193 3168.7179678726416
39633132084791444 -1274.8629230954582 -2319.8337401206504 2467.3612353850785
39633127659800599 -1185.2058124075568 -2228.730434756376 2338.937033367804
39633149663117847 -905.770552961242 -1680.1928015657531 1839.4159178192047
39633158332747974 -1056.412071200034 -1974.913342931372 2199.419078426181
39633123184476995 -1439.6278942603992 -2489.150311348768 2627.4046880724663
39633118734320874 -939.7142169472238 -1743.6219562960212 1798.0868861689248
39633154016808604 -873.1411857872068 -1688.3172210492423 1850.0024829353451
39633154000028216 -1173.8043143734378 -2115.732546848737 2360.87026658772
39633118738515794 -1020.6060031011119 -1924.1196873461956 1972.9853504634814
39633136522366046 -963.3609145756159 -1881.5017854694283 1985.0063548281591
39633136518170922 -1395.0704652540321 -2676.6759963398968 2828.822051762901
39633123201255171 -1270.2253477844288 -2326.9443163994033 2432.5196665349567
39633123201255284 -1347.7748171697356 -2470.042043688424 2580.6661282422897
39633145280070818 -1533.1362979204657 -2703.442687086017 2963.067954664693
39633136518171906 -1265.6074629715927 -2437.0734668579307 2588.5559717006327
39633149663118621 -1189.7983249163292 -2214.336112187126 2431.8099990944625
39633149663118648 -1463.8446029666322 -2724.669971046343 2991.745726443166
39633158324358051 -865.9051488303862 -1566.822484991778 1752.669932120868
39633114238026898 -1052.3076892146762 -1933.2178064886198 1983.0991772245018
39633123188672546 -1324.4585700908037 -2328.332571256212 2449.72946998085
39633149671508869 -1018.1071715172734 -1962.6060661012748 2129.341375573193
39633158324357916 -1098.9370168184062 -1987.508695160091 2222.86323969933
39633123188672521 -1676.3785859590364 -2946.728946990693 3101.086452306758
39633118730128954 -1386.3634981395683 -2558.0443932747175 2646.5877164655376
39633149654729884 -1502.6236643575694 -2713.5861766880043 2986.7938853212804
39633145284264740 -1523.7731028180142 -2721.9330223453635 2979.734009450555
39633118717544937 -1579.513420691575 -2782.91689917103 2903.444062720461
39633145280070820 -1258.7813528678805 -2219.6668605002455 2434.326685294263
39633123188671025 -1681.8936579389283 -2944.077015180029 3099.726798508607
39633136509781306 -1118.1365856450536 -2077.9110628916046 2225.948487221043
39633118730129074 -1142.9260537083421 -2109.8353862016816 2183.6467477789856
39633158332747247 -1205.4197241759489 -2247.005341593961 2512.0840778540987
39633149663117491 -1442.499590620376 -2671.5963221717207 2937.2087969407776
39633149667313606 -1098.5488089155133 -2076.853188740984 2276.116087520721
39633162636102796 -1238.5016805869016 -2263.5463426514707 2548.4828964308654
39633162636103049 -985.0675063488351 -1802.062361276929 2029.3626856666062
39633123197063199 -1277.7681424275825 -2327.2339795601515 2431.061290749895
39633162640296316 -1257.1364599956462 -2326.2461544019748 2610.0535806950256
39633145280073464 -1132.0651234240436 -2014.3796253304106 2219.55120327646
