data/coord/ELG_18_clustering_data.ecsv
# %ECSV 1.0
# ---
# datatype:
# - {name: TARGETID, datatype: int64}
# - {name: X, unit: deg, datatype: float64}
# - {name: Y, unit: deg, datatype: float64}
# - {name: Z, unit: deg, datatype: float64}
# schema: astropy-2.0
TARGETID X Y Z
[from data line 9807]
39633419755323439 -14.965259910835606 -1584.0207143471766 3075.5208514252145
39633405591160866 15.875164162555095 -1945.832509592855 3590.625946830883
39633414139153496 -57.072291107176476 -1306.0616742346883 2477.3497875984026
39633399756883028 -23.091203664996872 -2100.7846685245427 3795.103308439529
39633411341553264 50.036092485165895 -1426.3630198679368 2671.9091446173798
39633422544535938 90.84536689313926 -2073.3701922702203 4054.792029342485
39633433344870172 7.079439430429708 -1988.868821660361 4071.614718419093
39633414134959329 -113.2931782604673 -2130.745208316907 4069.169732150804
39633405578579674 -31.494859145931212 -2127.5325949699604 3920.199740957522
39633405591161467 19.32291929337343 -2139.2306830851226 3946.4129806474184
39633408443287275 -93.35628071091907 -1674.2750708464077 3123.383537995824
39633408443287553 -86.195836159865 -1563.1260714906482 2904.881112266065
39633408443287626 -93.06431522787452 -1691.7392436957387 3142.392484780469
39633411299609036 -101.37915205885763 -1709.7229771613636 3216.485878592316
39633411299608947 -78.12691042496411 -1313.2876943843569 2470.900043371994
39633411299608884 -101.74546535589805 -1706.420257552308 3211.536964447243
39633411299608879 -96.53198793060561 -1618.8498801676353 3045.9550407198653
39633411299608707 -124.37763556933777 -2072.623427707097 3897.314083890931
39633411299608235 -99.48365905553743 -1629.6026033534645 3063.1748234072243
39633399752690570 -28.3593480091612 -1707.8730267258213 3096.2024591584945
39633411299608362 -108.83086529992389 -1791.1498615192545 3365.6538778697604
39633408443287518 -98.53885428551246 -1784.5607160157224 3320.6188697441326
39633408443285865 -85.9808060146414 -1458.3639427618684 2725.0422369718563
39633408443287570 -89.62318190436686 -1626.2108254252364 3025.690584393654
39633411299609168 -120.24115674964689 -2038.6332927874803 3842.023329229033
39633422498399614 -101.41192698419175 -1723.100411846761 3395.9052851417514
39633408443286869 -90.18028072849407 -1589.1974771394332 2960.8552576397833
39633408443286741 -114.98524650654899 -2017.4423923692043 3759.6635626784323
39633411299609157 -83.56937682867401 -1415.9365959908903 2662.0886716576542
39633408443286448 -107.45222314274058 -1862.663836636268 3475.6375911079926
39633408443285961 -106.93258401027944 -1820.6815506555286 3399.101738200318
39633408443287857 -113.19065701082104 -2075.912338028743 3858.348206233007
39633416940949676 -102.26102625524716 -1787.648051468839 3433.178248596124
39633416940949593 -96.03014077988816 -1674.3646967675566 3220.3867788091434
39633425249864573 -45.901377681609176 -1479.0926539859242 2921.3832016019196
39633427976159461 -22.086440090673033 -1557.365984858358 3123.927027565182
39633433332289590 -31.35139141294318 -1581.3931646333147 3233.438058528225
39633402671925619 -62.13313278645908 -2014.1225060545196 3658.022724160388
39633416940948485 -97.78672408731346 -1632.538154654708 3142.428118173085
39633419759520594 9.529600995036668 -1405.5848005833452 2738.703729955151
39633399752689948 -30.393505319058953 -1711.590414612049 3098.7417436741584
39633399752689891 -34.88377531194738 -1952.1267557587673 3536.3718635602413
39633427976159575 -21.581264121535696 -1554.8072106503996 3122.704016200992
39633402671925526 -67.52513922194022 -2173.9450618492106 3948.657092515795
39633419759519827 7.2223690778609075 -1467.3571602912773 2854.896625431916
39633416940949716 -115.77355385580434 -2026.7273317649824 3896.4416914354892
39633416970307575 6.67581704850351 -1417.1523995041034 2717.4033366579883
39633402667732131 -63.897731019987326 -1676.266708180126 3057.839555459037
39633422536148907 36.378340459823384 -1297.625070549515 2552.5222354804564
39633430660513969 -55.64017267266126 -1918.5252861565018 3881.6400301106582
39633422536147207 46.787877566415645 -1920.0316597697174 3768.783052327497
39633416945140682 -71.6577923839113 -1306.2569647815283 2509.5442933061286
39633430656323715 -38.279504161060196 -1295.474953513833 2621.7881770256013
39633416970307203 7.494985050023195 -1998.9783339143619 3844.551757716589
39633416970307177 5.778753587985213 -1559.6477481164052 2999.7392960822667
39633414130765480 -109.95591129676724 -1774.593637615809 3372.6800580101262
39633402667730426 -65.32453856188667 -1561.1194450415799 2858.9194574322364
39633402667730430 -70.33706898983857 -1681.0925901537012 3075.748302911459
39633402667730423 -70.47322263427588 -1683.3440946285314 3080.6337519313415
39633402671926209 -60.00789751713545 -2015.1832346929507 3659.8621968377593
39633422536148806 48.60958985163633 -1748.4087587915856 3437.96280320116
39633402667730407 -60.77391194781306 -1450.684901375621 2656.8202237899723
39633419759519830 9.252869124284391 -1879.3927509797204 3655.8657196568083
39633405582770367 -20.233652936872527 -1521.157207763983 2813.7265335064394
39633433332288803 -37.28849519182596 -1725.9229572671345 3524.4829803371726
39633408451677944 -41.85818018549566 -1270.9059810674155 2369.453295199713
39633433332288669 -42.880725354366156 -1955.0087260762575 3992.836698621539
39633411341551403 51.44699717610379 -1636.8742450324087 3081.8735056120427
39633416987083771 58.837913401185475 -1466.96301482602 2822.8425940663924
39633402692897857 23.346816853010846 -1514.332873595814 2749.876303542798
39633402692897482 19.548844485842082 -1338.4207970144423 2437.421870511443
39633425258254276 -14.574122851939718 -1378.6190681189041 2736.41896226792
39633419772103591 74.79816970776442 -2082.3697682995016 4044.6270311366266
39633416940949388 -104.13084534972664 -1802.291848766676 3480.868397191317
39633411341551679 45.692566663923664 -1429.9251560054292 2679.718996714849
39633422498399877 -83.74132587397598 -1438.3055301122254 2834.8697342031737
39633402667731523 -84.56675345847063 -2144.2100061101446 3919.324718711674
39633411299609297 -105.31960205109704 -1794.7107714039614 3365.9400854833084
39633399756882531 -16.391422683243587 -1358.5408164211633 2450.1252917191673
39633408443286102 -115.36208075022505 -1974.958008596939 3692.8536813473647
39633411299609130 -109.9538974222992 -1860.9603132851655 3495.475776891494
39633411299608546 -101.49141329434788 -1681.6887744071903 3152.2462746630617
39633402667731073 -71.13593624252135 -1763.1508808167002 3226.1747578197205
39633408443285962 -124.23756759444329 -2115.3569667786605 3955.8770547917056
39633411299609012 -108.94959665943053 -1836.2954870183746 3442.6961956618106
39633402667731307 -83.75099647683427 -2101.4025211912035 3840.7670432256486
39633408439095683 -78.45979679481748 -1306.013541882091 2446.235901113705
39633399752691462 -33.66339927618914 -2258.157832246115 4073.03322295462
39633411299609103 -91.1807352968145 -1541.7022819539768 2889.840918186252
39633402667729793 -96.01987008297593 -2220.039161545509 4062.4474433775076
39633402667729522 -85.99881038520556 -1965.6031794375233 3599.953755817219
39633402667729529 -74.43764353556158 -1701.7427715980386 3114.3341483253707
39633402667729600 -70.35065031799313 -1613.8559428757428 2946.6596459193843
39633416940948609 -84.00503832780177 -1409.409893953708 2706.062685988404
39633402667732799 -60.733260115775835 -1646.9906582754354 3000.458701273736
39633402667731272 -81.1078365032823 -2031.2945525081027 3705.6045683612165
39633402671924158 -54.27309999524089 -1589.9550577737234 2886.4912360503904
39633402667731081 -75.92433571129015 -1882.6679155430845 3436.914989870007
39633402671923709 -49.527601276566266 -1409.8554735023633 2563.73789114546
39633402667732154 -74.8318920544919 -1965.926571579996 3579.61653617546
39633416940947605 -82.74494309097 -1339.229195100729 2570.741775667054
39633402671923671 -61.52362945832765 -1747.0282217603562 3178.3092604693575
39633402667730302 -81.45513651529771 -1933.9144682326432 3535.583953661686
39633408443288177 -87.07642635483649 -1618.1046347102135 3011.0846173257632
39633399744302272 -74.06529384107111 -2209.6644638478074 4008.75371135173
39633419763713574 23.568515847403475 -1808.7373378783102 3523.365607973051
39633402667730977 -63.642077443544764 -1567.7914694060041 2870.7922864722573
39633402671924357 -43.79881826303271 -1299.220999006113 2357.9085908201646
39633399748494504 -50.35127178060144 -1742.3643162335254 3158.0962041141056
39633402667730970 -74.21486235279276 -1827.395884764663 3336.667906937782
39633416940948240 -98.22366336743619 -1625.416234113213 3137.690487169708
39633402692897852 28.147011017877354 -1826.5251979810093 3326.3107394384724
39633402667731840 -66.92178079845507 -1730.3642336936396 3155.179797484347
39633419759519614 5.250019043944237 -1197.4672239744289 2331.4811742851016
39633416940949370 -105.6064232959355 -1827.0916836258093 3526.8924786590187
39633402667732797 -72.56400323710787 -1967.505428116678 3581.7146806976884
39633416940949251 -97.85619711923813 -1683.2269475421938 3250.2973554796554
39633402676119511 -47.56660895403685 -2065.6605848650242 3764.0432741368177
39633402671927086 -52.599513050794975 -1891.979001223313 3440.362628185221
39633402676119431 -46.41350800062628 -1999.0663132828424 3643.8681011257377
39633408443286004 -98.12067941161372 -1673.4135513178885 3135.548222329487
39633408443285869 -98.1368242644824 -1664.8815696158233 3117.2254385351594
39633419759519249 4.523563344974505 -1267.9642885081773 2473.0420316464583
39633399756882582 -17.181625795563104 -1435.1641491771518 2588.9428668898004
39633402671923852 -60.47224034187364 -1736.0141051591618 3152.9706012581723
39633399748494007 -43.88551574216462 -1463.3870028697709 2651.6109171050516
39633402671923739 -56.45094624633506 -1610.3489476722068 2925.247457428791
39633399748494242 -54.74417680538624 -1856.6065664700313 3361.1177973904964
39633433336480057 -30.025268524882296 -1576.5138704251242 3224.270805058023
39633399748493736 -52.19704851274275 -1708.7129026284629 3097.8316752590204
39633425241474700 -104.37144752011724 -1907.6002237580606 3804.3883934406554
39633425241474604 -86.8547492919687 -1581.2047122547126 3152.564985958058
39633430681488152 43.74481638504444 -1669.0773188457692 3384.2370951576904
39633422515177705 -40.324556447917274 -2097.427467698501 4100.442649024967
39633408451678208 -50.44520215746153 -1561.6324026325142 2916.3368667604836
39633416966115412 -1.260713516188496 -1816.0580954163331 3473.1060731472817
39633422519371712 -17.481581552568038 -1693.2462196941553 3330.705545283931
39633430656323628 -51.77360554227865 -1737.6573567342277 3512.185254206881
39633416970306782 5.724005578360285 -2042.0307786189903 3922.234623389023
39633422536150517 56.75007230674166 -1791.5659612739655 3519.5979464225334
39633422519371785 -18.76209119170142 -1845.5748139344084 3632.3129549447517
39633422536148625 37.216476109437544 -1357.5078853430855 2656.0895552428037
39633425241475506 -110.95852109753672 -2085.1614646933463 4121.548651388648
39633405599551557 61.19947048613207 -2000.6092379598683 3689.801075986965
39633416970309064 11.227098000840149 -1384.0890045139759 2658.82122300332
39633419730161353 -122.41636296122698 -2095.104279340388 4090.4549769805412
39633425262446760 -7.37313459317522 -1488.3818257220767 2958.062205481905
39633422544535914 90.72036661664741 -2072.8596795303247 4051.134698772024
39633416961918468 -24.690599395790144 -1506.9458456560972 2894.2152725952674
39633416970309150 13.010851256621761 -1564.4727129846829 3007.5539815857423
39633427967774746 -28.856942959723426 -1184.157943144536 2380.8994436972193
39633433344870122 4.711252122855371 -1358.2382628299729 2776.3902086599414
39633433344870287 4.28311802535891 -1130.4899852221572 2312.8966201175012
39633411333162958 20.839419332260764 -1565.1349376722774 2954.050926265388
39633419780489863 88.85751364203585 -1829.0890430548939 3560.2452272820105
39633419730158948 -115.05190700628889 -1812.5425997503792 3524.0312958527475
39633408451674509 -61.70441413289226 -1525.758540972476 2828.8531210419205
39633416945141609 -83.19946951266463 -1574.4769151541902 3042.13086219339
39633408451678093 -49.420971734319124 -1516.5921240116604 2832.248725909232
39633422536150338 43.59239214806247 -1393.4907722095404 2739.29591749616
39633422536148339 37.48283644815736 -1397.3329067054806 2734.4008570388883
39633422536150546 40.022448048570645 -1260.5640401438468 2478.7868586887353
39633430656321039 -62.08176648983941 -1736.3296386103898 3539.891145843014
39633425270833364 18.582150946642184 -1841.4104345997912 3665.908957625748
39633416966115394 -1.156330961724451 -1566.7252593114506 2996.7383212742657
39633425241474353 -72.75646211469679 -1311.8770346386916 2596.541878450623
39633405599547450 37.38161637728511 -1640.4169280789781 3008.7306583839527
39633430668905853 -4.997979194217728 -1488.6833993503071 3034.889066961274
39633419780489587 71.60206800896343 -1491.1949418296585 2904.753344525164
39633416978695582 30.210685647380163 -1380.6136862336052 2642.0656052917434
39633425241474036 -100.02681898115513 -1783.7619938162386 3558.2520071097692
39633416966114804 -4.011479257943406 -1951.1879965589544 3744.4369565068773
39633430660517861 -39.9248571259408 -1962.8959350280643 3991.0621408468514
39633414176901267 57.779994479443964 -1574.4966791048985 2984.124201116439
39633433340676274 -7.725864284993538 -1706.2537158879447 3498.4971287125454
39633433344869594 3.89926814899648 -1627.6735219110792 3333.0566973381283
39633425258253381 -17.70711402109754 -1386.2212087442724 2737.9103517546373
39633416987082802 49.85608706547545 -1321.596398527434 2540.84574722521
39633433332288952 -41.359430311566264 -1946.3414344704424 3983.649068178376
39633402697092225 39.53221278396386 -1621.4647653014013 2953.18432683147
39633416966114756 -3.1030970988529147 -1442.014329100326 2768.935369764192
39633425249862369 -56.79683751896983 -1544.4478509697612 3063.014117158085
39633427955192122 -83.95123446374537 -1566.826412808316 3144.1612637394906
39633425237280949 -84.65759472032622 -1353.9329093677577 2680.0449728906965
39633422494207463 -83.40082317743753 -1323.2475013274789 2597.225143828726
39633427955192032 -72.54575058508165 -1348.693149971298 2710.6608931319706
39633411299609211 -84.46481942732714 -1434.8249905476741 2707.466402670446
39633427959383026 -78.72545316206283 -1542.0695883986361 3090.7995065018254
39633411299607772 -103.27850452957189 -1662.2448220244626 3128.6773427279854
39633427959382977 -73.6359671506531 -1438.7174072906116 2884.838881312388
39633416940947838 -85.81218194472387 -1399.6741894932939 2689.8753804809576
39633422498399394 -106.26268448723997 -1789.0703581898792 3527.3250784266907
39633427959382996 -73.4959465772664 -1436.9384724495656 2881.3222505037375
39633405565994438 -53.603661797869755 -1140.65427857888 2104.055626587532
39633427959383322 -78.09599018116191 -1550.7468234938524 3111.547148877818
39633402680312220 -24.33342283840822 -1418.2520113514183 2580.5794172133783
39633408481037532 43.257594175936774 -1460.7126535638226 2706.4025610325
39633402680314278 -17.994407176341 -1359.3306270087244 2479.0721836714533
39633405591161540 15.878018690984716 -1733.4435601161792 3195.5622916334273
39633405565994672 -71.65253234330864 -1543.4320520813258 2839.558101315338
39633414130764286 -98.90740791724158 -1534.2893090308276 2913.0517347215346
39633411299608264 -121.20173410578089 -1988.0264950567873 3740.5862618084557
39633422498398345 -80.16467001827077 -1296.128434703943 2550.5716946963084
39633411299606726 -130.2916032332994 -2021.3674418725884 3828.045972570283
39633419730159109 -99.24140653935449 -1571.0009391914327 3062.544715096205
39633411299607952 -91.82605812428189 -1488.7321527389545 2803.8373025545216
39633405565996399 -69.26465536994938 -1621.6832775911369 2977.221712367677
39633405565996257 -80.17824534701043 -1861.5189223339107 3415.4970797399005
39633433332288649 -34.67457362312275 -1577.4129823462617 3230.3361781036683
39633405565995975 -61.82237052730836 -1414.8473083354563 2598.455411131528
39633422498399020 -83.60007026229533 -1386.556077735991 2739.47233803897
