data/coord/ELG_19_clustering_data.ecsv
# %ECSV 1.0
# ---
# datatype:
# - {name: TARGETID, datatype: int64}
# - {name: X, unit: deg, datatype: float64}
# - {name: Y, unit: deg, datatype: float64}
# - {name: Z, unit: deg, datatype: float64}
# schema: astropy-2.0
TARGETID X Y Z
[from data line 6959]
39633123146731378 -1268.5325120138793 -1965.436730261449 2152.4024778792577
39633132017683195 -1345.8735638217079 -1982.49635967953 2237.9960621522137
39633158257247878 -1244.268625058593 -1802.174001480618 2155.2527654036453
39633158257248609 -1632.7332890964788 -2370.432772740268 2835.4295323934784
39633118650436731 -1501.0317191284087 -2152.957678412209 2389.6570849889767
39633127588497701 -1704.9429968575294 -2548.908616778407 2842.8202781446535
39633145242322985 -1204.8193009294548 -1885.6029537074996 2137.741233929507
39633123121562715 -1423.4159203516251 -2025.1732027931243 2268.517702589641
39633145246517411 -1097.2239781345422 -1741.0689096908068 1972.0419048647461
39633158257248555 -1686.6804485360144 -2448.299601295577 2927.5963390405127
39633140850888044 -1285.8488284706602 -1977.9386118512928 2248.473222569456
39633132038654422 -1376.6131329909379 -2157.5992550173823 2395.1474176384204
39633149587621386 -1357.2777257635428 -1975.8612602757082 2319.7360715728873
39633123146730543 -1128.2923430952821 -1743.6211005829903 1900.7331271772707
39633132034459279 -1804.2807770958054 -2786.8868996801316 3088.047505121248
39633153924532734 -1796.1853178284882 -2557.2953227789585 3056.446056175826
39633153941309604 -1275.1869758465268 -1909.9560137708868 2244.4884433101115
39633140855080049 -1329.3593508169524 -2056.5278352026003 2317.612791720537
39633118650436721 -1572.7437796793884 -2255.757961376149 2505.0661245486417
39633118667214373 -1448.9782107463575 -2187.9004072776975 2382.6050056653976
39633132013486566 -1270.1322614055978 -1831.8461620511478 2077.6467204434757
39633153928727607 -1706.128432057702 -2466.137601239926 2921.4120744721777
39633145246517539 -1063.6860921329162 -1688.6396600586713 1913.2480641893796
39633149612789174 -1094.7984042680891 -1736.1498013716136 1979.3682984054417
39633149587621103 -1395.8461099887663 -2029.858618235065 2382.560247935546
39633132021877822 -1409.7507956943193 -2105.281547914856 2353.9824359669356
39633153949696811 -1118.7382172781065 -1711.5991285676262 1995.5453939705797
39633153928727442 -1557.2588353027452 -2249.708505714217 2665.782390325365
39633118654631070 -1921.095467544916 -2790.72746146642 3076.0967802188675
39633123155116904 -1301.7686384661924 -2050.29643324426 2221.528742553932
39633145246517459 -1249.8794201932085 -1983.724436724866 2246.618758605566
39633153958087687 -1107.6738589676281 -1753.7090666102024 2012.506346928995
39633132013486395 -1301.6014727017339 -1876.2723002124037 2128.819813076486
39633136442671702 -1327.0375713456115 -1980.0794973448592 2233.9242748980478
39633145246517798 -1266.388489984148 -2012.278747725599 2279.1076659495848
39633149612789217 -1248.9168048245913 -1980.8299386853737 2258.5012406826145
39633118667214387 -1513.4251299886512 -2285.3032562114563 2488.0092218658524
39633123155116982 -1609.8649635091733 -2536.12611092714 2755.61513643699
39633153932919186 -1818.8698558039341 -2635.39462810776 3107.221822810075
39633149587623630 -1306.3181885444114 -1913.969980808166 2235.7457466656288
39633149587624072 -1394.3194296138856 -2045.623251225568 2381.0063902560605
39633149604400086 -1637.4262864532052 -2527.922956120625 2911.368866011689
39633145233935512 -1502.982264778112 -2299.5137331158976 2629.561197330952
39633123138341120 -1487.435853900968 -2235.3546702866042 2460.972309127868
39633145212962743 -1440.5148914943077 -2058.766433830341 2396.281751602893
39633149612788797 -1443.3881358473736 -2285.9961852991178 2621.020234596998
39633118675601056 -1458.692944242613 -2246.39522043507 2432.5549141707447
39633149587623350 -1731.0250194862901 -2534.3157961886686 2960.9340645809675
39633149612788770 -1527.5953034525573 -2419.1435927853363 2764.022392766492
39633145238127294 -1744.0221547669942 -2683.110127327336 3050.275487293869
39633153953891945 -1198.426978423135 -1863.3447969094132 2159.7765371185665
39633149587624053 -1204.8107076780764 -1767.4828745131624 2057.205218933251
39633132038654569 -1022.6574839034029 -1603.5358397424739 1780.627843017161
39633145212963267 -1634.4852200249381 -2340.362583396882 2737.8771971912834
39633127601079887 -1421.5554949179455 -2204.52834737364 2425.4820497762075
39633114175113985 -1448.0238155561483 -2193.568761452137 2367.525163165946
39633145221352999 -1305.6651224787356 -1918.8927398328951 2224.302771084193
39633140821527442 -1494.8307468903636 -2101.703900437075 2443.743524550064
39633149604399862 -1251.8905260056079 -1931.2144959040165 2225.1888036653954
39633140821527633 -1592.8637822977348 -2241.132116190563 2603.6674040443095
39633145221352811 -1742.1106530018224 -2558.6374162534194 2967.882832087395
39633140863469413 -1450.8283949975257 -2310.0380311406575 2598.9380881843767
39633145212962578 -1227.3124915042113 -1753.0262582361302 2054.8730142811037
39633127575914633 -1415.1976402275297 -2036.021564538319 2285.275038047546
39633136459451820 -1583.586021879834 -2512.4137814814108 2803.997334167466
39633132021877396 -1579.7336309724426 -2355.2796502338592 2647.825721063043
39633132047041930 -1258.9438878561402 -2021.7877637384913 2229.9103445001997
39633123121563887 -1490.7754866154755 -2128.2099776395953 2371.072121899988
39633118675600902 -1486.0921640894503 -2287.3279524974287 2477.561847944339
39633140863470789 -1598.5159026279523 -2557.7346105599113 2859.396928583565
39633140829914468 -1388.537402844783 -1989.8364056389303 2309.994470243794
39633145242321046 -1718.4195481184802 -2672.0378312871285 3046.0869665903647
39633140821525193 -1633.393121464975 -2276.1528039194322 2670.0036209630757
39633140850887075 -1260.827117055969 -1932.5230325355287 2190.9799755510617
39633140850887251 -1246.6955732626739 -1912.1178884712301 2167.4905783183467
39633140850887209 -1650.0894539544538 -2530.4336007788056 2868.6593124974643
39633162589963913 -931.5787843092501 -1456.162250117074 1707.2471178585133
39633136430088499 -1595.8731811812463 -2289.237780625301 2633.863704262745
39633127563332639 -1686.3767371500821 -2343.1207983431395 2676.607311349266
39633153937115333 -1742.0430507895169 -2571.277268135729 3032.1336868574067
39633153928725701 -1750.9633671911183 -2512.592012541435 2993.6219086498486
39633136417507416 -1825.0565413306024 -2537.915616114861 2948.768683250953
39633153958086004 -1569.2001332359248 -2470.224133751896 2845.6435819012304
39633153937115659 -1731.8413647430527 -2558.7960113128074 3017.969398749735
39633140850887445 -1468.0657743058669 -2253.080009627135 2552.836731335772
39633123142535896 -1332.4182432819932 -2030.5639391165594 2224.6897676452095
39633149608592593 -1183.4116535532332 -1837.6810383470947 2111.1898687439843
39633127571719781 -1271.9751018821219 -1803.6442242174655 2034.3098667913503
39633132009292490 -1932.243891024997 -2754.6879589960754 3150.223549091665
39633123155116247 -1426.2269013346397 -2241.500675266049 2435.33683115189
39633123155116486 -1445.1965968626089 -2273.183321776274 2468.9760987179393
39633118667211915 -1496.442213586136 -2241.7236976554213 2446.8178519235107
39633153932920346 -1713.625117099295 -2491.8474369536407 2943.8065645466254
39633153949697838 -1300.970303954383 -1999.0791974868937 2321.027802667444
39633149583428061 -1555.9306683651791 -2241.853685781867 2646.397763331957
39633153928726683 -1224.2215890861073 -1763.6457777494008 2082.475088540097
39633123129954896 -1255.9484833427339 -1849.8138864447637 2051.6612305248304
39633132013488420 -1352.826819096112 -1962.373482529703 2228.319525477414
39633123121562754 -1707.2405574265708 -2429.2790070921224 2714.4683538308527
39633153928726691 -1693.6252818046123 -2439.9514794742295 2881.3266010667194
39633123155116466 -1559.3556681301936 -2452.556176135267 2661.921022114036
39633136434285628 -1394.1824578836067 -2044.9890754098649 2324.446984348972
39633132013486576 -1788.9489333916672 -2580.2498713149776 2923.562121200577
39633118667211741 -1718.0502154701264 -2572.1232993615718 2810.251396787978
39633132013487665 -1329.4515723623604 -1923.908165380672 2181.215565034287
39633153928725738 -1705.1990354222714 -2447.309846615368 2915.2080532030236
39633132021876737 -1410.5234521889436 -2098.570414859992 2367.271844263898
39633132013487231 -1602.4741815208606 -2315.8145582643806 2625.609590287113
39633145212962019 -1424.1853034058718 -2029.9216183964174 2383.7610615904946
39633123121563906 -1781.384741693318 -2543.234809043463 2848.4178298613324
39633132013487140 -1500.4096733259323 -2167.6327493336917 2457.285589450402
39633123121563828 -1777.9169079702444 -2537.7568083189904 2843.8020105648657
39633132013489158 -1762.2899696829454 -2563.0620519207473 2909.895128600718
39633162564797109 -1324.9588500795942 -1901.9666528537173 2295.795735558684
39633118667211173 -1686.6191173296231 -2521.078153781201 2754.120143973624
39633123138340531 -1282.220552815622 -1922.7251671637548 2110.358292102352
39633136455257250 -1591.783169544475 -2493.8048606824077 2781.3069225139907
39633153958085053 -1538.7938026976926 -2413.6577461021507 2779.2695134877054
39633132013487117 -1517.8356970626976 -2192.663120768584 2486.5003677761097
39633132013486283 -1505.2119970383776 -2168.9794089826637 2458.248826354458
39633123138340849 -1469.1860882096742 -2205.555236332962 2420.1112224699477
39633127575912786 -1184.9025661592966 -1695.0237123424056 1918.4971926984979
39633136425894438 -1359.0259056149887 -1926.2747084872035 2216.840380795815
39633149596012015 -1817.5235574323854 -2737.0679885861127 3174.3263342291903
39633132009295056 -1848.6721055245782 -2654.399383593764 3011.3786605490895
39633118667211191 -1631.6584868119724 -2439.1156229250723 2669.310198937817
39633162581573861 -1414.258764901548 -2138.083935505022 2531.506198147217
39633127588495689 -1220.0170680994408 -1812.6794294009335 2025.295378186277
39633132000904380 -1254.3825135311106 -1746.215413992439 2001.7742926887665
39633153958085278 -1476.8681105233677 -2318.419149310736 2669.263831721802
39633140859275205 -1536.2062274501968 -2413.829711848174 2716.2508616441232
39633145212963055 -1475.27176126997 -2110.6525663060797 2469.8477571769995
39633118658825059 -1265.654893837409 -1859.5077032802717 2050.378106640711
39633140850887367 -1749.2473460411506 -2683.9054906583565 3039.88610853666
39633118667211472 -1204.578620664871 -1802.032584843002 1968.699647375485
39633118667211464 -1496.2058829126593 -2238.207063187616 2445.8296115205135
39633127563332535 -1705.9540522647453 -2369.605921863756 2707.769262493765
39633118667214613 -1500.2704669457896 -2267.20039376565 2463.354358222672
39633145242322825 -1683.7575003419392 -2633.8310663332654 2996.7187164358393
39633123121563722 -1147.8549134722484 -1637.9714530198175 1834.9794987548248
39633140821526547 -1517.4867218797724 -2126.349141775443 2485.8713401137798
39633140817333509 -1303.7018105928482 -1808.9867327185398 2112.3878731724876
39633140817333364 -1673.6483753936122 -2321.30207242075 2710.4726521933353
39633162581574035 -1209.0915475540958 -1829.2366575677343 2166.367110103131
39633118667211494 -1497.4869026300967 -2240.381862943478 2448.5782154909684
39633118667211207 -1846.2991145413062 -2760.0953564779697 3016.9873656696823
39633123146730755 -1240.812456498068 -1918.7888811397224 2094.287107799354
39633127563332660 -1163.303519733394 -1616.3865033661905 1845.4567023298898
39633136455257035 -1290.563239928259 -2020.3525994431664 2252.4022368408932
39633140850884880 -1145.5318847514386 -1743.8203937006456 1987.417366880579
39633140829913156 -1716.6446015119707 -2448.634789440932 2836.867647147679
39633132021877739 -1166.2670231087275 -1741.1116957579945 1948.1590713952885
39633145212962916 -1236.537565247485 -1768.2701294813 2070.9694890238834
39633153932920298 -1548.780104724419 -2251.7920121040734 2671.514323227427
39633123142535409 -1668.9255608654832 -2539.3979221336476 2788.0165804432477
39633162568993723 -1095.874506668266 -1608.5232323657613 1934.3874165686009
39633127588497712 -1166.5207151879436 -1744.0290652093333 1942.8091579024374
39633132013486440 -1267.230912840893 -1826.950945793294 2071.3286064011786
39633136434284118 -1126.0754570361278 -1643.3503481503897 1867.273430666884
39633118667213536 -1264.655527046804 -1904.3998646381363 2085.398715133668
39633127592692209 -1195.7782393568552 -1810.5290500254587 2013.6504983414748
39633118654630671 -1309.2679631888855 -1899.1033190846576 2094.7092277191455
39633118667211234 -1667.4728052113785 -2492.9329403088323 2729.4120229060045
39633153932920615 -1428.9282932127182 -2079.5501045718556 2464.7743565030264
39633132013486747 -1340.1747944740982 -1933.797573756551 2190.736698039739
39633132013487014 -1490.892373717261 -2153.0073371026415 2439.313739522485
39633127601080674 -1060.1049930528247 -1647.6971926716774 1810.0111463486717
39633123129950328 -1675.2273945524867 -2437.1140011542684 2719.539152957295
39633153924533359 -1547.4619148429654 -2208.783703715644 2632.477732910618
39633136430091758 -1417.0095885438786 -2052.5175297261985 2355.1733196176324
39633140829914610 -1734.376398469208 -2486.636012075438 2878.479751451231
39633136442673222 -1314.3419555067746 -1971.7250939626786 2225.5447674758607
39633123150925052 -1242.959978578753 -1946.702947684219 2123.7939022184314
39633153924533333 -1397.4581331111485 -1994.5243965863845 2378.1893183833113
39633140838302208 -1696.440570173542 -2486.3192251721794 2856.9478317857406
39633136463644795 -1431.9916203232467 -2293.8506758351546 2554.110371865875
39633153924533342 -1444.0459650593664 -2061.0732746757676 2457.616095358933
39633145233934616 -1366.239714750737 -2083.3539379921 2376.0732997660652
39633153924533459 -1408.6949738607407 -2011.5296661251068 2398.1261470752343
39633136421701530 -1385.6460297021094 -1949.333580291818 2257.2468544177327
39633145246519106 -1404.1918887207119 -2241.0114992485314 2526.3692692003447
39633136455256461 -1393.288505937342 -2176.0767113693005 2440.665997572916
39633153945502440 -1291.5980087231073 -1949.1307132753523 2280.3486429111144
39633153945502933 -1093.3554389847357 -1652.6538582633896 1932.8523972979544
39633136455256397 -1722.36672716046 -2689.452141912447 3017.0837163584306
39633140867662102 -1505.8190511955654 -2417.2148055040047 2690.8675013251022
39633162589963542 -1148.003100189273 -1791.3270909637465 2103.138425102184
39633153945502543 -1253.6940577869796 -1892.542219010358 2215.0156442390007
39633132009295935 -1697.3333833661989 -2444.110434344626 2766.131739929987
39633153945502743 -1693.4815658846026 -2557.9929902854474 2992.942439501528
39633127571721058 -1497.5437326861877 -2131.8536596618137 2412.515832002921
39633118671406983 -1127.0678031538484 -1714.1810033183096 1868.6616434406094
39633132000903325 -1228.6628102302673 -1704.6251528783432 1963.211047803095
39633127575914526 -1580.0541504693133 -2272.421315884959 2568.6214563339367
39633149587622462 -1154.7119228331178 -1686.3671344534168 1971.161250225101
39633149587622449 -1156.6336769662348 -1689.093063481105 1974.401737270808
39633132030266810 -1623.6347735897418 -2490.614206410646 2763.8964502623407
39633149616980621 -1603.271707851536 -2552.1398793307185 2912.119997837061
39633149579232841 -1195.827584784421 -1698.4366946352693 2000.045983992057
39633153924533322 -1674.398168835207 -2389.7299605578637 2852.4032119173476
39633145217157092 -1677.226344581457 -2424.106043181848 2815.1815633614447
39633132000904437 -1366.5657539527367 -1902.7248290579491 2179.8174109705237
39633145217157327 -1482.34041753565 -2143.7566590840806 2489.340731193046
39633136455254279 -1195.187464376604 -1852.3510191605087 2071.7082264665337
39633145212962708 -1695.1984209494383 -2422.4706610432504 2826.2468085394617
39633127580111201 -1689.464888941836 -2474.696882059642 2761.3186458238747
39633136421701425 -1365.1803445109676 -1919.8443942351798 2222.656094075088
39633136421701400 -1480.8326333368673 -2082.3021887751484 2410.8734349419333
39633127601079541 -1215.4604815804832 -1883.0764459733698 2073.2079571569416
39633132030265395 -1752.081027523373 -2674.9000789655524 2976.3954494801446
