data/coord/ELG_13_clustering_data.ecsv
# %ECSV 1.0
# ---
# datatype:
# - {name: TARGETID, datatype: int64}
# - {name: X, unit: deg, datatype: float64}
# - {name: Y, unit: deg, datatype: float64}
# - {name: Z, unit: deg, datatype: float64}
# schema: astropy-2.0
TARGETID X Y Z
[from data line 11020]
39633166981400403 -1106.7945888658478 -2449.3622209164787 2682.054103322132
39633145363959479 -1193.7847326255912 -2883.657912319571 2985.1268130203944
39633127722715036 -747.5050362181743 -1766.7850838883471 1772.0119909529885
39633162682237360 -1115.4461405954412 -2386.6914328545427 2613.7598052608128
39633149730227673 -988.5043044609971 -2361.108867768878 2463.1414716073295
39633127718519872 -989.3647588723079 -2292.0006037871603 2313.293031560213
39633132135123544 -957.5021764530123 -2082.4239276967833 2136.068374961848
39633136585280018 -775.2326505679971 -1912.3768726687888 1946.751056884498
39633166985597410 -1126.8684135071433 -2555.5283608510863 2781.7238405387734
39633149734421011 -811.4883936942248 -1963.7479459951462 2056.5555195327083
39633162699015986 -1006.5709825812859 -2310.3268779021855 2493.8905625586535
39633145322016291 -1043.9893476128243 -2149.6174281176736 2287.057792661778
39633123272560554 -1007.0018092538736 -2409.9432579687605 2401.844628185894
39633127722716492 -1153.6521294694262 -2741.9527901937017 2740.8431620547467
39633118793041472 -1076.3607381242477 -2463.741955041502 2448.8692250224117
39633154041974099 -980.8763391692434 -2072.0080329948682 2236.5763201426107
39633127722716403 -1027.4106419160532 -2441.0877589161423 2441.2473793297727
39633118793041409 -928.5699117053138 -2124.934624977697 2112.1562763195348
39633127705937570 -1294.3914971612219 -2864.1483692348806 2903.323539434591
39633162699016177 -977.1719396317752 -2244.428269727529 2426.6768499763107
39633154041974143 -920.896401840154 -1945.604697871972 2099.4438219902404
39633123272560402 -648.2516463024788 -1550.513358136664 1546.13145465861
39633123272560411 -1253.9890495394975 -2999.443639763843 2990.261066678321
39633123268364985 -917.8254808921492 -2148.6395997780564 2141.967977474914
39633162682237116 -1153.2624059099155 -2465.174694738404 2701.1741707329647
39633149692479463 -1255.4018120605695 -2596.5528143644924 2794.0788775195097
39633162694822998 -1240.8927964847148 -2816.5053440163997 3062.16936575069
39633132122539384 -896.7783061217683 -1855.9143597042782 1916.4469480885316
39633154054553792 -1157.188700582906 -2535.2126417403124 2720.5204884887007
39633140972520639 -1034.0073564810293 -2402.9228913103616 2483.1381927872803
39633132160288586 -951.139072169974 -2276.967337410377 2292.334494178613
39633166981402491 -1266.0040398304905 -2823.784254691356 3094.429146071679
39633158374689653 -1005.5197757284635 -2180.6724466002674 2370.083231261415
39633136560113928 -1125.395280061931 -2514.6920492388826 2597.805807056702
39633123239006474 -958.8389815688199 -2017.716551993419 2038.5224388580539
39633123239006495 -1075.4353007526875 -2263.271814137127 2287.90169875901
39633140976716416 -1144.4236346040886 -2723.0554473131724 2792.9525686607467
39633140951549576 -936.069635788071 -2013.5740893724499 2099.88363701098
39633140980910476 -966.0387080161945 -2335.5848245094203 2408.079459849742
39633140964131738 -944.7834259836276 -2124.414672818457 2211.366523635135
39633162703209485 -1243.411741222097 -2893.390328496162 3111.252443381635
39633132160288104 -1290.5767747240907 -3083.101429882244 3105.8535872132725
39633132160288366 -1184.4828327462928 -2832.984144616582 2853.815042530987
39633132160288368 -1245.042952998501 -2977.868634041541 2999.202616196795
39633162682240376 -1286.8582553479678 -2786.296147857423 3036.6276014826262
39633154075528851 -1208.2427888223262 -2918.0191397582844 3087.9832386266603
39633154075528798 -912.2209557802395 -2202.646707699096 2331.0563696739987
39633127722716363 -1269.8609195258823 -3016.529080063279 3016.070216770489
39633127693354274 -927.0242194204843 -1954.9136191805526 1998.1504094642978
39633154075528749 -1085.3073553675727 -2619.6914701820324 2772.305930978656
39633162682238041 -1205.665945017835 -2587.745600211683 2837.9931202970147
39633149730227614 -773.0168266771252 -1845.9744751816947 1926.8121425419404
39633166981399950 -848.7382915332794 -1874.7921136931368 2063.7645400596352
39633154033585865 -1064.4343602663942 -2184.9370444620504 2367.759281965304
39633166981399196 -1184.6436110524714 -2608.990529305206 2876.1293464429705
39633166985594871 -1169.1527843220301 -2627.106952168843 2882.9800051144025
39633154033585929 -1350.6631279939133 -2773.112532424025 3005.7367300592728
39633149688286384 -1230.2374572883573 -2520.4579638135733 2720.0726695373282
39633162703211830 -1054.0923682373655 -2474.799986467363 2662.017602981384
39633162678043051 -1366.9179499221186 -2878.4810643013548 3157.851937303326
39633162673851865 -950.1715647740319 -1996.382595041413 2194.2300836861737
39633145322014020 -1121.6118851357596 -2289.922658360849 2447.1165041410068
39633136560113527 -1088.3325941718779 -2428.572451233222 2510.095039552144
39633136560113474 -985.7259060852272 -2199.2144817949606 2272.419230897851
39633127705936073 -734.78148027973 -1616.723712325278 1637.1475024460915
39633149692478651 -1278.6625362378645 -2636.909543481957 2840.9943218903154
39633123239006664 -1055.3640925062189 -2222.3881828940926 2246.473976247336
39633123239006976 -1146.425716159288 -2416.7818337693093 2444.474836179131
39633127705937494 -1203.959883026152 -2663.0799663013013 2702.186339032423
39633127722716347 -1169.2808087008127 -2777.4118277876278 2773.5233894180174
39633136560113878 -1195.2389964846682 -2670.3740694938 2751.3440029604717
39633145351374846 -1233.561277497407 -2816.375504029256 2937.9888524389326
39633158366298459 -918.8125608325416 -1911.9487940587937 2084.373010718065
39633162673851827 -1179.876192658236 -2478.6431069722166 2723.6133595369606
39633140968326457 -1289.0570875075641 -2946.7331145811813 3055.540251387784
39633149688286369 -959.3066452676378 -1965.2525676442965 2119.832756420133
39633162673851573 -1343.7655224101838 -2819.8071017987963 3086.1782385729584
39633162678043825 -1397.402943935544 -2952.303064147722 3244.9298189321366
39633162703211940 -980.2330402978258 -2302.2537359557764 2480.7600052810244
39633162678045284 -929.5472402772326 -1975.641314157689 2169.230135083694
39633166977206029 -1353.118606192676 -2943.6929856674374 3240.2542754404967
39633140934773663 -1309.4268577399375 -2663.8496918947544 2824.415355504335
39633136564308171 -1104.3889796831184 -2502.473722909285 2566.2368679845977
39633162678044921 -985.9013915944084 -2092.4135475056796 2298.8043085680033
39633145322014308 -1001.6422506162857 -2047.2489715684042 2182.322321054516
39633145359762083 -1059.9858245080165 -2492.11919446964 2590.4373817419705
39633145322014261 -1197.6687115986472 -2447.557763717725 2608.7921744009345
39633145322014127 -1105.9398037674414 -2258.813697528277 2407.861430115665
39633154058751665 -1153.2295022187009 -2605.1453896613198 2773.7648074404347
39633136534948813 -1128.0004107655554 -2304.949977313828 2421.3034133182987
39633136585277564 -1123.4406654978864 -2747.8698213678595 2804.5823415544055
39633136564308018 -1327.5777808493644 -3006.889332192941 3082.086412414152
39633166985595035 -989.1141993980148 -2223.9050860948732 2430.552680270048
39633149692480760 -1211.251019371609 -2517.7558061313603 2705.750688661154
39633118793043529 -860.3793451782311 -1985.0767632320387 1969.97925579112
39633136560112926 -1281.180097553958 -2852.4857626031912 2946.630209037832
39633136581083912 -1232.7303067122302 -2973.7736436310265 3023.1629442267936
39633158366298934 -1249.6507730774663 -2605.4081432678513 2851.540298993882
39633166981399675 -1263.6665748742635 -2788.2218644002605 3069.876350042657
39633162703212519 -837.6130788171703 -1971.4572534339682 2126.3470451085964
39633162703212760 -819.8061173309312 -1931.1998134865473 2082.948393541291
39633162707404038 -1045.0435371688986 -2477.255040208634 2666.069240149522
39633166977207209 -969.8762082526097 -2119.7646538071845 2337.098870872486
39633166977206279 -1071.3153817861246 -2332.8184334187777 2572.2242863913652
39633166968819173 -1385.2304658501755 -2944.020135438626 3243.175185760276
39633166973010129 -1248.4633519012777 -2657.058730244907 2928.060728441319
39633166977206668 -1186.3277246807882 -2587.2297182788566 2851.8244101177793
39633166985596205 -1121.508510068765 -2532.897437610147 2769.313604091316
39633166985596241 -1234.3494014087225 -2788.154827996912 3048.705221069136
39633166977207870 -966.2864951875573 -2117.897776677236 2334.6439869869996
39633166981401950 -733.0052380167003 -1631.7509810124332 1794.3365794707202
39633166981399828 -1198.051462317084 -2645.1618583520026 2914.54542011693
39633145322013174 -1109.9453748856702 -2259.190241326361 2405.6085060070504
39633145347181971 -1265.6177188937347 -2862.030468057876 2983.2807252251723
39633145368152922 -859.2436018473239 -2107.3335561556937 2179.3510524213
39633145368152836 -1203.4783654196206 -2950.561725505452 3052.353711329519
39633140980908854 -1008.0117341549094 -2420.670640823365 2482.452511448862
39633162673849861 -1193.2295680690918 -2485.5848110799907 2723.6756685980386
39633162673850020 -1192.2005682627148 -2485.115344787944 2723.100370560363
39633145317821257 -1429.7255730274933 -2890.0092748189163 3086.217770466472
39633149688284943 -933.7362400546978 -1901.957986447784 2045.2691633000536
39633154046165783 -1294.8021753113435 -2754.815144427053 2974.9756434667884
39633140951549557 -1208.8854117204937 -2600.2652036975282 2709.881590171712
39633127684966116 -1072.4535538458726 -2198.6818613989562 2263.7167679334248
39633140934774045 -1451.8839968335883 -2958.924816081713 3115.1692496724563
39633162678044677 -910.0260210043873 -1929.3147422339257 2122.6792727818047
39633158362107129 -1165.8276754149845 -2414.5371145915556 2640.6391276514973
39633162703211667 -869.4315049338605 -2040.045363402421 2201.760105684127
39633136534947539 -1307.7559087612617 -2658.1477821703547 2792.366366083024
39633140934772856 -1138.0908835099606 -2308.1787481388856 2451.927626053806
39633145317821631 -1144.1920790385648 -2315.855374061908 2476.4825295987016
39633136534947462 -1334.0140371199598 -2710.757950432527 2838.0320566140963
39633136534946770 -1317.8893612208146 -2669.6142966719026 2804.804684994697
39633166977205851 -1076.204799302859 -2339.863365138303 2575.3860766860976
39633158362107505 -1085.6004859214177 -2251.1256031786493 2459.1745016662626
39633158362107404 -838.3677213242611 -1737.8025741973513 1899.119772364324
39633162673850326 -1376.3057547429926 -2872.7565251292567 3152.168522707698
39633154033585941 -1027.8653809790837 -2110.431968914981 2280.123084792505
39633145317821336 -1070.7200783418054 -2164.950026179547 2313.3137179401124
39633158366298239 -1057.144348640047 -2198.1624220774634 2403.2172556028327
39633136539140514 -1051.5095714508072 -2159.0804844996337 2268.8580462120717
39633127684966375 -934.8487314323661 -1918.2752148056013 1973.700358900635
39633136551724516 -1100.8775343667944 -2374.792043750999 2469.313743802552
39633136581084055 -1051.0902941352772 -2537.3190882082263 2581.699542380381
39633154033584046 -1182.3425636328802 -2410.7788264586156 2606.192569885319
39633166977205000 -1352.196026298179 -2929.904694552139 3228.783204908478
39633158362106148 -1419.4322265518108 -2930.0682326840592 3200.4950183583073
39633166977205104 -855.5633654110987 -1854.6228973517543 2044.88797686907
39633166968817814 -1138.9080244502225 -2405.8139315631383 2650.369563979875
39633162678042928 -1039.4170434576577 -2187.660662932938 2407.4899399058577
39633166968818484 -1165.4378920211911 -2469.4325694377517 2722.277603267997
39633158362105788 -1165.3032418034866 -2402.3044012661626 2623.111447722842
39633166968818377 -1183.7500115573798 -2507.0110599098716 2763.4972630650104
39633166981398582 -1288.327948778312 -2829.861060900194 3116.323324640511
39633162703211873 -930.7900633429099 -2185.6746319520958 2359.9639408886674
39633162678042709 -1269.170458710616 -2668.785482406254 2936.669318841751
39633162703211778 -930.7631548757159 -2184.766380612032 2358.3244363968993
39633145322013866 -1275.265023014103 -2602.049202707826 2784.6413010612887
39633140934772746 -939.1421484283906 -1904.0727309098647 2008.9636180911098
39633114284167329 -984.0002653244271 -2142.97744966438 2120.1247857757694
39633145355570397 -983.4709083675542 -2293.04778938865 2386.728646215199
39633145355570435 -981.2491160823441 -2288.2205830240564 2381.320092030972
39633145359761480 -1235.190041840949 -2895.8027349703234 3001.037451038976
39633140972523106 -1143.1098939160029 -2678.7600850734216 2774.938908426606
39633145355570179 -726.4846562945514 -1692.6842961423185 1762.2843315366333
39633145359761547 -807.6018875992404 -1893.7896020751132 1962.8022317470943
39633136581086657 -884.9872360243738 -2158.4481028686773 2186.126937411117
39633127701744048 -942.7859220170235 -2058.446062510248 2096.052937660641
39633132164483409 -1087.4682966102534 -2654.5573185289722 2665.2945029749517
39633162682237441 -1304.5583837909444 -2792.4468545135173 3047.900305631668
39633140972523222 -901.1222964583278 -2112.400971604701 2187.802269239845
39633145355571819 -882.8693067544147 -2069.0896389773097 2144.745690016725
39633158378881812 -1367.801301242634 -2988.917465190877 3242.6972013138006
39633127693354018 -1433.365418413544 -3019.5802205641007 3092.4041276046737
39633127693354091 -1048.851151897797 -2210.23742195736 2263.199672470905
39633140972523124 -911.3034490599334 -2135.6542272114207 2212.412860765369
39633140972523193 -901.2734520091718 -2112.591768133728 2188.644384819873
39633123243199804 -1087.122872485178 -2319.491033472829 2346.0798058237615
39633127693353668 -1345.8583544882874 -2831.800338002379 2899.181334359879
39633140955743821 -1347.313501516746 -2943.7749242144673 3069.649254303347
39633123268363649 -920.4264730513403 -2143.028166122111 2145.919888036782
39633154071334879 -656.1454227296766 -1557.3125740896605 1643.8962996267023
39633149705062304 -867.7114059346021 -1880.440552276417 1991.688799959186
39633123247395470 -1303.1035284061045 -2831.472284583232 2857.9537778345225
39633145326209922 -936.0485047551144 -1953.390998288239 2075.659968808421
39633118780457489 -967.5874737077653 -2104.276018571119 2099.463578142781
39633154071334610 -853.4406897575752 -2023.7246749462201 2136.3393331735415
39633127693353635 -1318.3713877139794 -2773.6098809858368 2839.7871570551592
39633140980909840 -974.2864341975409 -2349.2757545952854 2420.891509062398
39633123251586191 -858.6695068493697 -1875.3158940832025 1888.8572769979855
39633123268363707 -1248.282401709878 -2907.128415837612 2910.6013216576225
39633123243200015 -1035.9929505777259 -2211.9877054571466 2237.80152574013
39633118788849293 -1251.7617837755045 -2846.756094016652 2836.7614530719106
39633123259977185 -1065.1326042760845 -2422.7952243314107 2416.434396413102
39633136555918143 -1065.0932568050625 -2328.144051984367 2401.7973784829132
39633154041974521 -916.689096642865 -1939.3119928937047 2083.798157765726
39633118776263430 -1190.4853835524575 -2551.417674394243 2561.1521751718324
39633136564310234 -914.9050654335209 -2088.2438142359592 2151.4666029549203
39633136564309935 -959.1605380743089 -2187.069661879423 2254.309908709467
39633149734422663 -1016.6694793564519 -2478.7340645499953 2585.5141543618265
39633149700867473 -1007.1680106900884 -2144.1148812556003 2294.5952724473445
39633149700867478 -1006.7125405615839 -2143.2041271884113 2293.740633358145
39633132122540841 -787.4253640790602 -1639.5015708573767 1699.4836023102234
39633158383079371 -1255.2482465114517 -2820.755186345814 3030.3671038733332
39633149705061648 -1006.7530395052821 -2176.2649466602484 2325.3867439797623
39633149705061704 -980.621679425623 -2120.2481043524285 2265.103034739138
39633123272557841 -1202.8716375725649 -2847.7162348226616 2840.0198471576077
39633149705061625 -1051.7713894873334 -2273.3888130279706 2427.358625950899
39633136534948603 -1218.8915904199462 -2488.6675380405277 2603.8802557527683
39633114292552987 -1065.7884828284475 -2371.87194636831 2337.9097086438323
