data/coord/ELG_4_clustering_data.ecsv
# %ECSV 1.0
# ---
# datatype:
# - {name: TARGETID, datatype: int64}
# - {name: X, unit: deg, datatype: float64}
# - {name: Y, unit: deg, datatype: float64}
# - {name: Z, unit: deg, datatype: float64}
# schema: astropy-2.0
TARGETID X Y Z
[from data line 8301]
39628443947632046 -3342.5466738852165 -866.08039381069 1863.950331478211
39628449295368849 -3356.5261340455513 -976.4300474617802 1891.7151983436625
39628449295368843 -3484.616776474626 -1013.6793078481044 1963.43170722977
39628438612477176 -3133.5494781304915 -809.2382670057148 1715.2186395580686
39628449257624138 -3198.7070431750135 -791.156329778355 1795.5095134772566
39628443960215928 -2991.0366250515376 -827.3400712815611 1667.4113456927244
39628443956021431 -2887.4351590099645 -781.179420794032 1606.4251231041312
39628443960215717 -2984.503281124964 -824.8104074511444 1663.6730888927361
39628470438857161 -3301.76114684829 -886.6707967807123 1941.9174546580673
39628459873404142 -2433.8202908209955 -621.2794924833123 1390.887302721498
39628459873404372 -2788.0424677921787 -712.2577386276321 1592.977503340883
39628470434663186 -3383.773694145092 -892.2627466171488 1981.956613661525
39628470438856616 -3464.613098424919 -928.5666701908367 2035.0377874784297
39628459860821449 -2723.5076880680695 -653.0232596882224 1547.9358763797989
39628449295368660 -3140.541769229993 -912.9073995617737 1773.8151852623832
39628454563416199 -2816.528171203556 -675.4357490233476 1594.4770797964065
39628454559226351 -3602.2172191508243 -857.0683298053007 2041.2226837206906
39628427896033101 -2814.899131113742 -701.0888457013743 1507.137225110596
39628427896033097 -3362.752219633301 -837.5207136189701 1800.542826704652
39628449261813931 -3543.6683573552164 -878.2998253821902 1986.9794106194647
39628454559226007 -2996.583176667565 -712.0577615390955 1694.4156598634306
39628438612478564 -2428.5870899390898 -630.6394481388605 1329.085558414814
39628454596970615 -2795.5032293512513 -791.7528084781245 1598.4178436823775
39628417141835527 -3825.952284542142 -962.2094317195973 2002.457698843323
39628433243769287 -3214.6770275726813 -748.7054232493315 1742.8439677139231
39628438595701824 -3323.4725779333644 -795.9203867389291 1825.2336009937642
39628438612477728 -2558.844042972806 -662.2057496769364 1405.0450921008585
39628427904423209 -3690.7720301299532 -961.638422155167 1978.8235453855675
39628465154034856 -3131.718852268039 -790.9962695164888 1811.7095949559482
39628438612477878 -3588.0326754775 -929.1164826463103 1970.301399425743
39628417158612802 -3149.265568979569 -856.6964780206048 1663.920708021462
39628438612477001 -3735.6408834533663 -964.1519914867329 2046.440022395368
39628449261814526 -2751.9544055175957 -683.7634368319261 1542.572776571601
39628449261814096 -2745.0673864930363 -680.8412558919015 1538.013116223754
39628422548294511 -3415.3020507145857 -954.4372806679066 1824.2038630734305
39628449295370905 -3614.9802833428707 -1059.4034683590196 2045.9627312734845
39628475698512242 -2231.7428382911726 -596.8529672170355 1314.6640638191545
39628465154034947 -2419.417401996831 -611.2519062714149 1400.5576053411933
39628422548294249 -2288.2625583155386 -638.8271015069246 1222.072526841161
39628438633451589 -2773.768770989945 -800.0156110791413 1535.74713469719
39628454584386429 -3140.4002606007066 -834.0376102222513 1786.6390845101485
39628433264741040 -3933.050773771668 -1020.8171777760746 2147.808615795034
39628438633447724 -2576.843713670649 -731.1054312955843 1425.627861495067
39628443960214894 -2880.756318106843 -793.4634369383886 1609.6368403647982
39628427929586524 -3089.3950167916055 -897.2623861855369 1680.3531824777542
39628417133448959 -3423.4408214164673 -831.2535725306902 1803.4896054415708
39628427929587666 -3222.096056243832 -939.513423718742 1753.765521583065
39628438633451721 -2824.262115318877 -814.9901546699377 1558.3177737695223
39628417141837531 -2466.0107867697584 -625.6459379394461 1293.5080726834774
39628422531514982 -3992.457932033276 -1021.6406389449047 2131.317392722353
39628433281518559 -2813.9309579715896 -792.3459892066167 1542.56517385355
39628438633451619 -3004.6581169814226 -866.6778730716842 1658.9796483834707
39628417146031175 -3200.501743513194 -825.2882719915184 1678.7086945929789
39628438629253185 -2939.436393488035 -817.6428056628488 1627.1416474079233
39628443943439595 -2572.9150032518824 -657.5909963128717 1420.6593424702053
39628449253425583 -3915.6932745334443 -930.1563742325968 2194.2381374986408
39628427900228475 -3242.228584337286 -827.3978471174586 1743.0828403482699
39628443943439698 -3119.495640326519 -797.5851562544676 1722.262462658396
39628449253428108 -2597.1283701585126 -624.0364075304683 1451.3576971661253
39628459873404154 -3014.6142123787436 -769.5648568968469 1720.2594469813214
39628427900228151 -2771.1625451566665 -706.3908418743199 1488.5328356539835
39628438637642386 -3067.691501662405 -888.5068759966601 1702.9168617816701
39628427900228412 -2770.7655826891682 -706.9332507085169 1489.0287211936388
39628427900228341 -2989.123211570614 -762.4618978109852 1606.2598989160404
39628427900228157 -2569.4650759179635 -654.9958612770768 1379.6173289142184
39628433289908489 -2324.861253804952 -681.613864558688 1276.4843912489926
39628454567613404 -2745.713390298604 -680.253588719148 1551.9218710875891
39628465166618299 -2580.5828069131853 -694.6961374696863 1502.6378002140946
39628443964408539 -3831.9425213828413 -1072.837288983055 2143.4430206095803
39628465166617013 -3167.9329952565186 -849.1885388496243 1828.4408939010796
39628454592775451 -2648.915912173959 -732.3292585887535 1510.3182088642197
39628449282786542 -3544.8383578993416 -977.423231607765 1992.9678716990736
39628427904420046 -3195.9292714382655 -822.8896783790118 1720.2231730441322
39628433289906188 -2704.107107237711 -785.671205974524 1474.3411027848533
39628443960214825 -2988.923226936708 -822.9979363148215 1670.2139983967538
39628433289906181 -2770.8022239487586 -805.0302816583004 1511.3513061966487
39628454584388991 -3312.5414130384793 -890.7881525642017 1878.023818063035
39628454584388932 -2809.793257755596 -755.4034970226736 1591.5425789119347
39628422523126783 -2938.215908656635 -722.4448138591993 1555.8902009457943
39628433243769073 -2803.3508161301406 -652.3120803544758 1517.571218968007
39628449278593438 -2724.1598400002995 -739.1778565955568 1531.0301599318877
39628427904420223 -3422.9407627377755 -881.8454796478737 1843.5744552746146
39628427921199090 -3116.5518205422704 -876.6789805849493 1687.7925812737938
39628449295371918 -3742.1474662992964 -1100.6694602338423 2113.8521791510866
39628433247966355 -2493.9553043848696 -600.3376082698513 1356.0630401743483
39628459865017056 -3630.703465467723 -894.1901757644248 2079.889643475422
39628422527324745 -2620.5252779658667 -667.1764048769093 1387.3057693282722
39628470438858842 -2521.030022931229 -681.4178912630415 1477.295254434497
39628433273129195 -3957.3193997313338 -1066.3986463543097 2166.4169148225997
39628427904418150 -3241.9164012418855 -829.9527260994464 1733.1727603630852
39628459860821625 -2736.2071422879126 -656.63498446643 1555.961221290101
39628459873404230 -3011.9886289406445 -769.0633669049936 1722.5342856568468
39628454601165571 -2724.5585382074573 -787.6329418420597 1549.9133337518738
39628459873404429 -2897.945343594379 -740.5057434260004 1657.1117451567404
39628449282786387 -3946.71276582461 -1087.4707247407093 2220.1002377766295
39628427904418240 -3023.978415618573 -774.3832667055235 1616.948502492821
39628427904418087 -2467.5904902915377 -631.5683416193432 1319.3811130927047
39628443960213764 -2725.469781257551 -746.8318306622721 1522.0779290337573
39628465162424544 -2982.7903557397735 -789.4065578679074 1728.4300715790744
39628443956023546 -3810.006430871767 -1039.8774387436931 2113.4216031676715
39628422523131177 -3468.0631542901983 -866.9916093084535 1835.5463533815232
39628465162424225 -3587.532607940764 -948.4253826361218 2077.0265642755858
39628459877598255 -2453.1326625812676 -639.1688034880116 1411.5358466222992
39628443947631452 -3669.3234005980116 -948.9442358351752 2036.6196550431578
39628459877599437 -2925.2648568347063 -765.8275066445128 1668.028959050046
39628427891837671 -2517.0793285047876 -610.95047515839 1345.231543734525
39628427912810299 -3041.3370186661323 -821.4824354697366 1645.4169198497184
39628459877602239 -3268.277473730341 -864.3411064164886 1877.620434823971
39628422518935242 -3341.957791343353 -812.0230113746705 1765.0861767972604
39628459877602546 -3699.2226555686934 -979.1992200544657 2125.7312051107183
39628459869209790 -3537.005932865085 -884.2541632064388 2012.6125410285808
39628427891837897 -2451.2546283559464 -595.5530308736419 1309.7953412028303
39628427891839203 -2621.679691336683 -640.3674968441678 1407.2729785702163
39628465154033826 -2827.07659120611 -711.5317640029411 1637.7900578765025
39628459877598013 -2811.2424417693787 -731.7662329800363 1617.9403389969555
39628449291175797 -3093.7933488922954 -888.7833255663616 1746.9356252149291
39628443947631272 -2632.7444336046397 -680.3681340145037 1461.904574919356
39628449286980221 -3740.846501887391 -1048.5987864594947 2117.0256246426693
39628454580193694 -3140.625073886472 -822.5802989406267 1783.6444174249177
39628454596971083 -3224.265734924579 -915.2452076570099 1842.1737966659553
39628449245041118 -3195.663310033932 -739.1850831287496 1772.6362333317318
39628433243769416 -3270.0884518523476 -761.9562115936161 1761.7163009906055
39628427883450948 -2798.1361324585923 -654.9437589723101 1501.2774535496374
39628433260547401 -3991.5950983933367 -1019.1323336982001 2175.962851536894
39628433243768540 -3166.86687190581 -735.3713695965242 1718.7519898637079
39628433243768907 -3784.3267507161795 -879.9323150902667 2052.4752712896325
39628427904422988 -2787.918572473081 -725.6522755406688 1505.4231073722892
39628459877599715 -2374.4267082116826 -622.2902973608707 1354.302788501791
39628438591506827 -3350.867865143087 -780.2452503179156 1838.210268009516
39628449249231668 -2672.6130122908403 -622.3340083040368 1488.4239626914261
39628433285711890 -2850.931983937044 -813.0278313257844 1551.7861916766426
39628438591506917 -3019.9474344168207 -703.4705290454593 1656.362859314414
39628427904422215 -3449.6193519833023 -895.132640460789 1857.6692549719291
39628438591508803 -3408.6448130774 -800.107026543241 1870.7544418302493
39628449286980388 -2297.0316523924553 -644.4428916465031 1299.4310411400745
39628449286980291 -3712.1604018326375 -1040.9612848659988 2098.811005328074
39628454580193320 -3476.673129558505 -908.9123340648248 1975.5617240454287
39628459877599805 -3187.2715970073355 -835.6034577837905 1817.483804901789
39628454580193234 -2420.207211798727 -632.5005850933325 1374.7121328156202
39628449291175997 -2721.3454642278048 -782.4654369570735 1538.2944769918054
39628427921199348 -3707.824526573749 -1044.146529578203 2008.1583330509595
39628427912810986 -3471.256184860459 -939.8278723459393 1868.9242390289467
39628427891837522 -3059.395215154472 -742.1144538470369 1633.9247971502684
39628427912811009 -2620.814314905408 -709.6347008227755 1411.0435825821253
39628470422080498 -2705.144192324518 -668.6373806275109 1572.449898021271
39628422518935393 -3341.902818964564 -812.5749889657179 1764.088769516288
39628422544101635 -2118.8305705420944 -584.5877648148705 1127.0169100632083
39628454605359649 -3290.350902987669 -966.0611881726066 1884.840360712786
39628470438858453 -2840.1089665349195 -766.5175167266312 1672.6679036287087
39628443956024056 -2928.2704472088258 -801.2479222141358 1623.5377742831502
39628443956023978 -2992.939393669063 -818.656318966557 1658.9087724932874
39628427887640713 -3510.216910636522 -824.8258280316182 1878.1035645518132
39628433243768328 -2806.5763366068245 -651.1662521708656 1522.6964194635786
39628449286980287 -2094.514375150156 -587.3329685485086 1181.5947945410558
39628465158228714 -3000.8889268692215 -774.3485440302687 1732.6988675616183
39628470426276070 -2687.0638073255395 -682.4356710993513 1573.7253685811777
39628470426276341 -2621.963492275192 -666.6221764328541 1535.1445320532753
39628449291174608 -2926.261817210603 -836.0721107241533 1656.5340396560869
39628433264741017 -3710.9703678571423 -963.0724065541007 2024.669466517268
39628465158228302 -3872.8022539431486 -997.6134653566622 2241.398567616388
39628459894375547 -2666.6419071600435 -751.8007595101416 1527.9580389600483
39628433289907702 -2418.907995602631 -707.0770613756363 1321.2807730175268
39628427900228137 -3245.6011596765265 -827.2921255920184 1744.284383632118
39628465145646965 -3784.7206010824243 -920.461334796317 2186.049915201993
39628470426276887 -2725.9363783437384 -694.58035977143 1595.1675856936713
39628454605357741 -3908.7823498198995 -1140.6356118279762 2223.5721939689583
39628449286980100 -3497.5165606047276 -979.8220983667851 1979.3779168350372
39628443964411509 -3783.242943862696 -1072.4354458880475 2118.1467635811464
39628443951829179 -2955.0987495732033 -787.7997575307335 1636.7839190109112
39628454584386468 -3466.9439711871787 -920.9391292159694 1977.1249510498124
39628454596969716 -3793.3865355445073 -1070.3011192946278 2173.538300074874
39628411747962335 -2721.8201183991137 -702.8412837312474 1417.801874610247
39628411747962334 -2437.373640368387 -629.389666284077 1269.5117420212705
39628443926660911 -3384.6636539370975 -790.4838413091377 1862.2469134514943
39628449286980257 -3196.8156914897963 -896.3092917554412 1805.6649266311088
39628443926661207 -3182.368466927658 -744.1960769033425 1753.5620524489561
39628443926661135 -3112.2315862984933 -727.563084310005 1712.8394211685704
39628459860820125 -2762.619708652786 -658.8043977925075 1573.1417242969985
39628443926661139 -2853.9249910195695 -667.193323748209 1570.9007803949805
39628459881793310 -3884.0332535095963 -1034.5446914109789 2220.3396661876473
39628454605359718 -3576.0628266752688 -1050.1992466406982 2047.580347045021
39628465158228478 -2575.5320860130573 -663.9343754056399 1490.501802301116
39628475694321842 -2385.6261653090596 -635.9991284257068 1413.9207978043978
39628465145643181 -2787.684243887639 -667.1368166708503 1604.8444262166947
39628470438856228 -2858.49268776642 -764.9637985656054 1680.8002200571989
39628454584386065 -3297.728850429018 -874.2213196292023 1874.9675279524765
39628417158614752 -3655.1454295029175 -1000.8979305639314 1934.6140968888876
39628465149837578 -3298.793790061229 -806.9465694764311 1910.1447462602532
39628438591509316 -2488.9187930427743 -585.46879227336 1366.6155609476018
39628417158614665 -3701.939963030349 -1013.4563163657286 1959.2077851854121
39628449291178121 -3203.115992086511 -928.828624334489 1804.148329277154
39628454575999455 -3136.4342560800724 -804.4508342594336 1773.5971997032555
39628443947631491 -3327.818115805287 -860.7327284725066 1845.8083371184268
39628470438856322 -2552.766519291667 -683.3926097233393 1501.548774113088
39628459865015092 -3510.319879616997 -857.77900475694 2004.682654288431
39628427904422312 -2675.657769956649 -694.5425809228068 1438.2000075338003
39628449291176778 -3517.2909748451375 -1014.4560757014351 1987.5815041903802
39628438625063720 -2728.261670718233 -758.526829742935 1510.5067896739451
39628470438856657 -3524.8249296470844 -944.8420706157925 2072.9607547716378
39628465158226683 -2909.0260422092656 -744.2635563081129 1686.919537952938
39628427891834958 -2737.3623564047703 -657.3519788953295 1469.8121801986697
39628427904422328 -3185.9051548153766 -827.0456915757101 1712.7914483821155
39628454563417953 -3073.809535888613 -741.4325288975583 1740.1005823245903
39628470447246335 -3793.5513991510256 -1061.7467350757104 2219.4116766499337
39628443951830374 -3900.497744516302 -1044.2547463419655 2170.7788638155043
39628449261815129 -2744.9883716463087 -683.7571148806352 1538.4618586061233
39628427891838509 -2805.245264370516 -683.2866369884784 1505.4087077781942
39628454563417449 -3254.240550874023 -783.4735245059163 1837.894358691634
39628470447246855 -2465.5222650681326 -691.4090013438513 1443.637898319503
39628449261815803 -3033.8677096148235 -757.8139817356955 1700.0185390074544
39628465145646454 -3367.914990562753 -817.3311007720638 1948.778443275902
39628443968605402 -3428.4302969398013 -990.1052948343241 1910.3799055511365
