data/coord/ELG_11_clustering_data.ecsv
# %ECSV 1.0
# ---
# datatype:
# - {name: TARGETID, datatype: int64}
# - {name: X, unit: deg, datatype: float64}
# - {name: Y, unit: deg, datatype: float64}
# - {name: Z, unit: deg, datatype: float64}
# schema: astropy-2.0
TARGETID X Y Z
[from data line 8065]
39633332794822205 -1159.812833009579 -2092.902054697707 3516.609164711491
39633304835591176 -862.6799920324016 -1657.8138313169445 2544.202286915232
39633315480734496 -818.7548845037174 -1540.7900421166482 2440.9418275865996
39633315480734512 -980.9654889351074 -1846.1499275317344 2923.141825615184
39633325966492633 -969.7910093365385 -2056.6889852611625 3288.9591839092564
39633325958104471 -1138.2380522894414 -2326.4809793805157 3726.1964007287943
39633301245264311 -1080.724141917987 -2106.1512899137106 3191.2365292111003
39633311982683747 -777.2769393674 -1664.8953831446954 2550.632665210411
39633301245266242 -1151.0615194097031 -2262.9584484787315 3422.8047114068368
39633301245265611 -1143.9337775719248 -2242.6179919698584 3393.18561770859
39633325949715500 -919.0049565116597 -1805.479924711675 2927.61202193123
39633315476538589 -867.591000266794 -1591.6435966848935 2543.79709376072
39633301236875756 -832.3729896291995 -1565.636504456273 2400.3423480328606
39633308392359710 -1297.0200433441335 -2313.615821207329 3662.6558803157914
39633315476538404 -1031.444045308545 -1890.6638477568838 3022.101213163322
39633301249459291 -808.042763596453 -1608.3087993487813 2430.5287653490427
39633311940740183 -961.4724108785226 -1712.115669823925 2719.1716212886627
39633332828373957 -755.0816332122232 -1563.1830719454927 2546.509205114326
39633322481025745 -1045.6783856374018 -2011.4603239193477 3247.1660842050387
39633325949715043 -1007.0182275378667 -1974.0533448666 3201.7048553681702
39633329410017146 -833.1473522369002 -1763.3130104111756 2834.5418700231357
39633325953910637 -855.0573836303645 -1719.5382575588028 2771.3549258315825
39633315476540465 -1095.8724679056459 -2026.063180616997 3243.2962324133355
39633308396554655 -834.3447892441008 -1519.6912885916204 2396.3775725515734
39633311965905085 -971.1348402937226 -1918.048717381551 2974.982339877631
39633329376464382 -936.8714278304755 -1719.9268231366214 2846.8751965394654
39633329410017260 -968.5828863325714 -2050.87553834681 3297.249594281049
39633311982682396 -928.2349309799838 -1977.755260328813 3033.886568824719
39633332815793599 -762.1960707766711 -1509.0967191997277 2480.5410712501707
39633318987169864 -1214.617508973485 -2258.7778650087735 3623.1203507308105
39633315480734550 -1062.825455475033 -2000.5419673151303 3165.273766929799
39633322464251261 -1171.7987506255276 -2122.263297925225 3474.859474876509
39633325924549877 -1142.2241086751792 -2012.2056052198138 3349.8668555196646
39633308396554953 -1061.1460121828902 -1934.9902523044134 3051.35804374158
39633336221566021 -942.9898785615937 -1919.0651181869275 3177.02266431543
39633325953908757 -921.0605139778628 -1835.275937016816 2972.6290749624086
39633311940743064 -1184.6102141883898 -2136.176873169028 3404.4160315069244
39633329368074923 -814.137657886149 -1435.744288153862 2404.8832585398977
39633311949128462 -1236.5860500703272 -2278.0299131711704 3615.3075992555446
39633304852367156 -955.9124504197562 -1966.8582195568847 2969.541012760184
39633301245264983 -1159.9361932094039 -2267.6591557685024 3432.657645994417
39633311944933606 -1094.3736397481232 -1975.472717218399 3149.573653083536
39633318991365114 -1039.0549164439938 -1977.236206650432 3166.8211476832394
39633304827199862 -950.6318971812678 -1746.105387182973 2707.522618777249
39633325945521834 -880.7795956074658 -1702.551544117763 2759.207840978125
39633304823009144 -1303.7268769894065 -2391.0795337136 3710.7063786806198
39633332794822322 -912.8163114673167 -1647.92557080451 2769.27422645711
39633329414211643 -601.1722557583367 -1300.7420989067823 2078.2958444553915
39633308409135178 -777.9612357356045 -1479.3625491166374 2296.8491570473443
39633311982684409 -1065.379084061043 -2289.466635024322 3509.703436222572
39633301245264944 -769.8574315128325 -1504.8279036759388 2280.9657881078506
39633304856563085 -1083.2141398076458 -2289.0440720026368 3467.408207307329
39633304856562981 -940.4731475482754 -1986.3603049564115 3008.4611618705494
39633304856562010 -758.8227831805721 -1594.9332277819376 2411.5194565417337
39633311982684279 -974.8594632082103 -2093.696916801261 3205.842963462583
39633304856560563 -858.7089576615714 -1794.5503427584856 2710.4189450475183
39633304856563448 -799.0527865276886 -1690.955436991606 2562.156544379355
39633304856560384 -838.9811351807924 -1752.0751162502268 2647.6496892240225
39633308392359301 -1323.8271877441937 -2357.908440717586 3737.5458292459575
39633311982684153 -789.0043822725895 -1693.381207327713 2593.305422786862
39633308430111114 -662.2528307331497 -1406.8231927549793 2134.841148123723
39633325945521942 -807.4323702260457 -1561.525067653423 2526.8755432143375
39633304856563540 -820.3059109180887 -1736.6696987685598 2631.013492151749
39633304856560607 -1101.9818664575748 -2303.2571204385476 3476.836603413973
39633308430109869 -1080.837171064116 -2285.2202846579876 3464.7024165126313
39633325949715433 -874.5092907359167 -1717.568130717446 2779.9392142604124
39633308404941977 -1061.5089182027534 -1993.232342196924 3120.391016024626
39633325949715082 -750.4561716711388 -1471.307441328267 2380.6034698855483
39633329405821770 -1093.090098009059 -2259.479183707546 3668.681877427204
39633322506191618 -1066.4210274951936 -2300.9361170437505 3632.2526641142385
39633325949714715 -1002.4372477534096 -1962.3641912405235 3181.0059969663635
39633325945524351 -755.9340672626196 -1477.203391990914 2394.7912238037825
39633325949714549 -1017.6941673532659 -1990.5992458170062 3223.075367687134
39633325949714509 -1004.7306808064803 -1964.9489855382803 3184.036124401486
39633304827200382 -771.5727302361781 -1420.5754417575256 2201.0403342279064
39633304852367912 -779.4997327742888 -1609.7479117212588 2428.6432328245096
39633304856562263 -921.7428409862907 -1939.6092504703036 2936.802377023116
39633322489417475 -783.1120128814412 -1588.1937634654898 2527.7089638882267
39633322489417420 -923.7651178013695 -1873.0197341147143 2980.370544053652
39633336196400263 -1065.1324241414623 -1934.4604614005395 3280.927319773368
39633311944934410 -758.6364779075057 -1374.3573878617924 2172.1378290068933
39633322489417456 -782.887701879593 -1587.600267480615 2526.9229722082123
39633329410018833 -1045.251035888805 -2227.7881463721537 3582.1441283257864
39633315472345238 -1112.2606134660373 -2015.2431148031148 3214.062410859538
39633311970102554 -740.5547553485892 -1510.0705495394604 2339.4245026001827
39633315472345094 -1113.9634983186681 -2017.1823358165916 3216.987389113952
39633325958106855 -819.6229661856727 -1693.7930744484936 2709.0963232782037
39633318974588144 -918.301785448201 -1628.0217700122344 2638.4543808980634
39633315472345162 -1087.7078132833767 -1970.1945725577689 3141.629664889817
39633336208984758 -1034.0166087306989 -2003.540752545662 3346.4744222079225
39633339577009652 -1009.8022761643131 -1862.6583485603528 3157.2218182221077
39633322476831423 -1009.56635599807 -1905.9282993281715 3078.375923749863
39633339577009848 -998.8107611189813 -1844.4218007578945 3125.237052519324
39633304852365842 -1192.3251074530688 -2440.958045926008 3715.8902092695103
39633322493611085 -728.9744467971791 -1500.0246885374752 2379.3982170406443
39633339585399686 -661.8042372059389 -1277.7145568453452 2147.7730562372676
39633325928745397 -982.0938103168121 -1771.5520433067013 2908.494693810058
39633336208984480 -740.9085895751825 -1433.5066457926455 2400.517470899526
39633322476833354 -970.2414248949054 -1847.980940607624 2991.4874211599545
39633339589595422 -771.5270443769472 -1522.1937500381046 2554.7771516022412
39633304852365542 -1111.43837971613 -2273.01120663001 3463.3826373795187
39633304852365502 -1112.0167444817255 -2273.7718593025265 3465.6350651084813
39633325932938352 -1155.4651366890898 -2109.5284634384743 3464.4631124230505
39633315505898077 -1000.6535461259693 -2083.6574337525153 3229.03369027016
39633315505897911 -793.3783613444472 -1650.6960749076213 2555.9983050036785
39633332815792532 -1087.3605242719455 -2141.2714893555167 3516.5659558918546
39633311978491455 -784.874953952291 -1664.5044578393977 2555.915921411434
39633322481026193 -1172.8632700691376 -2260.9447990970107 3651.045945938845
39633322468444238 -903.1332152217684 -1655.1088300621705 2701.2588874701037
39633311978491111 -1088.5238692081002 -2305.02489113389 3541.546284034443
39633315472346460 -821.4918096492795 -1494.3834101740315 2384.7315727263626
39633318987171232 -860.262897824829 -1610.0280069350674 2582.07589690752
39633329410018456 -1083.7653382581275 -2306.341599322611 3691.842365601275
39633308400747671 -710.3950138131671 -1309.9317448207207 2050.4807005079447
39633311957516352 -1195.9542515735793 -2275.9366613493244 3583.862827067747
39633318995560161 -757.1300842875845 -1473.014301263334 2337.5654495610647
39633322464251068 -982.4950289170793 -1777.7241944517714 2913.095483145307
39633322460056982 -878.2798500974103 -1561.8766604348996 2551.594229710664
39633322464251087 -1100.3143281047755 -1991.0312933422479 3261.2440417903276
39633315501704507 -952.5094073722961 -1951.5443593447922 3053.611384217326
39633322493609633 -1033.3191301661361 -2112.1669422857703 3359.7933070531276
39633315501704420 -954.2249369361167 -1954.1873694310011 3058.130685670504
39633304852367842 -876.8368794501084 -1810.2686759043206 2737.9050119486465
39633332794819757 -1050.663460424674 -1874.1724678527796 3155.726039943793
39633322493609746 -789.0745749423066 -1613.736058484299 2567.6054613955434
39633304852369940 -1121.6076199418953 -2334.754732660436 3533.06278299793
39633304827202279 -750.963301583075 -1395.156262253361 2153.4540144410275
39633315472345241 -1225.4473887461418 -2220.3528947744057 3540.332691255493
39633336208984445 -717.5188304276018 -1388.0526501752545 2321.7335037683565
39633318987171880 -1202.1743342959192 -2256.529836616384 3617.654552897291
39633318987171978 -1137.0970067170354 -2135.2208269845287 3422.060213600862
39633304856562536 -824.1151588042162 -1736.4103548463786 2631.787242346658
39633311982683740 -967.0097217639196 -2071.2461366598354 3162.569168940827
39633311982683242 -806.6683922306211 -1724.5756701802986 2634.621066302669
39633311978491962 -865.5151366768213 -1839.1638111808743 2819.1808523272657
39633311978491978 -1110.6462468602776 -2360.173228629503 3616.9951648341807
39633336196400538 -996.9206172488446 -1812.5434995055664 3067.4743981043416
39633329393239151 -1187.4922898398988 -2318.706441328925 3805.352668400396
39633332807403049 -1039.4182669190247 -1962.8624554647934 3265.680652564209
39633304856561899 -1122.8917781848786 -2359.17096536554 3572.5150943094545
39633325953910560 -975.7668641666858 -1961.5873038333698 3155.5958925563345
39633304852365972 -970.1144881550515 -1986.9053941694278 3026.3552614016753
39633304831396777 -1218.9304943412706 -2304.8369759000675 3543.7173280956063
39633325928746617 -908.7928227250549 -1648.3494852167257 2705.8858170260905
39633325958104194 -1006.5288403459567 -2054.938097819773 3292.921110930615
39633325953910616 -863.6057252595821 -1736.5989996781677 2795.4156955624644
39633325953910904 -966.9955792569281 -1947.094819700727 3134.68528685484
39633325953910248 -925.3102500764894 -1857.4538269101815 2991.014958330878
39633301249459300 -885.6774349363734 -1762.9018067360469 2661.2649447840968
39633301245265578 -983.4972294056892 -1927.8171868294014 2919.443639415676
39633301249458726 -672.573249349686 -1335.1857516676491 2017.212778052471
39633325928746501 -1046.7577412693665 -1897.6177932444596 3116.2862712496544
39633322468443975 -850.5862288653746 -1557.130896704141 2540.876623511905
39633322455862479 -1277.5864655541554 -2233.5060609168863 3684.4161257507944
39633304827199852 -1197.4941931456497 -2199.458662976121 3408.3413209058153
39633329414211855 -996.2785773752079 -2157.5362219956655 3442.976703656178
39633304827200046 -1040.0473020633056 -1911.8362758923026 2963.409814309179
39633325958103102 -635.2026804562526 -1290.4054662252745 2077.608390040722
39633304856559656 -773.8177463232405 -1611.2115110384163 2434.4001475697487
39633304852369027 -872.147027429561 -1808.6479505411155 2728.373785978848
39633304852369164 -903.6263868675326 -1874.9252629163684 2829.78443250523
39633304852368849 -948.389129481969 -1965.4751404198928 2967.384372476236
39633304852369643 -769.4358762311199 -1599.7078876123596 2415.420038810819
39633304852369951 -1054.8334821714047 -2195.8863945859757 3318.0473712801872
39633304852368552 -773.869913212809 -1601.9662863810001 2418.458727755796
39633311982682224 -738.8235409487946 -1573.107655539012 2414.772781325008
39633308404941966 -1060.1496281147242 -1990.5784881080822 3116.2190392037573
39633329393240414 -915.6788954019021 -1798.4133268914131 2947.9139136659364
39633329393240375 -1112.0794094253258 -2183.752637603938 3579.706629282542
39633304852368327 -598.1806248175789 -1237.2405303001074 1867.251896641223
39633304852369133 -854.4137062733429 -1772.6623305097064 2674.6326782810743
39633311944936266 -748.7478019420564 -1367.7633936737159 2156.675940450139
39633325970689651 -1044.1026541408269 -2288.7000386008044 3639.5072576562116
39633308434301925 -661.5749366752635 -1411.0543773329478 2138.1229796999296
39633301249461174 -889.3476541417326 -1786.0292734734987 2694.663525246236
39633315514289336 -1018.8837722158901 -2232.3642359702626 3429.3238611254487
39633308434301212 -828.9121223830017 -1763.1931420487144 2677.9769035385816
39633325970689953 -752.6987464593852 -1651.96781986409 2626.0257534301236
39633315514288569 -828.0827087878517 -1806.7017334473296 2778.3145929918387
39633325945524290 -962.6454098790069 -1880.7677041987918 3042.444966284514
39633308430110499 -792.0970579032669 -1678.8959242514325 2553.932519508297
39633322501999596 -924.2032625054435 -1977.9243565270012 3117.8307255930554
39633332815791683 -958.9446316901469 -1880.0581373845184 3108.4890442740257
39633311974295329 -807.0609524835214 -1666.1469693874235 2564.073190944966
39633308421719438 -787.5721558135521 -1590.401262808733 2447.0918367111944
39633322497806400 -957.7999777975494 -2015.4106159240991 3172.7063674702836
39633311974295531 -849.3828306263368 -1755.1685898078358 2700.325807567591
39633308421721119 -896.0520086000291 -1823.3813183346854 2785.047335542537
39633325958104776 -804.7934899666815 -1647.3601964629606 2648.9256221732408
39633332824180096 -695.5013508122338 -1415.5696406873924 2315.09036515519
39633332803210384 -681.1896397890563 -1274.2440242522425 2129.302912950501
39633315501705563 -922.5268105757925 -1899.364006480299 2946.8195746753504
39633332824179994 -774.0324419644458 -1574.3745383103374 2572.4662169684316
39633308421719441 -861.4092634920263 -1739.5231430031192 2676.4357659619423
39633332824180162 -864.8370889766564 -1760.9528688421397 2879.3718098608174
39633336196400073 -761.5675709117363 -1382.3017081776272 2344.307236931999
39633325945524054 -818.5783004050095 -1597.7911352440494 2597.4304376973314
39633325945523586 -977.3549783156867 -1903.893608904434 3090.681745299456
39633329410019364 -894.4350578908296 -1911.0928053613798 3059.4115723891337
39633315489122586 -941.8910219726167 -1835.1124169413667 2898.3494351947206
39633322464248243 -1284.5482836828212 -2295.260208281626 3771.088839421208
39633332799012921 -1031.2389583526865 -1862.947207687613 3136.9024359330906
39633329410019312 -894.6174981456412 -1910.9732624316798 3060.1889087079285
39633332803209725 -757.6604630013264 -1412.4736306855891 2362.1116847665376
39633322497806810 -670.1442172071729 -1412.6752205954128 2224.600287719728
39633329376463529 -919.3168886861649 -1681.3809623612935 2791.413528829506
39633329376463704 -919.0914555564574 -1682.2344510213725 2792.4878751056553
39633322497804925 -996.8376964211527 -2084.3970329506888 3313.9876712286537
39633329376463694 -919.1709406482106 -1682.3351801725921 2792.069903201361
39633329410019433 -739.3352377347619 -1580.297378207166 2528.5639470782157
39633315514289409 -1104.3254677639031 -2420.6670896721766 3747.2381701699464
