data/coord/ELG_8_clustering_data.ecsv
# %ECSV 1.0
# ---
# datatype:
# - {name: TARGETID, datatype: int64}
# - {name: X, unit: deg, datatype: float64}
# - {name: Y, unit: deg, datatype: float64}
# - {name: Z, unit: deg, datatype: float64}
# schema: astropy-2.0
TARGETID X Y Z
[from data line 8825]
39627806463757418 -3175.9521145321255 -2276.2023077862655 52.57734319991489
39627782325538765 -2879.043542775916 -2162.1439505142625 -19.38636241951487
39627782338119441 -3140.1614787612466 -2416.391758586103 -23.997171529329954
39627812511943489 -3144.9474485390765 -2296.328833140023 63.4115951296515
39627806480538299 -3730.3699240758892 -2784.183716791802 60.01769864955253
39627794384165864 -2448.8308630100255 -1762.3626506684134 19.14307186219315
39627788369529280 -3035.1294155770292 -2295.204893049714 -4.240794500207333
39627788377917967 -3488.0673624977394 -2687.984472004705 3.518314942415662
39627770237554260 -2340.482367857047 -1725.7176060585982 -38.23136209488774
39627788377918438 -2714.3301433808674 -2093.2467550489546 1.7746624132306328
39627746086751675 -2753.94696755818 -2067.323661949833 -109.48385897220726
39627782338118542 -3483.812723641421 -2676.5860935519486 -14.084635757122918
39627782338118708 -3374.3473134254564 -2593.1371858812477 -20.30041352618558
39627770262716570 -3219.1501166929424 -2493.0142627033074 -48.19715155263453
39627758153765865 -2701.1550109684995 -1977.0447863086063 -76.498609138044
39627758145373550 -3215.3167202812533 -2299.115670793318 -87.43861805194767
39627806467948987 -3007.808313505645 -2166.8841596419948 44.185616493721724
39627812511945752 -3304.680739712386 -2421.191709132943 65.63288413153309
39627806488924996 -2375.0572912038538 -1803.6334040015565 38.439092291710985
39627800453320091 -2816.372534106014 -2154.371485794296 34.29559012044532
39627788377917972 -2691.7897399539443 -2074.363890044085 4.0706664600569455
39627794413520657 -3279.54926615839 -2500.677083098532 18.65251167087135
39627776277348684 -3098.153631585798 -2272.9362515346907 -41.49835878838079
39627788369530989 -3511.930269759627 -2662.207072433232 -2.1432312566433525
39627806467948936 -3591.278914572068 -2587.0150124532233 52.41161802127604
39627782338119009 -3628.852745790756 -2790.303785579181 -13.897889702250174
39627782338119756 -1929.3210066682304 -1485.4465676518548 -14.054902700489773
39627782338122446 -3319.947249471457 -2567.6777544612905 -21.754502477583944
39627782338122289 -3381.101634004915 -2614.330555048283 -21.885935969852547
39627806488922714 -2402.7068866624813 -1818.0722753393836 35.3400858863341
39627806484728410 -3191.3406642367345 -2390.825271479279 46.98260278138063
39627806463757145 -2875.7890962847932 -2060.2591023721006 48.25537072086315
39627812511944789 -3364.9473511014253 -2461.8019763709503 74.55503067749622
39627794375771964 -2440.460309708206 -1713.435566007827 7.158449805576591
39627812511945022 -3068.3352916718736 -2245.625514475746 67.72398370618528
39627812511945165 -3143.6379019093633 -2301.2962046633065 69.33519962845186
39627812511941570 -3224.486736421462 -2346.6952942177354 74.20137291344994
39627782342312479 -3311.325728310071 -2566.0717465786706 -18.38158795059959
39627776281545725 -2862.1403781747863 -2129.275832276028 -27.02162351509493
39627776285740059 -2138.7731268696584 -1605.0908527502422 -25.786995085911883
39627776289932902 -3695.1485440990227 -2792.549047626585 -33.8722668586069
39627758166347554 -3369.3520050624893 -2532.133005365708 -91.67553180146183
39627776252184770 -3330.747515805209 -2318.175849586403 -30.0006044616073
39627782300372165 -3027.5206602591343 -2149.0427768707764 -23.163784235837916
39627770245940705 -3387.716101834812 -2536.1182336376683 -50.238681463449495
39627794388358565 -2467.9080269564747 -1788.834738523174 14.530137355764856
39627770245940299 -2639.103534524266 -1974.3995166857019 -38.87842736044547
39627776281544211 -3461.058714660293 -2568.4986162093073 -43.76248011463781
39627776281543897 -3462.967536467793 -2568.349164854202 -45.215023569813155
39627758145373282 -2754.949121127897 -1968.851903233989 -74.02813918787403
39627758153765995 -3062.734322991378 -2242.112376657749 -84.63505439315433
39627776252188989 -2697.017908292453 -1887.8601251542705 -35.46302548231877
39627782329731833 -2363.5781622646214 -1789.4348182276383 -17.73032818943539
39627752097191566 -2392.4636206317764 -1690.0751283840143 -79.090927444348
39627800453318819 -2864.146078700924 -2185.394390434395 35.73019912089691
39627800453318674 -3301.530732890012 -2518.4487533490696 41.871703451309784
39627806488924646 -2537.1710333515516 -1925.6982917669059 40.76743060325759
39627800453318425 -3411.2793660128827 -2600.8520762505877 43.514399820565835
39627806488925646 -2681.159311628949 -2038.1433759636252 43.32449112085429
39627776285739403 -3051.6906459584875 -2287.628815700549 -36.42379976451426
39627776298323949 -2758.919600485468 -2130.9674789853752 -33.46965069017293
39627806463757546 -2683.8793840614803 -1923.878673408828 42.68008634773377
39627794375770602 -3748.3841975319165 -2626.3831992521527 10.327431198824662
39627770237551614 -2296.5025571408178 -1686.444697466247 -34.04892608688681
39627770250138145 -3236.083675950389 -2456.4389154024802 -46.24140036937486
39627770237551479 -3494.1612565821356 -2565.497325276354 -51.59270689420531
39627812511941901 -2872.127563314536 -2091.529277276881 66.06555827457018
39627782342312262 -2905.667786413392 -2250.864041858031 -18.538079600450587
39627782342312316 -2825.118558385107 -2188.682254447346 -17.25886825606988
39627812511940879 -2167.3754293792545 -1575.382354633436 48.771258440898926
39627812507751400 -2916.8009893467074 -2117.4335871626918 63.18489280563309
39627812507751729 -2398.9006714860443 -1742.3461678273918 52.69089117150777
39627812507750819 -2763.6747046913047 -2004.3933148120705 59.93249568969498
39627806459564315 -3027.9030097655036 -2152.369483662505 51.63998156555743
39627812507751299 -3192.8275545823185 -2317.4850031310284 70.98364156359125
39627812516135279 -2452.353943923606 -1799.1670426634266 55.72018216354573
39627812507750134 -2556.061299566283 -1851.904208580449 54.97774624733986
39627806463754602 -2403.4165840353253 -1715.058563699897 39.43628043541005
39627806463754620 -2402.8801670487915 -1714.7019289244959 39.34451175294637
39627812507751290 -2463.529921374692 -1788.0898929267546 52.67428890833953
39627812507750623 -2810.659604796167 -2037.9038903669054 60.469067579197805
39627806484727258 -3443.778813517346 -2575.974306115514 49.414020236500455
39627806484727456 -2681.809058053058 -2006.5214538880775 37.80564159572872
39627812511943150 -3474.4989267003125 -2535.581026272937 79.73604087473454
39627812511942656 -2978.2074604558597 -2171.5383605632605 67.67497751848293
39627812516138244 -3296.6572531112615 -2429.90682611168 73.38682727910475
39627812507751823 -2168.6518728278666 -1575.3665979338803 47.408126505995696
39627776281544606 -3343.996660180983 -2483.3662018896507 -31.97872350076514
39627812511940826 -2674.6022888776456 -1943.8592808286596 58.884672913105256
39627764197755031 -3094.253678268737 -2275.7478074181677 -59.94640765672079
39627806463754485 -3544.6570301984507 -2528.9887358188735 59.90983114407638
39627806484730744 -3700.87437210274 -2782.0996909440387 59.06996732776079
39627776281544441 -3022.265585433535 -2243.7709432036636 -28.592079218872932
39627812511946237 -2980.0325301695207 -2184.871800945788 66.29277174247869
39627800415572177 -3758.2454909871262 -2648.009241556129 40.726013420521156
39627806488921846 -2670.2707828196 -2017.788085347116 42.90850023056357
39627812507749838 -3047.3107918548635 -2206.6880814405104 66.07357931731521
39627806484730348 -2558.338067295035 -1922.006861043782 40.40320424524649
39627746082559180 -3127.076382514638 -2332.0114324095957 -115.07181288375709
39627782338118659 -2898.4244793177195 -2227.2393621036313 -17.84192091524481
39627788331782876 -3033.3291406456333 -2122.175355429074 -2.3531919276312014
39627800419762920 -3672.374434971569 -2597.654215465505 45.11955250371841
39627806493115657 -2248.5026393795665 -1712.781186685489 33.70242988366437
39627788369530417 -3610.10554167888 -2734.194385620085 -1.4046939503318465
39627788335974142 -2494.813510015589 -1751.209646001471 6.636557130967555
39627794413521369 -2806.682515710122 -2142.9006973727833 17.6904962726449
39627806459560641 -3146.8963321376677 -2226.0568440257935 42.84426081822817
39627794371580518 -2164.487666126411 -1511.4170997208662 6.29822815943043
39627776277352502 -3730.7906857397584 -2755.151695014525 -47.08108446413058
39627752139132222 -3276.3252952985154 -2527.108226998842 -106.5573792414716
39627746095137957 -2410.177758676878 -1836.686859421927 -91.68426608367774
39627746061587130 -3121.96223499894 -2224.4094827575746 -114.61066839194157
39627746061587192 -2300.244198864541 -1639.0875682038022 -84.30216406842533
39627752105577079 -2291.742915002845 -1641.907949103143 -78.43354989075512
39627752105576922 -2455.819630211284 -1758.962351625702 -84.44132764705257
39627752105576807 -2351.6969308317566 -1684.002185446072 -81.63283897329505
39627776268963011 -3069.4205504625406 -2218.753506362269 -34.5320290980624
39627770250138996 -2902.949063360369 -2206.695327938932 -51.648993377036106
39627782296179149 -3027.8935545849586 -2133.9075063449745 -19.685417424032483
39627800419766173 -2450.542358661506 -1741.4710308640338 20.328954692063814
39627782296179272 -2925.0764982757023 -2061.901801668105 -19.176637030138505
39627752122356931 -2670.2932223135595 -1989.346969298125 -86.33574797017303
39627776289931599 -2829.531036183516 -2133.52277764683 -36.67594704751036
39627788352752299 -3289.4125170977077 -2399.7645109268356 -7.580810199863648
39627776289931530 -2879.2011737035227 -2170.7236524084983 -35.81642714665607
39627740042760898 -2311.733555549249 -1723.0533640179794 -96.8479781041982
39627764218729662 -3524.8043162314457 -2726.4575842808904 -86.48519674199835
39627746082558942 -3708.6020606637417 -2764.695277362373 -147.29187623030074
39627794392550160 -2767.3086178660346 -2019.6191674774618 17.46259684825396
39627800423958128 -3217.3652451243074 -2300.479577634724 38.02172175507708
39627782296179691 -2501.6167175733426 -1764.4688935523031 -15.200701480957692
39627752105576595 -2655.8105809624394 -1901.146929643052 -90.8922549876106
39627752105576562 -2420.0861339748703 -1732.309565194446 -83.0237153281585
39627752105576429 -3312.205788372373 -2370.3777063178463 -113.87561885062868
39627752134939203 -2924.6954647264542 -2241.240646979606 -88.90678813297176
39627794384164915 -3621.5243283132586 -2602.81520358153 27.386409211118806
39627794417714316 -2613.509376394914 -2009.1241052347295 10.694407518394753
39627776298321198 -3625.8078480082177 -2788.0745972886716 -31.395910682192426
39627770224969602 -2683.230359712199 -1918.8862973334321 -39.759841046719785
39627770254328013 -2156.7794247954644 -1640.4974151248439 -38.04409121900608
39627794388359532 -2445.053794460006 -1774.3366801505185 14.600164304044124
39627806467950607 -2408.0011287776797 -1739.224311219171 34.151041804928894
39627794417713815 -3056.0322886540093 -2347.3820620604074 11.58569260690656
39627794413520607 -3449.5207248104743 -2630.0439490176977 22.168552560064917
39627764222921300 -3279.0353205084584 -2548.875166802059 -64.7164117855829
39627770262719494 -3469.5194667193714 -2698.2617114916657 -66.97887715696031
39627794384165301 -3020.3420061547245 -2171.9221603466167 17.912994349242926
39627776273156634 -2787.100316497244 -2033.510449604624 -25.903752436597145
39627776285740738 -2148.8485519300402 -1614.6906061460768 -29.02119832184084
39627776285738333 -3258.0563730708263 -2438.3154794797274 -41.62006495026879
39627794375776146 -2363.26312591291 -1669.1390931376027 6.651105169964156
39627782317147359 -2751.3448836361995 -2021.7145855791246 -21.83487805690154
39627782317147348 -2557.615463017968 -1879.3277913537727 -20.336184855519253
39627740051147327 -3632.7596429737528 -2749.3535331403928 -150.80832994232892
39627758178931746 -2195.9368320915723 -1697.7509237292384 -58.3011674306992
39627758178931126 -2868.927049924565 -2216.091457445197 -75.83261944461623
39627746086751397 -3088.381178763164 -2317.482731593577 -125.32551068072716
39627782333929545 -2846.5756319821485 -2183.8636473474426 -11.477019910135944
39627782333929090 -3027.1926072252913 -2321.011993479048 -11.826952961392783
39627740046952232 -3611.7394115980524 -2703.96410502282 -158.76730019744534
39627746082559201 -3141.0358416632816 -2342.487917974808 -113.60720982453454
39627782338118113 -2870.1296526424344 -2203.58245434961 -10.82829207817203
39627740030173245 -2268.4064230728927 -1633.1081557219002 -94.64230554723218
39627794417714740 -2631.744013871411 -2024.4137525627436 10.707925156300112
39627782338122447 -3325.6793255328357 -2572.116344279617 -23.669915496108292
39627794417714635 -2438.691683008387 -1875.6214992970538 9.483294257685978
39627770245943164 -2702.552688722872 -2031.4311308745807 -38.56219049550518
39627758183121548 -2565.678537671068 -1988.2501161114676 -65.94706633597255
39627758178931876 -3524.5916276959524 -2725.3890502677573 -97.31291905835711
39627758178931778 -3538.8759591448033 -2736.1174079236603 -96.334533088162
39627776298325122 -2451.5614735768922 -1897.8752729859275 -23.872582015858484
39627752097187668 -2800.9908430105415 -1966.381405354551 -84.53675675060566
39627782325539390 -3062.9857605299762 -2302.360042601619 -10.245416894713895
39627758183121411 -3510.611535580937 -2720.0331066243493 -91.63663270479323
39627758183121410 -3205.6120870918053 -2483.716995283624 -83.61310613858977
39627776298320215 -2842.161476818607 -2181.983117806858 -34.51639912824272
39627770254328040 -2453.0295997862845 -1865.9004512164536 -44.447273217625686
39627776294126960 -2444.7785331191594 -1863.4421840424693 -29.137381663809215
39627776289931333 -3520.7133098580966 -2653.319595590878 -34.24663795324794
39627776289931744 -3058.6160803326097 -2306.778468854315 -37.190045500734406
39627764172589089 -3170.8252704731235 -2206.933271556071 -67.97687841425002
39627794392550293 -2855.1695989754257 -2084.2655406328745 18.271279777339313
39627764172589050 -2645.701164188316 -1841.3163243538945 -57.183378714750475
39627794392550556 -2730.0595905319565 -1993.8107140273112 17.22620385053719
39627752101384795 -3055.010772050406 -2176.3657148981642 -105.1648923140209
39627806467950850 -3103.355833055782 -2242.3300857386853 54.7477983890473
39627806467951102 -3132.373430876834 -2264.181826716224 55.81440494781736
39627806467951193 -2947.056055557877 -2130.567157804231 51.18722468599612
39627806467950866 -3132.0616553456202 -2263.114034208331 55.402121276253744
39627752101384332 -3146.2728844143603 -2239.8107503620554 -108.63885837798367
39627794371581920 -3092.310838093995 -2164.1006908020727 15.997409038895654
39627788340166853 -2861.2154411611796 -2022.569294420742 6.46324170805007
39627776277351699 -2429.516490583944 -1791.5325861139097 -32.5590665672495
39627788344364524 -3209.258770207097 -2299.675753122539 6.79916322399298
39627794396747294 -2169.0314680757565 -1604.9118147711292 16.420127954229443
39627782333928538 -2978.4631707677922 -2281.81809205238 -8.19031267953707
39627776273156184 -2860.5267779990872 -2085.4360496033432 -36.72309292475561
39627794417713488 -3560.2115392184232 -2733.161578354559 12.559595681322302
39627794392550711 -2766.7864014287366 -2021.048230008471 16.834843156231702
39627776281544114 -2883.591352525005 -2139.565898233803 -23.76146526592186
39627776281544207 -3398.8157331408456 -2522.2903488962334 -28.943690980866183
39627794379970961 -3339.253168511595 -2377.9565600991723 24.766384277935494
39627794375771133 -3722.546188600035 -2610.1560995860277 18.663565491296584
39627806467951505 -3410.45427573896 -2466.790896825234 59.38645959251926
39627776252183566 -2390.481398431677 -1660.8265450969502 -23.726988312694765
39627794371581721 -2568.634009556743 -1797.0976853629065 13.4794296802769
39627782291981581 -2753.6093409673404 -1913.902231085473 -18.78398381219236
39627776298324969 -3141.9480442331505 -2431.6619000148985 -30.88927642046865
39627776302514686 -3203.6158196291944 -2482.7239335638783 -30.265697060836224
