data/coord/ELG_1_clustering_data.ecsv
# %ECSV 1.0
# ---
# datatype:
# - {name: TARGETID, datatype: int64}
# - {name: X, unit: deg, datatype: float64}
# - {name: Y, unit: deg, datatype: float64}
# - {name: Z, unit: deg, datatype: float64}
# schema: astropy-2.0
TARGETID X Y Z
[from data line 2780]
39627757537203059 -4121.950440217246 36.40840786579697 -98.39358824384934
39627805876552974 -3072.096540717355 -29.856773820340358 34.71958043597955
39627811903767535 -3201.329400737473 11.266976022802991 60.66102205232591
39627757541394552 -2927.482650157525 20.101714738169136 -64.05465881255338
39627775635625398 -4310.33138553364 134.76139875758088 -36.863268826687985
39627775669179370 -3234.133028114803 -11.048660085015985 -33.24690754983759
39627775669178153 -3235.544847416096 -8.451199961228976 -34.5300822852976
39627775664982913 -4138.733821286401 9.137056524968353 -36.04954275240801
39627769608407489 -3494.1960803126517 69.84615032937799 -46.405397837514684
39627757545588769 -3893.4793554742637 11.077319467536546 -84.89431132250789
39627769616796975 -4134.807991396874 44.022746140836716 -55.263169124233265
39627775664982420 -2906.0608550190427 7.452158758356819 -23.693904100674807
39627757533007593 -3068.5281133061744 43.040554994287575 -63.90279690877152
39627775681760479 -3584.698852347037 -56.4125284451989 -29.316173348107164
39627775669177484 -3041.339223691418 -6.580476919565187 -31.038266017671926
39627805855584439 -3538.418676121889 35.34988604409654 48.99500432594128
39627805859774508 -4193.93912853216 36.529331694433324 53.000335004094154
39627757541395160 -3004.5966073610684 19.132921219814527 -64.57712642363838
39627769608409495 -4565.862633184464 84.68954520103335 -54.85276046660214
39627769608408014 -4023.9438477207123 78.89252837380849 -52.69343849923668
39627763572802933 -3440.9498727180317 56.12389667263219 -55.59988996800347
39627757541394453 -3365.361723877965 23.393180706043577 -76.08059531983855
39627811899574863 -3024.858449818113 19.498243975971896 56.07046443766474
39627811899577116 -4011.82126220432 17.896098529623302 68.79450149050726
39627811903769625 -3833.979416235763 6.45348035258851 60.217462419063324
39627757541394045 -4359.929172758878 31.79611033665519 -97.38249914330409
39627811903769974 -3880.537677284096 5.394195514233426 64.31083023824638
39627769608408049 -3417.3147036579435 66.86900340057362 -44.963808552452285
39627775681759502 -3788.048107581873 -56.700650690823565 -26.478434863495007
39627775664983166 -3460.5765922119726 7.065736225023929 -29.802341503965014
39627811899576979 -3149.2495850298674 14.387476267876504 54.58311642399131
39627763572802471 -3440.9988705622454 57.3631910336079 -54.24795399138928
39627763593775494 -3216.382124733967 -21.549436063794058 -50.7301065195795
39627763589578972 -3261.026929304539 -0.44931798883587326 -53.70482922550815
39627781679612999 -4170.529641371512 124.16968657716626 -11.6684034067858
39627805847196250 -4064.512336929383 73.085446838392 44.57421261780347
39627769625185884 -4331.050278107453 7.672655241021434 -64.00961984586773
39627763564416020 -3692.8523233786923 86.499361696293 -65.11749489020133
39627775644012528 -3136.0456588084826 71.81183651063014 -24.952616397829203
39627805876553499 -4391.557814799654 -44.16032641745495 51.491714166274825
39627769625186140 -3485.833626422122 5.504189750029667 -51.34269139792752
39627769625186213 -3531.3421519925364 5.386542570071052 -52.76335685227804
39627763589584272 -4040.2873016377375 -17.213424211524366 -71.84619989043773
39627805851387870 -3346.2833833544773 52.29075267059493 46.627836876867065
39627757537201061 -3897.300252045867 41.22610008841893 -92.33145686672134
39627775648205416 -3642.4365011270975 72.82489999092006 -31.79212471223903
39627805859778598 -4641.613749328748 26.98939352292039 59.37009079850865
39627805859778737 -3628.9354173923357 20.77457884814055 45.79951380622028
39627775644012222 -3897.8864165865034 90.20237375918546 -29.577338973559513
39627757541395889 -3734.3391056430382 21.480387072474997 -79.26033648143222
39627757537201316 -3881.518847940348 40.11526445134807 -91.99664027824294
39627763593775434 -3538.3050673401685 -23.520581397382887 -55.61642923942454
39627805847194030 -4033.3863778208856 80.08471814915104 47.6985965625174
39627757528811515 -3430.7184174492386 69.00030613754402 -68.9079359344146
39627757541395783 -3979.6213161850405 23.18957914271188 -84.85691933188508
39627811895379518 -3318.018937453337 39.10531276822766 62.26054822519666
39627805847194672 -3286.273577198918 63.36938293736418 40.70052285019738
39627757541395733 -2923.037370045592 17.14183447630877 -63.117123055938485
39627757541395703 -4133.296156162376 24.342799271945438 -89.46641883197603
39627775644011970 -4212.670898703951 98.3203275192035 -32.07150113404347
39627805859779315 -4294.802696266283 22.774567787275245 54.369961524361074
39627775639817549 -3329.316486096064 93.00039875708998 -24.98017108681918
39627775644011697 -3502.541688036952 82.40485766236057 -27.86616757291296
39627757541393355 -3316.2061289265293 26.05406436161033 -73.21111911373774
39627805876553542 -3235.8671680685457 -32.62678341156769 37.560133595951086
39627757541393213 -3247.615637382342 25.939948545457995 -73.84467734358122
39627757537202852 -2893.44580930727 26.140422444886642 -66.78740876667253
39627763589582483 -4138.099875750084 -11.686230214494948 -79.28537838891742
39627757541393890 -4552.556623924635 33.73613323516621 -99.1780808939196
39627769600021629 -3859.1910550977273 102.0931470077415 -53.08788142710682
39627769600021754 -3316.963212604617 87.44958938673558 -45.27273431984921
39627769616796625 -4026.2499105946895 43.963140130543984 -57.196572312581665
39627811895382551 -3493.1291793973155 31.686817102627963 65.73242797634484
39627811912159592 -4465.4453200261005 -38.302858065927744 84.8407199950537
39627769604210819 -3355.533923792313 87.59740474337774 -47.13475967157229
39627805851388846 -3467.6661409844687 51.441572147568294 38.04629530037647
39627757541394626 -3252.162369454397 22.158694182789286 -71.36941195079793
39627805876553037 -3734.5878999348947 -36.456324380263496 43.20899352602777
39627811912159412 -4423.766417905213 -37.242685046627635 83.71616464369572
39627775677565394 -3420.1004073602376 -35.85640035861105 -30.27813368973077
39627763585387541 -2679.1647824090173 6.34415814535102 -47.9965559957508
39627787757163187 -2962.9426835510335 -37.299735572118855 -1.4679597864494007
39627805859777345 -3636.782928476613 24.198537526310158 47.09886206239033
39627787757163206 -3397.1218035695356 -42.815570577882845 -1.4387715791239728
39627775639817849 -4423.025407113147 122.22758663617036 -33.83323317253079
39627757541395209 -4043.496392368433 25.56187730873953 -87.11739451509187
39627775648204752 -3934.1325671141212 80.4525660578829 -37.16942286761495
39627769625187982 -3679.070848847481 1.3072237601075414 -55.78119959604026
39627793801151553 -3532.3651425448425 -49.08705651505703 8.532417596346598
39627805868163741 -4631.143744675373 -2.254687390402803 54.363131460758055
39627805851388000 -3006.0045376221738 46.70710238865427 42.28180000321624
39627775660788049 -4025.457247554873 27.90730180913936 -33.15676992824296
39627769616795454 -3470.148205334892 40.84193942976524 -50.09358103503093
39627775639818030 -3856.5307649154433 105.95409676995529 -29.251154429542655
39627805868164016 -3293.6934953512564 -2.313069365216282 38.314051712599955
39627805868164163 -4130.389250680794 -3.3082702915105116 56.902001204703794
39627775677565311 -4040.6117257320875 -42.14163750154112 -36.350677261062
39627775648204747 -3107.361263325347 63.55209138731357 -30.253476377807196
39627811895382507 -2635.460688299596 24.01091127744185 49.44522504266134
39627799811591216 -4622.87199224869 68.66779328321336 38.870000679840324
39627799824174794 -2848.9715077590504 4.32367985701921 27.90519189564647
39627793759210966 -3187.8035524174725 88.84508923934821 15.509342507208892
39627799815785675 -4644.57627354679 47.15914433075272 50.35606808741463
39627793759210977 -3189.0800299135826 88.86131325254833 16.867600443173668
39627763577000702 -4145.445765184232 39.3758851069903 -67.86167752329183
39627763577000337 -4019.9213527483807 39.215199877834316 -65.46526521310265
39627799799010436 -3563.49380830941 95.07338500066837 30.70821663221101
39627781721555769 -3883.756645120462 -53.63553471901761 -23.777162181489707
39627799807397039 -4522.976059451801 85.7069507420378 36.8422295520244
39627763572805524 -3488.3768478482757 49.64512019763473 -64.7899773850758
39627781721557282 -4232.326366022372 -64.21029598122033 -18.386185461038515
39627781704779138 -2771.515863642197 9.002427925563738 -16.12456355242183
39627793775987477 -3202.054678844492 33.76629534793588 19.655060753986938
39627799824175072 -3556.4345119077143 4.511546651037044 31.049236782096866
39627793763404174 -3246.9438788924904 78.78299536599577 18.28729188960607
39627793767600163 -4335.778524344575 77.88851493089051 10.407954755302741
39627787744577068 -4086.974822947769 12.88971473352903 -3.6937733182578847
39627781713168263 -3522.5928383922883 -20.00808443404211 -13.179643370161745
39627799799006809 -2956.1614376284424 86.66302368287035 26.317701012186287
39627787736187740 -4578.874651613852 56.41365362778935 0.839309446663325
39627799799007171 -3999.246077355704 116.24858287324624 36.124460885041806
39627793792763021 -4626.8680262059415 -24.2915059923983 20.12485088030676
39627793759210172 -4216.1669645780385 119.91050972014591 13.324757836220131
39627787727800389 -3070.5343418491407 61.7327879825779 -4.092530112951695
39627781721559564 -3759.6963587174523 -64.94790766474362 -20.369949139890032
39627781708977943 -2627.730395175882 -10.622759817157501 -10.896719234769161
39627799799006685 -4356.321913031441 128.1522765292108 39.10211458916041
39627787723608781 -2868.5802835994114 64.4905951919696 5.579991507089127
39627781692198644 -4405.722984675791 64.53026709261599 -21.421330494402444
39627781721559753 -4075.9107249629706 -71.0440914165596 -22.677186094753864
39627799815785850 -4412.797496469147 44.070466121765406 47.62656850663411
39627787723607425 -3713.8805510152 87.6872987453988 4.841203305219279
39627781688002996 -3590.1897051978895 72.06893525452129 -11.902137666536861
39627799832560755 -4218.444771321099 -21.36212887956532 29.31692980580034
39627763577001425 -4293.633616670989 38.60320265163531 -80.23244019483259
39627781700584457 -4120.842261876017 32.19663867304751 -22.31373225025831
39627763581190531 -4448.028152643285 37.307019630328156 -69.82198480396613
39627793771791420 -3019.481576084335 49.35025274065887 8.99966063272636
39627769633572781 -2829.893074156626 -16.660144573649326 -34.86988228185616
39627799811591731 -3143.9266114425022 45.4259994088967 27.200066670550314
39627793763403872 -3946.4525293364327 96.73121006714246 23.354153891285023
39627787715221079 -3494.980938265546 107.72602629381544 3.737605347502885
39627793763404608 -4232.691987786412 101.160038330848 24.562184923595417
39627787715221308 -3501.615015662713 107.38053291296539 4.159937169609599
39627763577000625 -3189.878675487701 30.50853171567553 -52.1818617776691
39627817943566302 -3596.995151209654 9.139403171668521 79.03187597499588
39627799811591575 -2748.282401548491 40.05625580683395 23.418698158851463
39627781717360994 -2964.613595432336 -26.550912535258583 -8.147273074336903
39627799811591256 -4499.921470916744 66.69580655731446 38.244802538348154
39627799828368849 -3296.555574338422 -8.34363978353491 24.929796249834734
39627793771791496 -3375.6009806136017 54.853480989514836 7.968637002955088
39627799828368705 -2582.106908678208 -6.235072062270611 19.946191800283067
39627793763404054 -3243.907720617705 79.03949230355019 19.018859081660185
39627781721557524 -3314.3499016837486 -51.03177648356417 -15.500318216361904
39627763572805543 -4452.371981893253 63.26674108993545 -81.97998643202841
39627781692196518 -3611.5467277097387 58.45868688493339 -21.572282833251787
39627787736188172 -4537.372775747999 53.89398257654461 0.7509453494175992
39627817935180874 -3326.4611889869802 29.85460109953209 68.03531376277066
39627817935180843 -4505.167269783235 40.529302338553165 105.59563340589675
39627787719415559 -4278.945052154142 113.19641376789933 -4.467210655475924
39627799832565927 -2905.8572307226486 -25.05519368057275 19.931733477546558
39627763577001188 -4092.603144593652 37.456556351307896 -76.67367576527532
39627817935180780 -4030.7315123389 36.45763587788928 94.4823424063792
39627799828366823 -4279.76457268258 -4.611248188769988 29.47294659203152
39627817930985990 -3376.3198536056566 44.483476253584556 76.14907864112104
39627811903769954 -3272.6811250177593 4.593720778581187 52.02748310697358
39627811891184226 -3131.5221545709137 52.89260473873727 57.62281672892222
39627769625187446 -4158.048094703598 3.0470388059346054 -60.338016849598226
39627805863972502 -3482.2669105976306 5.002393977387241 44.431878353152655
39627781721555976 -3386.43600845519 -47.387004542994546 -10.113578018125112
39627781679612949 -4237.607229584636 126.34604193606552 -11.555654590107967
39627781721556057 -3572.4013630273794 -50.19135721987103 -10.830800607678926
39627805863970393 -3653.832136891559 11.192328150913278 40.392508108781385
39627805863970524 -2935.9389144767088 8.720819503035896 32.27553063309796
39627805863970681 -4277.761419202805 12.191588596121477 46.994590134896
39627781688003866 -4593.760244915064 88.61779523753427 -12.037989579200797
39627763576998327 -2927.5096520555935 32.749166430803626 -45.73521929516376
39627769625187880 -2836.0387471076156 1.1800509693447498 -41.97021586330459
39627805863970196 -4279.225199048503 13.82285626249652 47.94162157805073
39627781704778955 -3845.6910258280773 13.25212002562248 -23.913005625655195
39627781683809184 -3581.9992745830646 86.29112560349697 -21.748308819363643
39627793763405000 -3610.5261624330747 85.08730958786688 10.599828624028572
39627781683809070 -2996.6738670214954 72.44407085368657 -18.13254510177802
39627775669175357 -4208.828157259187 -2.808501898453332 -34.93877050490518
39627793792765407 -3850.9957475545016 -26.743893360954605 17.350517105498813
39627781675422001 -2438.2449982390112 76.59685921361572 -10.713374660475704
39627781683806841 -2845.59417204806 73.2482960624479 -15.738701863030396
39627787731994672 -3536.772074810203 55.38215818662179 -5.99540389569701
39627781683806954 -3305.750555174758 84.83129377302116 -18.597330298299617
39627763564417364 -3429.7104597093607 76.41427890134473 -54.064982162292225
39627763576998792 -3442.9335401515164 37.223541985971394 -62.37893484667006
39627817935178239 -3903.0807863616365 42.656109900925266 90.83614648790183
39627775644010213 -3414.3487997592038 84.45536302392394 -28.781900478621488
39627793792765047 -3519.8445981361206 -23.60070945570076 15.28417917327049
39627757528814018 -4457.868741815994 79.89493136896122 -92.22909241148821
39627811903769870 -3120.2385058705104 4.637982306041192 50.03283959656186
39627805847192358 -3315.0510469000765 70.162612002296 49.36773955175205
39627793759209544 -4129.460441426949 119.54878684335796 21.07035184479831
39627799811589409 -3301.857441558668 53.9034537081173 30.06881323288481
39627775681761468 -4453.725579916516 -74.0081508409492 -37.53829568858078
39627787748771222 -3919.9854517518456 -3.9065112912856836 8.019928666439089
39627805843001054 -4568.209182546091 103.88825765506165 66.53663115128778
39627805843000999 -3335.45759203068 76.02149878288824 48.78231824554344
39627763581193978 -3817.1506482812106 22.055521016548003 -73.81306250117318
39627763581194125 -4285.133575574674 24.382709805924176 -83.8141540288873
39627763593773285 -3298.2257483963826 -14.957310994301366 -59.12095393763406
39627805872360403 -3652.2755486639176 -25.140970671028043 41.220365806790255
39627805872360127 -3385.791480336781 -22.585087100067813 39.423959105253914
39627763593773439 -2774.7140933998703 -12.930110908756914 -49.43343816166099
39627775648205719 -3118.083755911603 61.720920818165645 -25.561161202027098
39627787727802801 -3345.222916721178 59.77726504187169 0.06351639920047794
39627757541396815 -3787.6631968435127 18.90537344192293 -76.16473761087767
39627799832563103 -3559.6269252084644 -23.445047417142142 32.97364642973437
39627763564416939 -3685.167847320647 83.61370573415653 -61.06327572881974
