data/coord/ELG_13_clustering_data.ecsv
# %ECSV 1.0
# ---
# datatype:
# - {name: TARGETID, datatype: int64}
# - {name: X, unit: deg, datatype: float64}
# - {name: Y, unit: deg, datatype: float64}
# - {name: Z, unit: deg, datatype: float64}
# schema: astropy-2.0
TARGETID X Y Z
[from data line 8265]
39633123251585676 -1037.732634965314 -2261.567096534229 2271.115158149567
39633136539141175 -848.1772437775433 -1746.9840965874369 1830.8855244628985
39633158387270860 -787.0324651723894 -1781.8461243091128 1915.1548810225934
39633132139318784 -1154.832420903987 -2563.255060748209 2633.0283603310486
39633127714328533 -895.7620380834869 -2066.241901625331 2074.8967297814743
39633140972519828 -964.9924821769605 -2236.72809320437 2302.808712660825
39633132130930362 -1147.2907770124525 -2470.7864913299472 2550.0786298829926
39633154058751511 -823.0259646606894 -1857.9619387419405 1985.3205334536326
39633127726908936 -817.5830398139066 -1961.1887709570128 1959.0646068429141
39633127689159902 -1025.7909246103509 -2130.3779520283374 2184.1224507671623
39633118793042450 -1009.2963925144119 -2319.2921247837985 2291.246965169485
39633132126734289 -947.0057481239145 -1996.1413687382767 2055.0529668727345
39633132126734412 -1164.773511102177 -2456.3482189127844 2526.822656766753
39633132147706842 -963.735002695388 -2208.0665761706623 2240.3522217227837
39633127693356485 -931.3541795086429 -1979.9739357132917 2026.3872214983946
39633132160289336 -858.5015392711559 -2062.2315614048066 2092.1264070597203
39633158387272081 -1073.9808309235975 -2444.322173129066 2623.4507933039586
39633132126734330 -1080.2340215033498 -2277.3286288257723 2344.282093114387
39633132164482860 -932.7877177839671 -2271.617079724116 2281.7149619778875
39633162682239311 -1036.860209372907 -2237.445324723853 2450.0536712617313
39633136543337266 -1243.0817594741482 -2616.432943612836 2731.1997647254375
39633140980909768 -964.1080507472948 -2324.079987037985 2378.8408747759654
39633149692481367 -1129.4578132667716 -2353.3911063576675 2530.982418358382
39633132164481574 -899.5183284157698 -2177.161678845091 2189.92834564954
39633136543337439 -1088.0018913671079 -2291.4621453033583 2393.7352555988155
39633140964134867 -1252.4212695711146 -2844.9138837779037 2952.4730321830402
39633140964134859 -1026.600161801765 -2331.893746333451 2416.736370908106
39633136564306341 -976.7802477831999 -2201.6725241647014 2271.182298645992
39633136543337573 -1219.0755479833329 -2568.734975289991 2682.136959480612
39633154037779635 -911.4903550804225 -1895.3519241485812 2042.589700380948
39633127693355410 -978.6011091418741 -2072.9478705402325 2112.943038682773
39633154054555359 -1288.3539881107743 -2839.861890985252 3040.1375596202033
39633123243199196 -1283.0063716620593 -2731.711521705048 2754.670822603722
39633154050361046 -766.3292571593273 -1661.3257741747034 1781.2726742301734
39633149721839684 -968.359773769135 -2241.3582400021683 2356.6732830609444
39633162682239241 -807.9139857057239 -1742.869987847414 1899.4322824236738
39633154050361232 -956.7829228674916 -2075.7081535352577 2225.1572227668735
39633154037779650 -1231.8889888499903 -2561.7769286391626 2760.6037389755015
39633149713451036 -841.2065707667273 -1886.0128765540767 2002.4384714635569
39633149721839761 -968.5870451129194 -2242.7229393925613 2357.236082982477
39633154050361186 -1392.7161262508557 -3020.9427563623817 3238.1418613484107
39633136551723344 -1059.0852174956733 -2275.917534529783 2355.4407267430397
39633136551723293 -790.2728129281832 -1697.9195420519036 1756.8864373473334
39633127693356740 -1371.2965769316575 -2917.9778356031393 2971.9397428797647
39633136585278733 -996.3297424609983 -2446.87932246091 2493.8127842789636
39633118776266636 -996.7975263237147 -2159.6512416830005 2167.5387563070926
39633127697548214 -1032.5061905937844 -2208.349086392675 2258.2380754937435
39633154050363355 -1102.6845794318042 -2411.5296041632128 2591.2905678142874
39633149700867862 -1065.0684352218557 -2270.6562166511453 2417.2180837147
39633149700867924 -963.7865858065553 -2055.1649470297925 2187.3316686971534
39633149700868239 -791.5510128478621 -1689.9331592338551 1797.7815340452632
39633149713451104 -828.9356361899457 -1859.145692974478 1973.6672263134276
39633140985103567 -973.5630891803806 -2381.706126816319 2449.2285221381007
39633140972520819 -1291.9370207011957 -3004.022534580667 3097.4279006740812
39633158395659374 -764.5313967760618 -1787.8435920165637 1916.5771474924472
39633136568503796 -1334.3514864490187 -3092.188616817791 3178.1647839272723
39633132147706259 -918.7857565633385 -2098.7562741507836 2144.721808293918
39633158378885947 -1061.7945871975855 -2351.961461600853 2528.0584084653256
39633145334597424 -878.1170964040817 -1882.6895421340919 1996.0709854247345
39633162694823728 -1173.7110063524322 -2670.7803638424803 2886.8752338191057
39633140959936580 -928.9935228666334 -2049.244288266514 2132.905685508218
39633145363960369 -832.8853880271248 -2019.179620581315 2091.1398184818895
39633162678045708 -1109.2525950395764 -2361.549247794204 2575.789645056028
39633149709255804 -1100.9153633360513 -2416.7624557141726 2562.2706688479093
39633132147706125 -1230.500399448329 -2809.029407225629 2848.2607006682597
39633149721839341 -1077.3037823358666 -2489.517823967235 2613.2688956469738
39633149734422972 -1058.0329581934047 -2583.4815777469375 2690.366443538679
39633140959936890 -937.1845303700286 -2069.640222227634 2156.0070342418385
39633127693353477 -1105.3954216818638 -2324.4376792552453 2385.2504764263517
39633132160288299 -1107.732978108325 -2648.5907020728046 2677.1201316784545
39633140972520724 -915.7985393692261 -2128.7417171147663 2198.81662654983
39633149696671828 -944.7983254567106 -1971.111439208747 2120.010710239329
39633127718519006 -959.5841282206679 -2215.506614917014 2223.919768665318
39633145368150469 -936.265078875928 -2274.314049609855 2359.5954732363166
39633154058751268 -875.5654636092189 -1974.5811850151847 2109.6961739953426
39633136585278399 -665.6927496088086 -1632.7498306899033 1653.7793219289595
39633158387270681 -1125.1126779099936 -2545.2116635017037 2729.6551946517634
39633136585278162 -1133.8668190078408 -2778.720153593964 2817.3424434400536
39633154037779795 -993.9557174790199 -2068.293605446489 2227.4583154780307
39633158387270671 -813.674769201826 -1840.5918671457323 1973.0913880430035
39633158387270637 -1296.921625136441 -2933.2525735252884 3143.7733072913197
39633136547530394 -997.3711416234887 -2119.4725861499955 2207.623619320162
39633158387270639 -1145.1614879737238 -2590.0277500165726 2775.005825637103
39633149721839497 -848.172397418366 -1961.6086498700242 2057.868767484893
39633123251587326 -1168.4413445853309 -2563.9035133160355 2573.1213160634748
39633132147706539 -920.8295701525565 -2106.096737119938 2136.624749615709
39633123268363781 -890.4175371621519 -2074.235979342084 2068.6812811641157
39633127701744073 -1055.3195526676227 -2304.369614943873 2339.2634453616433
39633140976713950 -1316.191736386161 -3101.030614738702 3198.3438559273
39633127701744084 -853.5661365318244 -1863.9174647669674 1891.6848950158092
39633114300941879 -853.811001646143 -1963.4054000494843 1932.6410302775087
39633132156095290 -968.7679314542335 -2286.1752148075875 2305.605530817419
39633149709255747 -1102.9473962890895 -2420.7900638066103 2565.1014366429044
39633132160290033 -1099.9364732360561 -2650.393758573379 2674.9651337539713
39633145368150539 -831.3267035204275 -2020.0296564760185 2095.821152326972
39633132156095116 -1254.9280838060458 -2959.464374407847 2987.0296838839
39633127731103922 -1191.9896051495791 -2919.812588724951 2924.563118704071
39633136555920966 -1034.6213296182498 -2282.9653841766453 2351.466399112921
39633149726033866 -1097.973003735257 -2585.1557934357315 2710.4460858616294
39633140976717021 -909.566863241786 -2169.9754342396745 2224.9498393531676
39633149730228895 -1232.6858268584324 -2960.20725666555 3089.3297960662853
39633149709255912 -1082.8802516932105 -2378.018539883718 2520.651457502588
39633154075529192 -747.4023453918359 -1808.0881517714315 1906.918740228107
39633154079719673 -748.6176266225 -1813.2918355105955 1913.0401611157927
39633140968327669 -910.1225296425466 -2088.766130802121 2160.3829131743005
39633127693353065 -1422.4284546685883 -2986.9542634690215 3063.3249869298415
39633127722716941 -1062.6365035566673 -2529.9877279176308 2527.8346058101733
39633136555920613 -1191.3924057333516 -2625.1181400570886 2701.685243792087
39633123276752128 -1133.3640951230275 -2726.765322961815 2715.6741558615736
39633123243199493 -892.9187917232233 -1903.1756849145809 1919.1937617422072
39633127693353274 -1050.8681260964863 -2208.286573885025 2265.259134178576
39633149734422932 -1188.698869953144 -2901.9595311203175 3034.740181383101
39633149734423034 -952.9137360913684 -2327.5129791031377 2433.273748488989
39633136560114564 -938.5685452474313 -2102.912850275576 2173.546345668225
39633123268364499 -966.137562191151 -2257.3936303540536 2252.8038544262076
39633123268364808 -872.5143057033798 -2041.2859514657662 2037.0676001438535
39633136555921134 -1232.4181192381839 -2720.867326571896 2802.011166415429
39633140985104960 -863.4621277123382 -2124.025240615681 2184.9630478553386
39633154062942499 -925.1674753441339 -2095.31221640518 2221.955697081888
39633136555920395 -1253.683523291755 -2760.2448469046867 2859.5268238157796
39633118776264278 -1149.802534601804 -2470.3763543177065 2475.7479867180414
39633136551724518 -1089.6402333526287 -2350.5583807622147 2428.0655733112512
39633166981402525 -970.1371924539515 -2164.2042635908033 2367.0179109001892
39633166981402437 -854.1310706028244 -1904.7523675680509 2082.4566949860846
39633166981402521 -1181.4102313000442 -2635.4496967956334 2882.3576676016055
39633136551724489 -1216.8920598598781 -2624.8215144724177 2710.8685403532536
39633118776265095 -1031.3400062796245 -2222.5736323540914 2228.968446987893
39633132126733563 -946.6476268648067 -1989.8407632823664 2061.0690772177863
39633140955746368 -1043.2402047551834 -2299.6193165085438 2396.6299895101547
39633118793040513 -821.4362932851224 -1874.156424363785 1852.801932017679
39633118793040386 -1146.5479458782181 -2614.6707659807703 2584.6062792076996
39633132160288125 -902.0368165892414 -2155.1738359530996 2176.9474232700545
39633154067140435 -936.5784472221328 -2189.6261548231632 2315.0209143667507
39633154054554350 -1141.4158146893694 -2506.0563871479876 2681.4218004918384
39633132156094481 -947.2353393409986 -2228.558243815062 2259.315689616712
39633132160288179 -1271.025685316991 -3037.4611319493297 3070.0515192799753
39633154067140186 -976.4049452277402 -2280.119657624985 2411.3934234191815
39633118793040827 -1151.9975240282242 -2631.1508661163407 2602.626436852985
39633118793040620 -1086.7010040063121 -2480.2295808548943 2452.682582082866
39633140985102675 -1082.4558733824792 -2638.2273858275985 2717.0760806302187
39633158374690014 -975.3766549035256 -2118.2176435454226 2289.9110443597597
39633127697551116 -1349.2587347399674 -2916.7069519914644 2978.3619528547324
39633140972521122 -1160.4230508188932 -2700.8968342780754 2793.7143030769566
39633158387272063 -911.853901816809 -2075.1835741284553 2225.539912582276
39633118776265302 -1000.4157713429382 -2157.525222340371 2164.0485313803592
39633140980908628 -822.3926890172733 -1973.0919779434823 2031.7867036081782
39633166981398977 -735.2419473840425 -1617.7285569300554 1775.2466262326705
39633136564306455 -940.1484809790264 -2119.9526257355446 2187.0115895006534
39633162686433233 -1203.9440629655778 -2631.1593394870274 2860.172311787159
39633162686433058 -1159.159150565824 -2531.2786819329167 2752.5557942879636
39633158374690139 -1177.8957345661693 -2559.1366325056356 2761.3451290138164
39633127722716627 -864.418884211919 -2055.4138602273824 2060.2204717989403
39633145363956382 -1188.302698582047 -2839.6570115769346 2945.7201728837376
39633154075525716 -1115.9025967187374 -2660.4124157285837 2807.08447894613
39633149700868412 -1299.6059382932194 -2776.373663545288 2953.1860058863926
39633145368150322 -996.2765794754813 -2418.3845142458235 2509.908868661819
39633149726033737 -864.5333333640626 -2034.191240598479 2132.26287507134
39633158387271011 -974.7382895930176 -2208.170372120011 2368.7514881727016
39633149726033604 -906.7902075560431 -2132.536750775241 2228.554149636963
39633136555919352 -1332.1522538619006 -2923.0321244857723 3028.6987586530645
39633114300941509 -1309.769723327888 -3007.406249457947 2964.823120304156
39633140985103585 -860.2659765409235 -2104.7095945356537 2161.367319672453
39633123276751562 -907.1152478691773 -2177.4195577505407 2169.1167435072184
39633114284165549 -933.7994421677795 -2021.2034873930443 2009.173432299914
39633114284164848 -1257.8491151259223 -2716.3257585751676 2701.8765767598293
39633136555919536 -1057.4302242555907 -2321.524579671313 2405.195744305229
39633149726033995 -1091.68442462886 -2571.665204330429 2695.713751232305
39633149726033439 -951.9733610425677 -2236.896764208412 2337.5854166059867
39633162678043417 -1131.257820784045 -2386.252470632309 2616.234560192857
39633162678043159 -1229.5005039718517 -2590.4468345493483 2838.7733113440463
39633127693354876 -741.1120037405806 -1566.920701250085 1599.2865951179217
39633162699017635 -1245.8553662691027 -2879.155110747583 3096.6517904923594
39633149692480908 -1295.2659979630457 -2693.972880389332 2898.6196430583364
39633140972523716 -899.8120648650586 -2112.7508501075063 2182.0431517826346
39633140968329073 -826.815751104017 -1905.7963338863344 1967.7299361875832
39633114292555119 -892.0779683194459 -2001.7661503711759 1977.9613472382948
39633145359761494 -1139.2307204720316 -2670.952320632329 2776.8053386608844
39633132164483689 -785.0095400637125 -1918.5072043840273 1927.3403441161845
39633132122538066 -1142.213027102219 -2351.7741515022212 2429.1791426003037
39633132126734187 -1048.7669954336018 -2209.65236192724 2276.682341502039
39633149696674454 -1381.4021425323851 -2910.110456551024 3116.6989791083697
39633149730226601 -902.6241276770295 -2145.9831577578443 2240.258055927067
39633136581085698 -674.6715937802785 -1639.634717490723 1672.9185454259239
39633136547531881 -1363.3944630720175 -2912.65013862912 3025.1816958326704
39633136547531890 -940.9933942215686 -2010.334010862031 2088.483625820151
39633162682237331 -996.3976365789699 -2131.7389802071352 2324.2252188869024
39633127726909365 -1132.7077415654696 -2722.177265304958 2722.294324440461
39633145368152633 -1092.9148284145401 -2677.378512123983 2761.7293378724835
39633145368152643 -864.0408272291638 -2116.7716898385374 2184.6282127494114
39633132164483666 -784.1078900184208 -1916.1431826304245 1924.8963165611133
39633132160289379 -857.3712902391565 -2059.8896369233103 2089.542286169781
39633132156095334 -1305.7113123016222 -3081.7638029493132 3111.561457354643
39633162673851140 -1312.6671618514101 -2749.496879265172 3010.026090876999
39633140964135223 -903.8429777477886 -2055.4019617313947 2132.893763970698
39633166973012613 -915.4659577652388 -1969.0609318888698 2162.4783252004104
39633166973012715 -1063.183563189347 -2287.6364707902517 2513.1300752719058
39633140972523727 -899.2166991489655 -2111.449549990507 2180.6559625551527
39633136555920406 -900.026690821248 -1981.6846947383674 2039.546122694661
39633162678043935 -1036.7308636252249 -2191.3695115120154 2398.529632468113
39633162678043708 -1364.2028895872818 -2880.9942007824766 3153.423911899729
39633145359765123 -827.28890188792 -1966.439101931796 2041.123880880887
39633149696675425 -1340.2974107295247 -2833.7226861126433 3031.279896828212
39633149696675396 -831.5567536425882 -1757.953535057969 1880.0112698373134
39633162682237060 -1111.6576107037329 -2375.6865447291057 2591.021515455121
39633162682237058 -1112.3779856405479 -2377.2143793029877 2592.6343569342625
39633145359764905 -1195.2098522769752 -2838.811250995454 2944.535811818772
39633145359764789 -900.1027080254376 -2136.9346007747563 2218.4843171820025
39633136534948965 -878.5879117317614 -1796.459435503842 1881.3483355813541
39633132135123787 -903.2420025858509 -1965.9347271992472 2017.1524744900403
39633136560115428 -1252.2792785085287 -2815.1449028951947 2910.659391020837
39633127726908558 -1098.1979488033296 -2630.2005637001776 2632.354910514729
