data/coord/ELG_13_clustering_data.ecsv
# %ECSV 1.0
# ---
# datatype:
# - {name: TARGETID, datatype: int64}
# - {name: X, unit: deg, datatype: float64}
# - {name: Y, unit: deg, datatype: float64}
# - {name: Z, unit: deg, datatype: float64}
# schema: astropy-2.0
TARGETID X Y Z
[from data line 9749]
39633158378883824 -1129.06350204594 -2483.630660048502 2677.8588869465057
39633127705936788 -1090.1157283361304 -2404.7459053868542 2444.7285442946245
39633127684966554 -1155.6532749054134 -2373.3244119975975 2438.986123563524
39633127726908767 -653.0368728014272 -1565.2980874423783 1572.703843116039
39633123239004922 -893.5595190259551 -1870.5916505955047 1904.9476183017068
39633145355570831 -992.027578389976 -2316.821902640313 2407.940905400589
39633127684967041 -1338.8918609099717 -2756.0827771653762 2821.084230069564
39633118801430056 -879.1565374998961 -2079.6271294858143 2050.6276624247257
39633123234809646 -1276.8666164591057 -2628.5514164340866 2689.3324963523132
39633132126733054 -1431.388626748685 -3001.7032457132054 3093.538027978675
39633132143509974 -722.9236343713918 -1611.3810674305337 1641.9251978238615
39633136534947388 -1301.6909856736431 -2644.1697974027325 2761.0056537130035
39633136534947485 -1185.714082476379 -2409.687486846567 2516.224400071292
39633132118344539 -781.0152151973095 -1588.6282791139815 1654.7341584474507
39633132118344686 -1168.2725426605969 -2377.6110078533356 2479.0668073442052
39633132118344181 -1213.2048911971212 -2464.4169134298686 2566.050956015235
39633132118344285 -1067.5275395627639 -2169.3203099280313 2263.887767248225
39633132118344551 -967.8028002521194 -1968.6158084397123 2048.6310839002454
39633158391465176 -883.867133192294 -2033.7286202987425 2175.7577926697572
39633127718520563 -960.237137230832 -2230.618534508369 2252.2933034733137
39633132135123928 -1324.269487942724 -2883.4357959923086 2967.7775066104814
39633127710130728 -970.8714264586671 -2173.9081576608282 2206.913107596234
39633154046166834 -1327.4999106067628 -2834.0497152540406 3060.211098214109
39633127718519647 -895.2777241068355 -2072.4215256245193 2093.4755312472325
39633154041971925 -1120.4685234375204 -2348.456319112706 2532.8082383370242
39633123251587841 -1154.5404767134416 -2538.4713762372226 2558.5477091847915
39633123239004469 -1231.4474507572656 -2574.2899713120164 2606.593450180968
39633154046166955 -1014.3891742185293 -2166.316732591422 2340.258745632759
39633132118344773 -1165.436560337447 -2372.44448794096 2465.7617987639624
39633114288359524 -1162.2933135736823 -2553.7060739343715 2528.9595501501085
39633114288359537 -1383.2837250928292 -3039.335272361097 3009.7825794143832
39633127684965417 -1114.2165944215415 -2278.4373075633166 2353.97593423471
39633127684965027 -1163.1845010229035 -2375.3198959293277 2454.9989029702706
39633127684965303 -1394.8159802849677 -2851.1925923372637 2945.949587026331
39633127684965042 -1105.1233102002723 -2256.871662994154 2330.841847798491
39633154071333747 -974.375677110126 -2303.5253957893783 2427.8883951081234
39633114288359116 -977.8809720939104 -2145.605198800159 2126.6229742808414
39633145359761752 -961.8489953967184 -2257.840152660831 2354.7208403895215
39633149696674875 -1044.57454518145 -2204.2342190719787 2363.3564163094275
39633158370493902 -1401.2661306135265 -2976.174627083171 3219.2585832419095
39633118776265915 -1391.1883047799963 -3006.6541368026487 3002.17876880243
39633145359761941 -1107.765981346526 -2602.5120309025515 2715.3171623422036
39633123264169582 -972.345157013585 -2231.728121719063 2235.303907830843
39633127697549440 -1303.5975124362753 -2800.41245473879 2857.580724284479
39633114288359848 -857.6375618555458 -1886.6826685078986 1868.0970841605863
39633162678042981 -1273.87534308195 -2681.747912799967 2930.8164295296638
39633149696674905 -1394.2684871954739 -2942.482953008583 3154.649048676573
39633145347182607 -1272.2561128971574 -2884.1709906167307 3013.4618907183203
39633118776265945 -781.5734453854209 -1689.3507582405844 1686.3404441799676
39633162682240990 -1336.4100619382198 -2898.8195991427665 3177.3767231754723
39633162678045805 -1243.511343131877 -2648.4929872688926 2892.486468253701
39633162686431300 -1055.4979568590209 -2291.159502092479 2491.308056644365
39633162686431588 -1156.633429851931 -2513.2253853710827 2731.609173081743
39633162690626422 -924.2568439189216 -2045.8161576659857 2233.2848979208784
39633118793041976 -933.1242771702647 -2140.095147624917 2127.9485505777798
39633154046169238 -1400.4197166596462 -3014.2432098043732 3233.8933904941973
39633140968327016 -1082.8392118298316 -2480.1731731466066 2570.3689222166813
39633158366301533 -1263.0690500252595 -2659.3736207558522 2894.8914854946042
39633162682240632 -1048.6088345996368 -2271.967637839087 2471.239459574138
39633114296746052 -1350.523359445358 -3038.5892389166447 2997.002728195113
39633149730227749 -1278.818163018872 -3055.5392689226755 3187.1257118954873
39633123247391686 -1030.3716190404923 -2212.0649348442935 2243.445827778383
39633118780460245 -1152.91660116551 -2534.9444435631935 2537.110632335886
39633132130928206 -878.347300812985 -1876.1164748818537 1929.1955695298561
39633162678045809 -1135.0739295504893 -2417.550309028382 2642.8306733649256
39633162678045871 -747.4636477389239 -1592.4200157077792 1740.7275372267804
39633149709255604 -1028.8043655631518 -2256.9096047270323 2395.2329319298515
39633132130930425 -1062.2136976977436 -2288.0578207991202 2350.487760718847
39633136576890452 -991.8081556815295 -2360.1934047041336 2405.4558215352727
39633154067138907 -1173.5142873798798 -2725.926387795757 2888.068671163283
39633132135123577 -1095.4970498768644 -2382.7565220788797 2456.102054532898
39633140947354210 -873.7256616730153 -1843.0548237399682 1935.537558811236
39633132122538099 -966.679725607328 -1990.6202218540193 2060.171552590509
39633127718521776 -1118.667170604225 -2610.804162539987 2615.6320107049987
39633140943159616 -1148.6807120537983 -2382.9265285703973 2517.3340451161475
39633140943161188 -1052.6810364833127 -2199.8595791536004 2311.6775779370582
39633118780460024 -922.3127879446278 -2026.3237298426873 2029.3326650162965
39633136555919461 -1048.1422074670654 -2300.5147369355454 2374.544510860276
39633158391464875 -777.6827672341179 -1787.3640887719916 1916.64338305452
39633136555919482 -1148.8898392792003 -2521.862970727373 2603.3638939730745
39633145326209886 -1130.6712169872183 -2359.1039374294387 2504.2211565529387
39633158391464956 -1170.34515975001 -2690.749258620794 2886.806186323209
39633158391465049 -944.1139099485879 -2171.42794620021 2329.2989585373543
39633140943162228 -1319.6831099886708 -2769.822233718317 2909.8380633455627
39633140943162294 -1118.1846841027696 -2347.504245884427 2465.2125788894696
39633140976717183 -818.9753442522268 -1955.6165925250102 2013.052186016549
39633140943161898 -983.3698535510067 -2061.1358283325094 2165.9686952093557
39633132118347636 -730.1176675227844 -1502.69347826536 1555.7271218042827
39633118788847972 -918.7215473658273 -2077.729561563332 2056.4486767248245
39633136581084804 -1109.933874580244 -2687.813939718244 2727.3783102116176
39633162699014832 -1088.080400804895 -2486.4654794733083 2687.8035012356054
39633140985103639 -963.2805501414806 -2357.1860919313563 2407.741673879769
39633162699014833 -1069.152653465289 -2443.2501944619908 2639.6221418532164
39633140985103571 -849.5902572370015 -2078.438073423159 2123.803896193996
39633132156096556 -844.3936358071616 -2002.0254330000587 2030.120608776811
39633127693354781 -1181.8022333299534 -2497.6671923633207 2555.0586700773665
39633127701742273 -1281.1049438376574 -2780.4873080663365 2836.5539061956138
39633162699014865 -881.925293617491 -2015.587912780301 2177.756501715539
39633140985103387 -1063.042703457665 -2598.6893423526826 2656.436940342055
39633149700870004 -1081.546535215114 -2324.2327408911283 2486.3871857872036
39633127693353837 -1133.3737556012768 -2385.990222656257 2440.92221889077
39633136555917481 -1015.7561138142587 -2215.485913882274 2284.308522106459
39633118788846523 -1144.0850157674215 -2571.37461942428 2557.393618972672
39633162699014529 -1069.3510945011951 -2441.095598916776 2637.160777713342
39633123264170563 -914.298678654757 -2107.3176525789077 2113.4206626929385
39633145326209992 -1358.076331175836 -2835.0784246105113 3009.052295392339
39633136547529488 -1134.1137873655666 -2403.094948118638 2497.8333119399776
39633154075526725 -1112.5154782029558 -2662.6531550221384 2804.4435163018716
39633162694819882 -1135.8233177753373 -2547.07863149169 2764.986400215031
39633149717643521 -892.8714613888386 -2018.2976979565515 2132.3984790513155
39633123272556702 -856.0485164359957 -2017.0659789797357 2009.0001089655127
39633149692481152 -902.2129886538836 -1878.2216144857568 2010.2435302302101
39633154067138987 -1216.6709243971827 -2827.087852039243 2997.9233319024534
39633118793041880 -1269.2832333630608 -2909.870483489489 2892.4353843393847
39633149692481045 -905.9591176119281 -1885.2773114090444 2017.9563253849499
39633149692480999 -1398.924482030958 -2910.581879724833 3115.7017008046632
39633149692481116 -1292.4852621632524 -2690.3561608819173 2878.5814821185622
39633118797235546 -1264.1362031243068 -2938.302650374873 2916.938477488742
39633132147706789 -974.2024592276885 -2231.3301876750907 2272.8609934884057
39633145355568246 -814.780128874849 -1885.0460048505997 1970.5137106202149
39633145322015618 -1194.2686897692763 -2453.1895404522425 2602.8510882831347
39633136555922011 -1377.3766938026902 -3050.6033837840564 3154.354596956497
39633132118347330 -1389.6119956024363 -2856.459724638372 2958.3989610482563
39633140980910509 -1177.8612036646116 -2848.042022264036 2913.9712219502217
39633158391465716 -971.6870092217162 -2240.8346791010536 2401.6196802489776
39633114296746122 -970.3493864155789 -2183.903420472673 2155.1499650891164
39633114292553097 -1102.825147423623 -2455.563397291103 2431.940606072539
39633132147706876 -896.1371308580635 -2053.603723703781 2091.1242658538627
39633140985104040 -931.5793351194147 -2283.232062828869 2330.8572120041185
39633140985104121 -1241.147918624252 -3043.1356668073067 3106.613318050027
39633118780460291 -735.5328545472215 -1617.5049240015933 1618.1166573671144
39633140980911274 -1252.7341797272672 -3039.594724204669 3106.8704968928014
39633140980911204 -1154.9727533813336 -2801.380766670102 2863.8372892474517
39633140943162738 -1235.9842311104044 -2599.6299360434678 2729.061647597779
39633154062944195 -1323.189841853467 -3017.1667739232557 3215.783130183818
39633140972520227 -1166.7293489899462 -2707.7720340889687 2799.39090436803
39633154075526815 -960.5664767780131 -2299.881605300637 2424.1312832297394
39633154075526706 -739.9481769529455 -1770.8431347862065 1866.043350429776
39633140943162011 -1222.0120957035256 -2562.7310412284114 2691.4801095269427
39633149713449408 -744.5692710594806 -1657.3483337314078 1754.4422389378099
39633140972520348 -1003.1909702571481 -2329.1667890282533 2409.3945940862263
39633145359763207 -877.5693614583724 -2072.017697169166 2156.417789741253
39633127693354821 -1322.4727045495742 -2795.3339840551616 2859.452533952646
39633140972522569 -965.8735997112689 -2259.244019250017 2322.9078188754297
39633145334596827 -1330.27958753697 -2845.457023557477 3007.3428560956227
39633140972520176 -926.2837666536542 -2149.372571800586 2223.917230040449
39633154058751172 -904.2993805213833 -2038.4550573000383 2168.5651254437216
39633149709255639 -1100.8432801478534 -2415.2643819704936 2570.0544728494806
39633162690626307 -715.8898350387842 -1583.8840188109689 1729.2491549575536
39633162699015913 -1166.2975654197069 -2676.171094729128 2891.077012529336
39633118776262957 -1396.7969728843518 -2988.8136847939004 3009.691063671585
39633162699015806 -972.647944850251 -2230.7913228380853 2410.06058422698
39633118793041299 -1189.8733826065939 -2721.7891681854644 2699.4962171729826
39633132143510288 -1224.6883239598903 -2733.18929462281 2803.3219086825343
39633145363958950 -919.0046879452624 -2216.088763343003 2295.0530495413914
39633118793041727 -941.0335519220016 -2156.038887921414 2139.1080519636357
39633132130929843 -835.6059408332162 -1796.2112294702672 1845.0743595044896
39633136555920087 -1107.2922604778782 -2435.453971801678 2516.4301138309643
39633118788846322 -1238.604053284826 -2781.8932562760806 2768.117856498547
39633127714326677 -1195.6067457284194 -2738.7769553901417 2760.1940520196345
39633158387269811 -875.654906418222 -1973.2958975869105 2128.8532142205277
39633140943161159 -1158.0929307017514 -2419.763462253306 2542.318668699615
39633132160288607 -1078.1212985870386 -2581.1999566888903 2597.7970711714497
39633162699015536 -1273.365769663347 -2917.216039645224 3148.545465773531
39633127701744766 -1091.5408926398268 -2388.8450798835206 2433.1014419602443
39633158387270761 -1018.3145837317198 -2304.4041151926153 2465.87848932255
39633132130928530 -1352.9050017801387 -2893.145515285299 2969.986094387543
39633136555920304 -716.4308018621878 -1576.8189250569644 1628.0988593992768
39633136568502477 -926.1388431452758 -2135.372087805991 2189.5284369730484
39633145322016407 -1044.0789504418053 -2150.6676573960845 2288.2581585768776
39633162686432305 -963.3822950861404 -2097.9751932817285 2290.916405670944
39633140951551496 -804.1013190913645 -1742.4103580069411 1827.469688604777
39633154054556170 -1010.8748577385333 -2235.980283832277 2397.4969764687744
39633154054556216 -1205.2606940082753 -2666.4928126225764 2858.6589241265847
39633136560113057 -940.3637409457151 -2094.738153046234 2159.8781804839327
39633149734420887 -1040.3232012787164 -2515.965578800186 2634.9018390467522
39633136547531410 -1037.6354897255271 -2212.905530525046 2294.3674496538547
39633162682241059 -944.2552035103481 -2048.6663248951545 2227.353103532915
39633127693353542 -927.0265273022096 -1949.7292109322725 1990.4317870839836
39633118772070082 -1142.9404594732127 -2423.1883808919447 2436.4229109640005
39633162678046071 -744.0486828238854 -1586.248987215802 1734.3368266727668
39633132135123472 -1199.9759694546517 -2609.2161194819255 2688.703180617559
39633132156093560 -921.5759328176835 -2161.111782325243 2197.957906083843
39633140938967651 -1027.311423690001 -2119.2888279919894 2243.5215374132217
39633118776265107 -1007.4461368760064 -2171.1569339079415 2168.003021664573
39633132130928124 -1068.021092881103 -2280.6238345474876 2344.641796227201
39633118797236511 -1176.2851567392163 -2743.278036549669 2702.9751113327184
39633140943162168 -1097.9234499870333 -2303.866883385014 2422.2615340475154
39633132130928063 -913.5685156352447 -1950.3097062326187 2004.836408287703
39633149717647292 -884.3212611779786 -2028.282457303664 2144.09701106829
39633158378883376 -968.5742902094046 -2127.395588989218 2293.1521091305713
39633149717647303 -1157.4687052223362 -2654.8613647897278 2805.1602205479253
39633149717643885 -1117.0070924452373 -2528.4691902757127 2670.848159003601
39633140955745213 -1224.6583045579698 -2688.790055644379 2800.324777758501
39633136543334935 -895.7076195477556 -1867.5896943286264 1953.9269933706069
39633118780459365 -1424.1147060783132 -3120.1653649727646 3109.924735784569
39633140955743206 -1340.8947599282162 -2922.538102143318 3053.224579208967
39633132151899845 -830.5811542529699 -1920.3613879156576 1951.5337279677733
39633118780459287 -1215.0535442492226 -2661.2412664737017 2650.18213139284
39633136551727480 -1094.404160661221 -2383.3978293853593 2460.2864691168375
39633154041971042 -1181.433854671873 -2469.6769563434395 2675.0696057284376
39633140964135222 -832.5245699126792 -1893.2111188917145 1955.3685840228175
39633140938965227 -1002.7276804503948 -2048.1885264363978 2158.5151477472577
39633136560113193 -1021.9041907628099 -2277.4253457492873 2346.2360235373553
39633145322016707 -1291.2162390458384 -2662.8317663982066 2821.90807473197
39633158378883461 -905.2806415353303 -1988.9684007821636 2144.65002073338
39633136560113185 -1013.4100563736035 -2258.4239248077693 2326.7476321204276
39633158378883302 -1295.5936547376316 -2845.0470552804627 3068.441193084388
39633136547532857 -1076.7308596897326 -2308.528624806994 2405.02491206691
39633149734421856 -1160.5826756381634 -2819.658466733401 2941.2142042472965
