data/coord/ELG_17_clustering_data.ecsv
# %ECSV 1.0
# ---
# datatype:
# - {name: TARGETID, datatype: int64}
# - {name: X, unit: deg, datatype: float64}
# - {name: Y, unit: deg, datatype: float64}
# - {name: Z, unit: deg, datatype: float64}
# schema: astropy-2.0
TARGETID X Y Z
[from data line 4406]
39627800394597825 -3645.485871100376 -2441.5717561480346 32.93903860672316
39627758078265391 -2981.067000800828 -1834.513902381989 -77.73969618967166
39627764118063033 -3778.935622868426 -2326.219587272033 -75.45978287373387
39627758103430371 -3852.572134991106 -2507.3490943602615 -90.49724483131632
39627764139032906 -3023.8592748986707 -1946.135428030015 -68.15439707941322
39627764147425420 -3205.14981428536 -2117.9401672252593 -72.40912173649933
39627746023836382 -3157.4430343028894 -2059.00062313618 -118.95932158697036
39627746023836315 -2445.9634331259363 -1594.877050973619 -92.17722758199092
39627758078265580 -2574.0366029740644 -1584.6072946262066 -66.36549970744326
39627800386207998 -3512.7792672623495 -2304.1017266595945 38.4648749390024
39627758111819001 -2738.4055101435174 -1816.0043589306492 -66.52846518321168
39627788285640878 -2918.6335824500193 -1824.2002822822803 -0.8552766010708132
39627764151619128 -3351.284168532633 -2231.169792049117 -70.30192188307556
39627788315004191 -3392.8493094983164 -2277.451357595184 3.6402574689645433
39627758090846533 -2455.5150529326015 -1550.1773427982337 -65.83616016742437
39627788315004103 -2391.770518777316 -1605.2634390243475 2.6744804854876403
39627788315004079 -2147.744320623032 -1441.441352166819 2.404215720886752
39627788277253310 -3837.1231067197386 -2357.5396167910862 -6.514763108291038
39627764160004410 -3732.2151664264643 -2518.4344683021855 -76.21673066772433
39627752076217267 -2808.0532842137877 -1885.656601336519 -81.79281244291585
39627800382016851 -3096.8206736741718 -2023.460131953183 30.630387143609088
39627788306614635 -2595.554520520532 -1710.3219270865127 1.9121638735833708
39627782250038880 -3136.4031858391327 -1983.5339166087897 -19.06924459695326
39627782250038258 -3135.288126349768 -1981.0125107894196 -18.065791955811896
39627764118064706 -3673.3482615720322 -2269.5137253906746 -83.61398182562331
39627788298227447 -3049.6091941951386 -1976.2585780772888 -2.5821375547213172
39627776197658768 -2721.6442915300145 -1674.9128303580337 -31.17738148672039
39627776197658777 -3009.1628115674703 -1851.895998360793 -34.34965517009548
39627758090847228 -3090.3770134576366 -1953.853302397801 -73.69774967019167
39627782250038276 -3407.548253162475 -2153.0961238362775 -19.80991153439813
39627782250038291 -2545.687781522879 -1608.5642321626578 -14.810073841433885
39627764118064787 -3935.3815830345816 -2431.9274099061163 -89.68775073794063
39627770153668113 -2514.9723879878597 -1536.6857631334326 -42.15315618937607
39627752076217428 -3071.438691408139 -2063.070470738721 -89.99881784979982
39627776235410210 -3146.467699254581 -2117.704519294801 -34.818805182575204
39627776214434846 -3209.3108865448166 -2048.0991785404244 -29.263393302218734
39627788285640908 -2875.4434723108493 -1797.2950886722092 -3.923454903508487
39627782237457584 -2495.7432059590874 -1539.1908097940745 -10.003571909083545
39627739984039751 -3884.647590190067 -2537.0309066790296 -153.71753937810183
39627800361042461 -2827.2631866436413 -1751.6096349686818 22.94935004760191
39627758111820906 -3734.7758867039415 -2484.9712224593054 -91.76194881330723
39627776227017360 -2809.9121337019897 -1844.4901014414886 -24.904859311827636
39627794325442375 -3121.6116353131906 -1965.4710039909617 18.320534463903225
39627746036418857 -2857.260494248745 -1917.0092334688386 -99.43431498464895
39627764147421727 -2597.2770012429523 -1704.184844984061 -50.219336287881575
39627770199807329 -2482.615014512008 -1689.0814121204555 -40.98913631603411
39627770199807269 -2481.121517606749 -1687.868571514565 -40.974243631766925
39627788285640910 -2873.4527849572955 -1796.0553698526821 -1.1033934256339493
39627770199807147 -2932.228017720123 -1994.3010387190639 -53.64508403425
39627770199807477 -3229.138894212845 -2197.602391814959 -53.95279311454734
39627782279397928 -3278.9407157548894 -2213.3609557172194 -13.425452178985855
39627770199807212 -3352.644445833548 -2280.521294647422 -55.17866851176997
39627800365236363 -2312.134246957209 -1445.0620843662737 25.773578813190756
39627770199807167 -2252.242072987571 -1531.8881495218304 -37.05019162086604
39627746007056562 -3115.922448058153 -1947.8065615009505 -114.98609406074092
39627752055243638 -3157.001681234966 -2014.1859178661457 -102.29220489143036
39627758111820854 -3782.184171044341 -2516.250288920999 -91.78808184569992
39627752051052673 -2594.4212232575205 -1650.274880798343 -84.25374154847594
39627746028031980 -2653.95861063226 -1751.7129685436532 -90.46457328124693
39627800386212177 -3575.6261741014314 -2363.0153039538495 37.62373490501705
39627746028031803 -2695.3830501381885 -1778.4695100828317 -91.65173403765752
39627770195613247 -2398.2850669864556 -1617.585954239802 -37.46575271226554
39627800386212059 -3015.1783784826353 -1992.283727263915 32.935801555269585
39627764139034728 -2934.9372620535187 -1894.9034741288099 -60.740807860778325
39627800386212047 -2485.046122971285 -1641.9614249699937 27.274988137893942
39627752051050638 -2899.611273292786 -1837.2313305858318 -83.61009971362434
39627752051050986 -2331.2812594536686 -1478.1246303411842 -71.39265584469189
39627794354799253 -2712.7926062669103 -1814.4572318851742 15.76260007340981
39627752051053003 -3497.6290042750243 -2225.9506879602523 -115.62532875907439
39627752055243542 -2537.8248910963766 -1618.874317315696 -82.16697445081704
39627800390404199 -2462.5249828242786 -1636.8937037761234 20.72480897311093
39627770195608849 -2594.527108979047 -1737.2431223744516 -35.6860398074042
39627800365239174 -2520.7926929845594 -1584.5890163365061 27.666171811710406
39627770195609182 -3824.22819039146 -2562.0178025655623 -50.76236801930911
39627770199805447 -3229.748288778705 -2190.164858168936 -51.375883066289326
39627746023836015 -3629.7652744392485 -2365.8648295306593 -137.36677627845464
39627746023835937 -2343.5765122940275 -1527.3881966324666 -86.11601180915022
39627800365239367 -3378.9780583636616 -2124.720275324415 37.441764400984994
39627800365239604 -2935.009851795992 -1846.3523462080927 23.598158763486573
39627776210241858 -2455.815622803807 -1555.692489979382 -29.4160700650075
39627739984040717 -2455.168727233943 -1605.6429035274637 -99.49686537388152
39627739979847390 -2260.144752260174 -1467.5742819174473 -95.88196099687391
39627752063636611 -2866.924308166929 -1877.7690018179958 -86.22306038606915
39627764134839808 -3198.481816161883 -2042.515520355379 -64.4128443636936
39627776231212783 -3236.367867053143 -2148.317708889 -25.78988489568501
39627752072021879 -3151.7769358867536 -2092.304814498519 -100.73608341973281
39627746007059799 -3151.6724063366964 -1982.936689856604 -120.09063863638731
39627776214435084 -3728.504967038803 -2380.283192565267 -36.00858330659495
39627770174638656 -3367.276212758789 -2154.9616077868272 -55.94348323149067
39627752072021930 -2570.973218246126 -1706.900159254603 -81.88766435288508
39627752051049624 -2519.430979791032 -1593.27701499264 -80.88037977426264
39627739984036960 -3408.0277614018014 -2216.7922855980623 -140.10551211716543
39627752072022146 -2565.034708489188 -1703.5992097061287 -82.09688743167888
39627770187220224 -3779.837229638125 -2482.803144647805 -56.565053240635876
39627776214434738 -3621.911016502796 -2311.0329831280396 -33.610443894575674
39627746036418270 -3007.9653005648315 -2016.1468033306749 -104.94570717076398
39627739984035933 -3780.968261285179 -2455.6263251587916 -159.30429590705586
39627752063636777 -2421.7216432297164 -1586.5323397475474 -72.8362476852654
39627776210243705 -2675.403980862786 -1700.9137608342398 -22.360217064843223
39627782266817564 -2973.4773392969496 -1962.0097308893774 -8.398220723315607
39627782266817401 -3077.859734157896 -2030.1600985466264 -8.050530585460242
39627752051050435 -3413.42647583043 -2161.957178948592 -98.2352540921301
39627746002866367 -3659.8900562476965 -2283.5700665680947 -124.44355254652046
39627746007056977 -3168.0788373359833 -1982.023529986935 -120.31858858294552
39627770183028087 -2843.680004255443 -1856.7790651506123 -51.400520278907194
39627770187220397 -3591.730255843778 -2359.958073125005 -54.852133254592985
39627764118064845 -3313.276113831412 -2047.7988654239566 -73.52546426156054
39627764139034772 -2906.292626129842 -1876.4983068083823 -60.409514183338864
39627788294034010 -2520.551826916829 -1618.675821533582 5.873654175002793
39627764134838930 -2731.6543942145586 -1741.9638856132317 -61.681394086102365
39627746019644522 -3407.575890995783 -2211.32856040805 -123.08114765682949
39627800361042723 -2968.2347735899634 -1840.0296134037255 23.41300365657373
39627764118064820 -2865.3901675399097 -1770.8651256388528 -63.03213468552747
39627788285640996 -2919.417433695638 -1825.0099650603208 -2.1124037181074273
39627770187220777 -2977.823645774655 -1957.5496279584559 -45.43835530745987
39627782275205033 -2733.573056102925 -1832.3132957494656 -17.298088025515273
39627782275205160 -3382.6530260655636 -2267.9521681189935 -21.742269246451546
39627800394597466 -2248.4692431984304 -1505.0316448197875 22.558114877128414
39627758078265725 -2610.669905986078 -1607.619259102518 -62.506892799921495
39627788285641697 -3777.367458974196 -2364.123673695253 -3.7450355170069365
39627776210242781 -2640.2912546744324 -1675.4701074594097 -30.950156786353485
39627776231213673 -2518.424879871975 -1673.936355632159 -28.342371616227
39627776214436681 -3503.4839406271153 -2242.469863067039 -39.03093098138422
39627758082457662 -3715.1836867462866 -2299.1469642585644 -89.71959301344896
39627739984041259 -2791.832133756106 -1827.540611896797 -114.64649245900428
39627800394598399 -2377.533970960527 -1593.8405376134206 21.737068045446065
39627776210242897 -2835.318529197289 -1799.6332509050785 -32.72866844688681
39627752042662464 -3009.016300796031 -1871.4205005232689 -86.61369572647095
39627746032226295 -3491.2035731294573 -2327.375568618244 -119.94213899817215
39627739979843882 -2861.6309569246637 -1847.7412227622135 -112.60183176812016
39627739979844153 -2585.088884344806 -1669.9112482479875 -102.19925484141386
39627770170444410 -3557.7878857079077 -2254.971840211045 -54.791064312553836
39627770170444286 -2916.2967754322567 -1847.9831580861678 -44.99866978646516
39627746032225891 -2626.8514356558785 -1749.8745847765288 -90.15008161394297
39627746032225662 -3125.545360518153 -2081.3298441858615 -107.10102664411359
39627739979843521 -3553.774022308653 -2293.244370428622 -139.86106770239428
39627764139034924 -2681.9767290874147 -1732.1074549679156 -56.80404692178505
39627770166249686 -3248.3665334225975 -2038.8587967777146 -51.50848198027714
39627758074073635 -3861.2222811026772 -2363.1704829159494 -92.94220382963567
39627776206048722 -3388.999481503633 -2131.3006853889196 -27.733654541644015
39627746011251076 -2525.5975470733833 -1594.679573186306 -94.99553815103633
39627758090849109 -2688.9131072341415 -1705.675042978306 -64.94751555318071
39627776206048698 -2682.175584189591 -1686.7337060189666 -30.43241920718713
39627758086656729 -2435.6388964175717 -1535.928610606614 -63.98437455021998
39627758086656894 -2503.5407238548355 -1579.2094206229267 -65.92433610855363
39627776206048631 -3014.943367594557 -1895.7519662531126 -24.047796789230837
39627758090850515 -3667.339100586324 -2331.8115157083084 -97.34159289115074
39627758090849148 -2503.521500524355 -1588.1603176069932 -60.80404423726388
39627788306614232 -2471.585483193267 -1627.2233751204562 -3.1657913671320155
39627788306617125 -2456.584633885575 -1625.233918849174 2.2942160727654577
39627758090850257 -3491.2499835760223 -2218.8317773018816 -86.25507985656289
39627788306615439 -3402.7153348875117 -2245.248438653435 -0.9756786962300232
39627752046858580 -2935.112972370437 -1849.301143153037 -95.12465280260103
39627776197660388 -3433.758746820228 -2120.041847530749 -26.844504307716768
39627776197658932 -2919.547059074895 -1797.3145231601495 -32.33808912803978
39627788306614896 -3165.975854220088 -2087.225024233018 1.5943710800919693
39627782241653892 -3050.220773360441 -1904.3658463654376 -9.980457681262244
39627788306614375 -3735.57959208818 -2460.1796877975426 -3.724822614562506
39627788310806657 -2356.040422693117 -1559.654511064186 1.801825247107549
39627776197660566 -3065.194488605378 -1893.1160501092709 -28.931379366336415
39627764113869646 -3625.373082434233 -2213.2215268339123 -79.10962051330911
39627794346412423 -3240.7676823117336 -2133.702785342586 22.82487738114898
39627794346412249 -3002.0423225236227 -1975.8743556480758 22.590489483170387
39627764113869506 -2430.149270165481 -1483.0329778489295 -52.52184097571801
39627794346412217 -2408.6377423156387 -1585.2217686895822 17.96539885907443
39627776239602372 -2324.0202869304712 -1574.1652113254565 -25.27169090638231
39627758111818948 -3122.3619020475644 -2070.470751558124 -76.63281621666142
39627758111818570 -3186.2866371884306 -2111.6044034613774 -77.40208577648843
39627782245844265 -3898.533841176376 -2440.6432414701867 -27.287578673158286
39627758111818458 -3481.1909751801068 -2306.6286888665586 -83.51942117253515
39627758111818107 -3185.919743986538 -2109.761688469465 -76.56438097940746
39627776201850948 -3760.0730665907477 -2327.0985484041544 -40.96762980359641
39627758090848890 -2551.227067680421 -1617.7165107275887 -62.64904410424929
39627764155813291 -3857.719002161703 -2592.1300881146117 -71.88493461886446
39627776197661335 -3923.3744712740645 -2426.7773578434903 -43.248270667920096
39627776206048929 -2863.1427921350946 -1801.3385547735272 -23.710403748783662
39627776206048979 -2791.3660306641214 -1756.355313366329 -23.233321146965746
39627764155813526 -3189.939223919231 -2144.1397459440195 -60.312114992005405
39627752059441040 -2573.0605261751675 -1666.739647725103 -82.02481199093059
39627788302421160 -3506.898393185184 -2290.457087902399 2.2482069248286503
39627752059441249 -2575.7620325093912 -1669.0125534715885 -79.97458096926219
39627794342217649 -3124.614268805711 -2037.41989809397 23.797035405669956
39627764143229372 -3546.158178999146 -2311.9551135142306 -76.7372343386935
39627758116016928 -2851.1292513095473 -1921.3728968100156 -68.1201415076579
39627776197661514 -3047.534992681908 -1885.8070372153334 -33.618742174969796
39627788310806704 -2797.5390874457717 -1852.0445669583344 1.1465664009337575
39627770157861226 -3459.782833322149 -2129.189141013458 -56.14746172243477
39627764143231546 -3126.0162073551473 -2045.1390083241336 -71.46182019807934
39627758099239393 -3388.114074356121 -2194.4090376140184 -87.88755557551579
39627758099239601 -3845.126132113629 -2491.4818737287433 -103.68003742885166
39627764143231675 -3636.3426653525007 -2379.540525383253 -81.59206249402567
39627758099239636 -3725.8470877805485 -2414.3917310282304 -100.50150127088763
39627758099239743 -2110.8248022991766 -1368.0886874220228 -58.118246610966615
39627764160008630 -2586.972107852759 -1758.45066373618 -61.22253761944349
39627752059439438 -3147.166375782378 -2033.0623506306406 -97.02369770263552
39627764160008756 -3156.235634809474 -2145.8466133738975 -68.08818496447255
39627752059439030 -2673.38396923151 -1725.8927499161641 -79.28727106098667
39627764164198492 -3180.418162846044 -2165.7019885880522 -59.92805109441652
39627764160009254 -3792.454344042151 -2580.5585634667264 -71.28459390776267
39627752059439255 -2831.371140336283 -1828.542874342442 -88.2037106701987
39627764160009197 -2600.3797709108817 -1769.1953974519356 -48.15114759165259
39627776235409557 -3417.203081583256 -2297.762667226846 -37.53289896090516
39627752046855259 -2944.728890948215 -1844.060374241799 -89.56118379963912
39627752059439367 -2569.530527654775 -1659.7311776262923 -79.42934745045544
39627752059439324 -2509.560354682783 -1620.8844915789625 -76.78517688923709
39627788315005573 -2488.9891155858527 -1674.0971437479118 -2.346904450510231
39627776197657598 -2327.9651993931093 -1429.2878560853553 -19.821835674727364
39627782241651577 -3731.4977012853687 -2320.487012940656 -16.540775134358636
39627758074074062 -2730.136102863069 -1672.1140583781685 -66.1190136028416
