data/coord/ELG_10_clustering_data.ecsv
# %ECSV 1.0
# ---
# datatype:
# - {name: TARGETID, datatype: int64}
# - {name: X, unit: deg, datatype: float64}
# - {name: Y, unit: deg, datatype: float64}
# - {name: Z, unit: deg, datatype: float64}
# schema: astropy-2.0
TARGETID X Y Z
[from data line 12696]
39627824604121772 -3648.912771976157 -2736.0577689213646 121.73183101144542
39627824637673667 -3330.6874212334537 -2673.9801902270533 106.36484322602234
39627824633484028 -2979.7785351027655 -2391.424872772204 95.25258125101071
39627812558079904 -3076.5076789090294 -2477.6858861786786 72.61358207667821
39627818602070839 -3469.5866931510564 -2813.032634676283 89.09176188174636
39627818602070925 -3463.124051294868 -2808.146889993667 88.0437284973776
39627818602071811 -3057.5329165298913 -2482.711567708756 79.60470661324324
39627812549693144 -2939.583032216257 -2332.6209917505034 60.1776653036294
39627818602072010 -2098.5323930050754 -1704.5393009699446 54.87738571820826
39627812558081454 -3044.072108194123 -2458.3605844419226 73.32244403998111
39627818602071674 -3588.167945396839 -2912.8989963498198 92.5594611426204
39627812549693572 -3535.647898381165 -2807.939086312538 71.39552826556692
39627812558081348 -3290.100017035748 -2656.535278119496 79.56303014913489
39627818602074655 -2580.224966802495 -2105.3893608300377 72.3078011389773
39627812558081368 -3413.952471642546 -2756.66244822044 82.80828240396634
39627848809448506 -2178.048783386157 -1798.5376446322823 126.34915331884167
39627818602074127 -2900.1011304773356 -2364.2197120584115 81.14954424627192
39627818606264953 -2668.997554626741 -2182.396628098321 82.46836481156578
39627818606264662 -3188.5550683987994 -2606.220238128435 94.425273264522
39627818602074348 -2509.6343471364485 -2046.5951373526038 72.659286614402
39627812553883725 -2649.2119110393232 -2107.496912775663 63.697655084308266
39627818602074207 -3114.0332079650866 -2538.932426946852 88.06930185186526
39627818606265463 -3605.616890676831 -2950.267417230647 111.50421459160935
39627818602074380 -2720.7807620021995 -2218.8959326738564 79.8822712757036
39627830685864484 -2782.071037081843 -2289.9565064482554 110.44127459923278
39627818602071130 -2584.5401216698365 -2096.416146883427 68.90154790379003
39627830685864409 -3379.162982450258 -2781.0959869409976 134.7266979649435
39627818602072171 -3121.98723440639 -2536.4380824334876 87.28182037609177
39627818602073293 -3516.5563605995585 -2862.5020519758173 97.75983301623036
39627818602073868 -2814.154406216237 -2293.2109567212615 77.4362392519629
39627818602071683 -3187.00732410799 -2587.2823389571363 85.22443683312947
39627818602075391 -2688.9498993851316 -2196.6756504720006 80.45442121290475
39627818602073304 -3433.18175826187 -2794.685207959035 94.96504924892957
39627818606264412 -2813.716907138291 -2299.0499221786476 84.9491778836984
39627818602073255 -2219.07808577844 -1806.2307640878262 60.8461014462438
39627818602073998 -2433.9972798328126 -1983.8062527995007 69.31913107247932
39627818602074073 -2526.5812587478727 -2059.5422559211347 73.13371477361004
39627818602070230 -2834.3222026365515 -2295.834259353158 73.90853515202339
39627818602073089 -2613.8689222204257 -2126.8922641208005 71.79997552723536
39627818602075033 -2968.0335013177073 -2423.49254667302 88.8241385349872
39627818602074577 -2363.883132915577 -1928.5461861449894 68.25389454719193
39627854824082831 -2468.0526200949826 -1940.0553997395582 146.75166100051513
39627854824082376 -2838.281242210122 -2229.4324468344107 171.11302569147048
39627854824083107 -3466.3419418239964 -2725.971959371603 215.18484284370552
39627812532917439 -3218.19891587588 -2468.4772138031767 75.92409815307755
39627854845055189 -2271.9240737754444 -1870.2695141618585 145.38181846667996
39627854824080714 -2615.8044047764256 -2048.9434187538336 154.13556237138155
39627854824080667 -3530.9075014060163 -2765.477432907983 206.65665933485712
39627854849245902 -2403.62044071904 -1983.5402484981864 153.96390534401098
39627824604124204 -2452.6727844137577 -1846.677102050516 85.92267284847604
39627824633481882 -2556.6401866688097 -2042.4706474851398 81.98095121512969
39627854828276660 -3628.497291957084 -2876.795717530479 221.1178735580575
39627866912066303 -2092.6487531243642 -1690.088837689607 148.55213505782163
39627824608315599 -3032.5861995416585 -2296.667671481574 97.03029314788634
39627854845053514 -2302.176405070208 -1890.0479136856745 147.32183324613226
39627830639726310 -2531.697976850342 -1884.8918628781068 100.28780875542175
39627830639725814 -3338.0237585606633 -2483.262325510209 131.8706490554222
39627824608315736 -2899.9282041565234 -2196.8161976466736 92.55407496238533
39627824629289411 -3455.5776378745254 -2745.036327914068 118.33511671577038
39627860884850904 -3432.922569080504 -2815.229337448668 223.86573781029398
39627854828275113 -3426.0862436253155 -2707.511320784526 208.03858597834133
39627854836664439 -2456.231322007711 -1978.0678847731688 153.30974431694852
39627848801063494 -3345.8047220943017 -2731.612694408606 182.96039210685382
39627854824080513 -3438.171594817445 -2691.9946243495815 208.29063836518625
39627806509892281 -2650.330959775002 -2091.217486528347 46.87118542860048
39627812528721536 -2151.2939812307727 -1631.7158405573814 48.78940102363515
39627806505701677 -2129.786710559488 -1675.071730889151 37.79653963158908
39627806505701392 -2664.61509963056 -2094.8729387261164 46.021330868168555
39627806505701193 -2657.4201551372216 -2088.6095494010415 46.22732959936009
39627812537110125 -3371.3407167974956 -2602.991703956898 78.15475316022095
39627824604120663 -3120.7882582962125 -2336.190664343986 107.23064980386015
39627824604122084 -2789.711195265936 -2092.7759312988055 92.1003544258861
39627806509892059 -2506.6653971001538 -1977.249749167062 45.88155829853632
39627848805256517 -2419.3265305904733 -1988.4449508662146 140.22656978836991
39627806505701914 -3298.903745242158 -2595.5691804076823 57.28601276801264
39627806509892817 -3268.613534364384 -2581.204837151903 61.45520487005303
39627824604120381 -2519.5605308507033 -1885.366278168307 84.67349748155165
39627806509895546 -2516.584823266144 -1996.0960285486697 48.063258886644
39627812537110179 -2298.487904798006 -1774.8240104479662 53.82694844631975
39627812537110245 -2683.4062751311517 -2072.2743017161365 62.30086932546663
39627806509894393 -3351.0513901574036 -2653.1276380227355 63.92941363579878
39627806505698600 -2319.3431780643496 -1815.7945675967676 41.93430634034672
39627806505698031 -2362.162566238848 -1847.7009166334844 42.64772855525619
39627806509894354 -2491.62852459848 -1972.5678726572773 47.35661784811495
39627806509892098 -2311.020936449394 -1823.0122575576952 42.78004822650701
39627806505700447 -2657.425424353726 -2086.1709576150533 46.760834687338466
39627806505700579 -2657.6896028742694 -2086.795856166734 46.47322790397884
39627806505700696 -3302.5322937039773 -2593.5849523569036 58.72672588908261
39627824604121803 -3351.052532384916 -2512.823624807267 109.96362531721971
39627830685862787 -2266.420451449134 -1860.405033934814 85.38253336967034
39627812549689681 -2802.654125040591 -2210.4530984907633 59.12613499134413
39627830685862797 -2989.8002691022234 -2454.2293625527695 111.90977612614753
39627848780092166 -2797.055425033599 -2182.479343707329 161.27573316373937
39627854824083742 -3004.775139051782 -2365.3340868476935 182.45849318813424
39627848780092564 -3469.114793453253 -2708.7776461049 198.9600579963747
39627812532915998 -2839.7759401316757 -2173.4084572694837 62.061496771000414
39627854828274768 -2548.847775860032 -2013.058591849177 154.28531391924682
39627806501508064 -2694.2599120750947 -2103.658711478735 48.030229949217095
39627824599930892 -2769.944948521484 -2068.378645965472 94.0931718554276
39627812532916528 -2291.0784328338013 -1754.8190578166286 48.797437607095915
39627812558080516 -2235.730889757924 -1802.5829576326391 55.862818568555184
39627806501505897 -2523.7768677648482 -1963.4245633129367 44.738344087962645
39627806501505499 -3508.4156576057267 -2727.6136976761677 60.242167812936984
39627806501508300 -2647.180494404747 -2067.7026788063163 47.79560903338856
39627806509894248 -2356.742106205133 -1865.4639469961285 42.317518230336624
39627812532914597 -2649.0402211520513 -2022.1686454525095 60.344133295736256
39627812532914565 -3190.1127721685643 -2435.0602058492927 72.95942931770539
39627806509892739 -2355.9967636717356 -1860.3103137052153 41.61935970022739
39627806509891659 -3645.4326158506933 -2873.906646438668 64.0875894044196
39627812549689785 -3338.972468397959 -2633.8234859738427 66.26746512325107
39627806505700186 -2376.8167202547256 -1865.093935198781 41.16713620163165
39627806505697534 -3030.6351300964593 -2368.7864913809353 52.01233844234621
39627806505697559 -3040.162236426752 -2376.3313141917197 54.35435408471267
39627812553887982 -3315.260571634271 -2657.5951805504956 76.42739960116094
39627812553888582 -3206.7064042457073 -2573.267322893499 73.72465293359805
39627812549693341 -2262.461299533053 -1796.00172707757 44.69606286308982
39627812532913078 -2882.7685310531606 -2195.281055742062 70.19217938392677
39627848796866200 -2466.5078450965357 -1985.1927669324016 143.23318727124354
39627818602075291 -2712.3713062579423 -2215.5084766922873 79.1224734368145
39627818602073637 -3078.137988489415 -2507.165233946644 83.75486262889068
39627818602072854 -3034.5575591259226 -2468.001438281988 79.95794084081658
39627812558082315 -3410.9154234783623 -2758.8749466567347 80.57363448557024
39627824604121292 -3164.8610653829824 -2371.4617044265606 104.47261783683801
39627812532917570 -2318.579260236028 -1778.7099159299348 49.37075721471031
39627812562272403 -3010.3155492152264 -2438.2547960333072 74.27576948684221
39627812558082583 -3042.625101751795 -2462.3892915941806 73.08018210932937
39627806509896530 -2953.7082560645986 -2346.2407699200367 54.901138920539275
39627812562272576 -2857.7542396034596 -2315.4523508263596 70.36424810544301
39627812558081416 -2621.6634616117162 -2117.091595508136 59.43626035593777
39627830685863942 -3451.5157169921167 -2838.321907154654 133.84634375535975
39627812562273129 -3371.731622149175 -2734.4864782498803 84.5961040097431
39627830685864530 -2185.173048754318 -1798.7703943815748 85.41456510773739
39627830685864044 -2782.115617122291 -2288.290679042371 108.08048067093947
39627812558080844 -3445.116030551913 -2779.415062147878 76.8561254949059
39627812562273445 -3367.085976296796 -2732.2070831031106 82.68881456932951
39627830685863388 -3373.0523901544034 -2771.3640512212796 126.56153288117767
39627818602075377 -2779.8466156599543 -2270.8708266787858 81.22543201332735
39627818602075180 -2097.9339367112116 -1713.3931751803389 61.73514652244995
39627830685863030 -2282.500121611404 -1874.3565699082044 83.81820046559012
39627830685861743 -2645.015239368477 -2167.5554674807377 98.29142700539867
39627818606264456 -3185.5045120419477 -2602.9906318013436 93.87748265176332
39627818602075292 -2778.299098273433 -2269.3616407859477 81.32969586541421
39627812528722440 -3412.0057348897676 -2592.473356721192 82.48314712784594
39627812528722173 -2949.015107718594 -2239.610370755354 71.07843285238778
39627866882706380 -3110.802287724208 -2358.050186968255 217.90270991392205
39627812558081352 -2617.712818291764 -2113.6470358218357 58.19752313699448
39627806509896023 -3259.3973845514197 -2587.1151814595037 59.03048963761036
39627806509896074 -2485.011806262364 -1972.6011953523275 44.12363898744448
39627806509896664 -2006.7608054367886 -1594.4199076886414 34.72098952559047
39627812558079218 -3046.7026606142576 -2450.877192704031 67.2477821162063
39627812528721467 -2142.1590194171226 -1624.5957699657542 52.39201238553405
39627812532916708 -2858.6147301847836 -2190.150905236777 57.14856838089013
39627806505701936 -2657.122893634961 -2090.704815788551 44.883526154029155
39627806505702639 -3128.466014986158 -2464.1457554847343 53.73470382044701
39627806505700415 -3118.876624502923 -2448.3041110078116 52.34661829449912
39627806505700809 -2656.1787323430526 -2086.3386471667663 44.61205232415167
39627812558078934 -3624.1252428424177 -2913.748878317794 79.83195844518875
39627806509893874 -2979.2922567957535 -2356.874177353808 52.628047330215225
39627806509893933 -2973.273681453818 -2352.3005979406867 51.554379867225705
39627806509894641 -2963.4993113519777 -2347.281102424442 50.89737094618585
39627806509894693 -3439.7764325421717 -2724.702271986978 58.655939324518485
39627830685864300 -2266.0442230109907 -1864.614421664353 85.3278953357757
39627830685863968 -2566.997568422262 -2111.0764402856034 96.82644281798622
39627830685863426 -2504.6985201272305 -2058.060167449098 92.5684263817123
39627854849245558 -3506.8191138335615 -2892.3268845989223 227.4418962297418
39627848792674949 -3035.542386933389 -2434.099577819588 164.421907403623
39627872922505916 -3471.981696414822 -2689.329630379117 268.4064883029977
39627836708883523 -2347.10905104951 -1859.5482017755364 106.37446941183725
39627836708883503 -2164.648456127704 -1714.9344406903365 97.96177685239917
39627836708883571 -2463.5720466568655 -1952.0020701995122 111.57463831313123
39627848805255761 -3496.4586257684346 -2869.8454050599753 191.51564942403263
39627836725659101 -3572.081912137345 -2925.5645927731143 170.00174518643675
39627818576907480 -2142.499216598038 -1652.657867382107 62.35836808273353
39627848763314143 -2630.945810855236 -1978.2318407457037 145.42340798438588
39627848763314105 -3435.8271645880295 -2583.246495181022 188.42540552614128
39627848780091754 -3021.902986562282 -2356.3654718144257 167.18576839627457
39627848763314325 -3443.538681941376 -2590.025213324996 189.09557379159546
39627812549694416 -2933.258819528263 -2333.1744607833502 72.36676454977403
39627836721466456 -2411.4355035713193 -1963.7794130443149 113.51718614084984
39627848780091531 -3182.313505598029 -2480.5500188188153 177.91333936998072
39627812537107366 -2880.087417206596 -2213.421290208835 65.78339804132018
39627860889044350 -2621.694034648774 -2166.6120919638615 182.11959932824925
39627848792673952 -2403.540321653265 -1923.760403501987 131.0507694854841
39627872922506042 -3297.9622725111244 -2555.1868985830747 255.02274229385648
39627878966497446 -2721.847548128022 -2164.564819948463 224.49646871776787
39627818576907008 -2935.679918473516 -2262.9036362897637 84.92429900598043
39627872947668340 -2437.605777503141 -1982.1068451467384 190.9083216946306
39627848780092916 -3421.034259910011 -2672.667143007977 198.69019910135376
39627842740294325 -2519.6117239434366 -1965.5512962375908 132.26392830157747
39627854824083054 -3495.538260432914 -2748.719055796412 204.30001935727782
39627860884852987 -2524.6132463334056 -2078.302411603806 174.05489830276477
39627860884853346 -2755.7737544893866 -2270.1669825467534 189.3460614236559
39627854849245385 -3265.0333090774857 -2692.2460166352957 211.920728372316
39627854849245396 -3264.6531412914837 -2691.978390085435 211.90501075714994
39627860884853559 -2087.823144824551 -1720.5730104373815 142.79519874654548
39627854849247379 -3550.171867694339 -2936.8204626847614 220.32034649732964
39627812545495476 -3145.7369773320506 -2459.2422893482267 62.455169360937205
39627812549691961 -3497.5013210112293 -2769.954001502043 69.52222559921937
39627812558082622 -2547.0006706200434 -2061.4105670694807 64.24709089782576
39627812537109056 -3374.6992629749493 -2601.0387022990744 72.50588857537542
39627812553884911 -3306.0543699955733 -2635.622772100918 70.60534653443666
39627830690055981 -2760.4178090508926 -2282.2024697848237 110.40656430229458
39627872947670389 -2860.117134275464 -2332.739068245658 225.2581481567459
39627830690055534 -2995.0527205758663 -2474.433788436765 119.08800798163502
39627812553884746 -2606.1137491893373 -2077.0296631573556 53.462160832516496
39627854849248034 -2548.400340876897 -2110.340114757141 154.8455672314268
39627860889043981 -3121.7302983911554 -2578.2897600863403 210.42769341046179
39627812553884882 -3238.8085085072307 -2581.8689835690498 67.51777383005508
39627848784284021 -2358.3790306281276 -1849.2238827419253 132.98473546013625
39627854845053848 -2639.526740456615 -2168.1409661035254 171.43653074385426
39627842731901810 -1808.8847593831194 -1377.5234662921293 93.1216108305306
39627848784283708 -2455.71952321231 -1924.803367160852 138.99816194016552
