data/coord/ELG_3_clustering_data.ecsv
# %ECSV 1.0
# ---
# datatype:
# - {name: TARGETID, datatype: int64}
# - {name: X, unit: deg, datatype: float64}
# - {name: Y, unit: deg, datatype: float64}
# - {name: Z, unit: deg, datatype: float64}
# schema: astropy-2.0
TARGETID X Y Z
[from data line 11628]
39633410683044191 -1409.1630869478 -211.05265958401353 2674.5640621615757
39633402013417882 -1793.983384022143 -213.40271068844766 3279.931257824505
39633402013417969 -1713.915407975507 -204.30950861021196 3133.712699227952
39633399081601242 -1772.5801338626513 -216.92823304437354 3227.028834369855
39633402013417558 -1513.5186645775862 -178.73423451769466 2773.307048193039
39633399081600256 -1093.9540485294285 -131.44784026117165 1997.5441482458518
39633399081601238 -1772.2985541089538 -216.8710092753878 3225.3881696188687
39633402055361562 -1781.0727947256985 -380.0420512643523 3314.0627617248942
39633413505814044 -1871.0204573454432 -225.88497055360884 3575.2558350192307
39633410695628649 -1587.6159536740586 -290.1594982452938 3039.2699639618104
39633416324384090 -1188.1138210627873 -149.51562452162983 2312.5843189498883
39633399081600336 -1783.8845161057175 -214.69073549883274 3248.786400760061
39633402013417672 -1970.4443959794298 -233.40888796173274 3623.101557459955
39633402013417661 -1708.1849731747493 -202.27418680133832 3124.802861845248
39633399081600259 -1345.3026092347116 -161.65753531800593 2454.774032332863
39633396133003917 -1626.2527167872613 -220.51873119060372 2916.469771826637
39633393155048211 -1488.5462699820523 -201.15518192631788 2667.252218985683
39633393155050066 -1996.4423914856886 -278.15542591150756 3568.73374187795
39633399081600046 -1142.2081076613258 -136.58777250157445 2085.119258263199
39633393155049951 -2075.9727309837135 -288.73113136631326 3714.6649298005173
39633393155048087 -1483.2457881163402 -199.96400594027966 2657.0469358793907
39633402013417974 -1716.591050991935 -204.64842136253696 3143.422680017404
39633393155048187 -1463.5971145451279 -197.69843623967944 2621.8627912286474
39633399081601401 -2138.1393704837183 -262.57305953543636 3883.2693141535547
39633399081601490 -1421.3497897321604 -174.9266578282433 2574.9191024815873
39633399081601221 -1581.099488051161 -193.4000239147595 2870.938489441121
39633399081601216 -1743.1379421090157 -213.19847886167435 3162.487856422338
39633399081601214 -1618.724615139251 -197.96897285804755 2939.019888449087
39633407801558894 -1921.136611942161 -221.03009786838984 3612.2784755605644
39633396133004022 -1352.8921255371636 -183.74620503824977 2425.5246250066684
39633413535171943 -1731.6574034764767 -317.14619473243033 3338.9895423435687
39633399081600973 -1431.2254260320892 -174.2723250808056 2601.1061573062743
39633413535172093 -1309.9495580527039 -240.50873016946588 2526.3421845741022
39633399081600465 -1715.4638679187342 -206.99970397239707 3129.9402008840298
39633399081601533 -1671.8632509637175 -205.92540181069464 3035.6027750667154
39633393155049501 -1453.7753189794473 -200.66737165884697 2599.1281335118756
39633402055361617 -1677.3436197921997 -358.1192304024015 3116.7441147969953
39633416324386562 -1877.6700652057325 -246.5030576333546 3655.3498771518107
39633419117791022 -1372.893504634423 -176.45120021370207 2675.755626419012
39633402059555998 -1805.6231447605312 -403.14059452945236 3380.620096251355
39633416328577703 -1678.825582268561 -225.31375448214888 3259.9410289700136
39633416328577735 -1889.282200906334 -253.67348406060137 3667.64762087288
39633419117790904 -1894.7675841295625 -243.08682285170815 3692.4447321771436
39633402055361554 -2132.7247670085753 -455.00684119648474 3964.023502541319
39633402055361584 -2050.0254601451247 -437.55584935977316 3812.9461682668707
39633402055361721 -1927.82460501635 -412.07604402058973 3585.020568156503
39633419117791359 -1513.3234844320448 -195.71134069680292 2951.912657609722
39633393155050676 -1424.8229261072356 -200.60154889228522 2545.403686630367
39633399081601754 -1940.4191749133613 -240.24529594431593 3527.796889762011
39633413535172208 -2098.620462351158 -386.1304161626611 4047.504115750751
39633393155050257 -1756.7068964627858 -245.57640586345502 3137.9689051897712
39633393180215890 -1845.1534781942437 -359.76185698848275 3323.54956860666
39633410695629305 -1338.4085337144916 -247.31039349705577 2570.8373598028074
39633424650077440 -1865.3866806870124 -294.94163958230524 3742.7292566357432
39633393155048521 -2022.0321400120188 -274.8169299307025 3620.126464202947
39633393155050758 -2166.988654636523 -305.50004614502126 3872.0564405666373
39633393155050673 -1871.6721116906251 -263.500257273518 3347.691709647334
39633393155050731 -1544.368204373957 -217.61188176760237 2761.835921427001
39633410704018532 -1666.4889304333542 -342.45706944452076 3189.689600272101
39633407818335249 -1292.4974550060656 -193.95472170409644 2431.4614455844703
39633393163439792 -1948.314041867906 -310.8805185720536 3482.179382242686
39633402013418118 -1844.0104218638287 -220.40162200433852 3369.9723021621144
39633390168705817 -1958.269047954967 -326.8407393180125 3477.4217622993865
39633390168705581 -1692.9098084282318 -281.3936934572409 3005.568415236673
39633396128810938 -1347.1613711367377 -174.79356322197677 2430.5292526164176
39633424650076822 -1297.17283858214 -203.53028840151657 2603.907897031696
39633421894421123 -1611.6084573699557 -228.64624604591737 3204.351203212054
39633413510005004 -1467.776880046961 -179.5469345021955 2802.0068548421677
39633413530976437 -1993.7045307310107 -338.5935199662547 3844.9271376285524
39633413530976297 -1907.9791789026865 -323.24709897208606 3691.912079195453
39633413530977141 -1817.9882714943842 -312.54457933671574 3495.9761218905105
39633416332774025 -1314.938231793008 -195.88743312695343 2541.9809504973123
39633413518396194 -1313.969376018414 -195.91103142044835 2537.3471804616697
39633407818334810 -2078.0388598436525 -309.39876576704415 3908.082150037687
39633404945237017 -2048.3302657822373 -361.8090759913895 3838.04009602227
39633413522587682 -1565.7232859064864 -235.35948799073688 2994.249549068383
39633416332773962 -1793.296854273743 -266.8412642709186 3466.4646633570555
39633402021807259 -1582.984651746449 -220.56753343328776 2918.1790591718004
39633407809949498 -1482.0547550012764 -203.9867865779937 2772.0625143641187
39633413518396433 -1938.8541751217679 -290.4536715958128 3707.054897626522
39633421898614524 -1077.6340020151783 -160.45994936589312 2133.24062246268
39633404962014500 -2031.5851208452514 -439.49503557705003 3817.8677260103173
39633424645885347 -1634.0034140549046 -252.87074835146356 3273.4734299481
39633413530976443 -1741.5327526671765 -295.7848036817842 3369.4176489334773
39633421902809876 -1272.404755389691 -205.53269532111258 2523.1299150046793
39633407830918076 -1403.5705836887123 -249.4671325094739 2657.101628797015
39633413530976478 -1359.023193086232 -230.9800861517812 2628.1268177357506
39633413518396214 -2012.976314985116 -300.2323200809231 3888.691379662093
39633416328580349 -1783.3352715038018 -250.98611504223302 3462.99231392745
39633413543561924 -1085.5520069383606 -223.880245780017 2102.161856224599
39633407809949439 -1481.4916902991852 -203.74962641735252 2773.486574930027
39633421894418663 -1886.405925538762 -254.94099258689408 3725.988750917484
39633396153977131 -2024.6465006328096 -374.227281976859 3666.9328873118793
39633419126179107 -1390.5750146313092 -203.68957043686518 2717.9244725457065
39633416324383046 -1866.9402510573798 -230.69305310132577 3607.6550000376797
39633410699822609 -1542.8608654436407 -295.5036766040677 2956.130138555734
39633410699822605 -1206.1543340674064 -230.992456450301 2311.518897769653
39633421894418544 -1435.7480702852147 -193.4982901231787 2833.6650426830056
39633390168706108 -1536.9745496930634 -257.79450962088885 2736.173763872371
39633419126179141 -1391.930670887774 -204.02159011732425 2719.3634076748576
39633413518395847 -1928.3629030675804 -285.1662241762653 3714.177641540326
39633402026003563 -1685.8710869791923 -260.548694407301 3112.4210525707886
39633421894422039 -1819.64091356316 -262.4098743086507 3591.079010782515
39633413547753828 -1739.3048702853118 -363.6352592905519 3386.689241207823
39633416328577899 -1375.7357820331727 -185.27978172768957 2668.0240900854246
39633421907004309 -1437.8579189197415 -246.18670182619906 2847.9325560015413
39633413518395613 -1946.389051462657 -286.31314732946896 3749.699229365464
39633399089988857 -2034.3484687835116 -280.79190459723003 3693.9808924084123
39633402021807730 -1771.0143057048865 -248.73325039928568 3258.7982335496695
39633402021807711 -1673.9916391966321 -235.03989945281995 3080.5340979493703
39633416328577948 -1511.3499081992559 -203.73895310028644 2931.329560325276
39633416341161419 -1485.3302690651476 -245.4124151031565 2886.1685748322357
39633407830918296 -1543.102861321738 -275.2957169738432 2919.1623837064385
39633416328577966 -1707.448236110771 -230.24814012749687 3308.2507200701248
39633416328577900 -1350.9351416791035 -181.94275738042631 2617.5326006425676
39633421894421178 -1480.747980069224 -210.31659726372493 2948.3292704674195
39633424658467050 -1906.5781450516995 -345.1959162110136 3846.49027801654
39633407843503121 -1703.7080116719799 -362.6920008079487 3252.3036110619305
39633407830919584 -1691.3536474605257 -307.1723224242378 3202.9466011577806
39633410666268498 -1771.8728102855814 -206.04213012964075 3367.4085237969143
39633410666267851 -1597.2236616777268 -183.05868188550622 3029.913459435067
39633404915879537 -2012.7454262390052 -237.64549527473451 3730.240490646563
39633419117789913 -1863.141661896873 -233.97707855153703 3627.8692418944675
39633419117789784 -2056.878721775435 -257.5311016841481 4006.0550245485992
39633419117789652 -1519.1276396162996 -189.57542144533218 2957.615614962378
39633404915878236 -1674.9245915013364 -192.379715013746 3097.3579264437058
39633413505812987 -1358.805818639754 -160.42623428056956 2602.804591781494
39633396128812280 -2168.5615392111117 -288.61688281073805 3915.488479877949
39633424650076905 -1935.8183819459452 -304.0442112035407 3886.7759655577124
39633416328578804 -1758.1698772097063 -240.77546501861113 3412.3435429639007
39633416328578854 -1375.1233036619208 -188.47636360171816 2668.7573688866805
39633410670461316 -1370.8427630039168 -166.64638993457527 2609.514981370742
39633419117791401 -1830.680778601964 -236.91056766269307 3584.499287258316
39633410699823824 -1220.9627455156758 -238.06429679376006 2345.538675406123
39633421915392075 -1060.6771451874897 -201.68342740907823 2107.8356029736947
39633396137197879 -1904.3514738070974 -273.46598905385355 3425.461276797369
39633410699823907 -2100.8123226841385 -409.9741121864669 4035.701013958208
39633399094182955 -1753.1187540318099 -258.1572317052742 3199.9475684336
39633393184408004 -1493.979107230847 -295.33680780536173 2697.472015423204
39633404915878663 -1426.0495174917946 -165.17912132304122 2631.3829557085533
39633399081601054 -1696.256091461975 -206.8059234473376 3090.882196231831
39633399081601017 -1696.3626177386 -206.6973052207212 3091.5002035126154
39633410666267493 -1958.1687557006667 -222.67706288678397 3691.0957600352585
39633404915879428 -2028.9894638721223 -238.95018878863144 3760.0803155537133
39633404915878697 -1985.3999466295036 -230.09156342630675 3668.6600594289685
39633404915878254 -1585.1709803594701 -182.13928341242567 2932.801141555569
39633410666268638 -1342.1100222458335 -156.65405718735224 2535.7430588127327
39633402013417648 -1340.4309425415297 -158.67495592962896 2460.3219259112398
39633410699823474 -1342.888439639261 -260.5055832245719 2579.213860981277
39633396133003657 -1426.8524642433683 -192.5466343301981 2583.496354986387
39633410695629926 -1935.0688994885313 -361.2613145621928 3714.97121002124
39633396133003642 -1506.251257408254 -203.21260485740424 2726.1609365207464
39633396133003638 -1397.305879078734 -188.50577596446396 2529.7230786515083
39633399081601336 -1451.7090364220255 -178.02507363890112 2651.416664461035
39633393167630974 -1670.4305006788577 -270.12896011473384 2994.250391840275
39633396128811794 -1667.9706179241878 -220.2524170730376 3011.1312506500035
39633419126179293 -1919.4687947154675 -282.0562257709754 3752.3227554528758
39633399081601291 -2133.466750763249 -261.4052937498081 3896.08270358014
39633410699823293 -1388.4732133449563 -268.64780159851784 2663.223215356963
39633396128811999 -1570.3242514228205 -208.0630417178162 2835.4489899391015
39633396128812009 -1570.1522262117699 -208.0706809507266 2834.975930331484
39633419117791072 -2000.2339316179412 -257.2811990209215 3914.2228529935637
39633424650076679 -1475.2708836878223 -231.00338542201493 2966.988736996073
39633416320191212 -1393.6909847607653 -165.95444860635217 2691.3278966376392
39633424650076394 -1577.668130562289 -245.88197253665896 3170.6052143469933
39633424645885544 -1569.6774814374048 -243.5856922483586 3154.0655962972237
39633416320191068 -1555.3041254458358 -184.7798921994399 3000.1132939631775
39633416320191393 -1492.4180610557082 -178.25949713575793 2878.4919636304053
39633416324383373 -2052.8910976238076 -255.20618501255757 3973.917324799896
39633410666267437 -1733.401185261146 -196.8565051501347 3283.355219502008
39633404915879288 -1504.8657130013764 -176.67798644997745 2792.4373017378084
39633404915879262 -1346.6235769577102 -158.00691742167507 2494.969795966295
39633413505811626 -1924.8645753158503 -221.3697443111167 3665.1383704810946
39633419117791164 -1519.3245829218597 -195.7440728778419 2970.679461739343
39633413505812705 -2092.305818277646 -245.72730257478008 3997.788969035689
39633413505812561 -1743.7598108595878 -204.1935440128165 3331.170198856194
39633419117789741 -1338.6714513406312 -167.45939054409635 2624.9014771101865
39633413505813148 -1584.3652529476406 -187.6137843001259 3037.032448426704
39633404915878968 -1374.0196631930773 -160.25050833436646 2549.700530403527
39633404915878894 -1812.2209556770736 -210.99961099465085 3358.610953113599
39633404915878653 -1372.6424040241664 -158.9615143348428 2547.8012571615727
39633396133004647 -1687.9966495758313 -231.93260051994915 3027.1086142388313
39633404915879673 -1305.9295050787357 -154.65875748648799 2421.7303454321195
39633416324383223 -1528.6407699246988 -189.4875245583909 2973.2342467414205
39633404920072886 -1372.2153520458226 -172.09344853216132 2555.7491507972454
39633393167630846 -1428.9773807379845 -230.6082633522216 2554.8613483693593
39633393180215423 -1497.653629914759 -289.94673518917443 2703.1003004745553
39633402009226273 -2151.9131855098344 -250.1757781250314 3961.882732050491
39633402009226580 -1547.2503855720265 -181.09410454091187 2848.824204647814
39633402009226728 -1306.995816066681 -153.4161618991448 2394.183352963614
39633416320191490 -1961.4794348367952 -234.67916313912283 3777.471424323815
39633416320191059 -1368.8378197556342 -162.60073429550073 2636.637220275809
39633393155048755 -1975.2551650926973 -269.5718281147793 3533.2942013824722
39633399081599925 -1442.55317039407 -172.03370271805912 2626.0122740860625
39633399081599949 -1552.0324447847893 -185.18711604331833 2832.456528470063
39633393155048687 -1543.9698354437662 -210.48459640260808 2761.3755092749416
39633402009226191 -1497.2693706067173 -173.78531969001176 2744.819449078601
39633390168704151 -2043.4362983849915 -330.81612070118086 3632.3088926354303
39633390168704196 -1901.6108372355775 -308.1486328176768 3381.2730741950404
39633393159245805 -1923.29435811193 -289.4702828107843 3421.294379948729
39633399081600449 -2131.8458955508677 -257.1207925746125 3876.0046975506566
39633399081600520 -1517.9014339306605 -183.32109930478873 2758.502148710362
39633399081600781 -1547.163015056767 -187.77575195392393 2816.7694051177264
39633419117790691 -1613.3073384388008 -206.04776194890638 3150.0393008438127
39633399081601514 -1774.1786810607423 -218.45642516708276 3213.453070856545
39633390164508970 -1617.121640676757 -243.47944123013482 2875.5647710082903
39633399081600434 -1581.1139859401394 -190.6564828581582 2874.0664333161385
39633399081599737 -1580.3778750337672 -187.7739325976927 2882.696900793979
39633402009226765 -1717.8454373418201 -201.7916308230223 3138.859604004994
39633404915878156 -2095.639141668048 -240.33445237608626 3879.460576919722
