data/coord/ELG_9_clustering_data.ecsv
# %ECSV 1.0
# ---
# datatype:
# - {name: TARGETID, datatype: int64}
# - {name: X, unit: deg, datatype: float64}
# - {name: Y, unit: deg, datatype: float64}
# - {name: Z, unit: deg, datatype: float64}
# schema: astropy-2.0
TARGETID X Y Z
[from data line 6096]
39627812574855688 -2408.403760700138 -2004.4657448879886 52.268394724758146
39627788390502663 -3485.244414868089 -2767.1366880264795 5.683559242788054
39627812570666527 -2444.313378107936 -2031.3609270290244 51.879993698512514
39627806535062841 -3156.344307068255 -2644.6989483897637 45.97155565441665
39627800503653077 -2652.8346910802898 -2262.873081618484 37.69378557027168
39627812570665553 -2557.490771296023 -2122.5957592144127 54.561175131260484
39627812570667014 -3290.513166380553 -2736.32803825315 69.93618053788276
39627812570666678 -2176.5665042027063 -1809.2265433369544 45.93743689587745
39627794472243598 -2467.545622969684 -2140.8814661606175 9.284974139292066
39627800491070027 -2216.4858494535783 -1841.0228445254484 27.180261977256556
39627812566471717 -2682.0817636377938 -2210.338853281968 55.48399117201012
39627812570663776 -3199.715232459503 -2648.617554795138 66.85364353232403
39627770300467650 -2220.4046419259034 -1868.963835900772 -42.023533583506634
39627788398888429 -3148.990774966791 -2532.4753352710595 -4.7729579488831
39627812570661318 -2515.6936475631337 -2075.252561989108 51.88628913725056
39627812566470682 -2520.059855683234 -2073.724401413623 49.845704670148635
39627812570661223 -2483.996916421531 -2048.7730023789477 50.29769739969627
39627800491069796 -3161.28696399062 -2624.8222539556537 38.871900967035586
39627806543450811 -2352.7218333028127 -2008.1609584444432 33.76396480539588
39627812570664345 -2750.772199246785 -2278.948015638987 57.33392296991702
39627776310907171 -2220.219214410233 -1762.786037993956 -21.733254998049503
39627812570664403 -2750.002075474159 -2278.526409346602 57.32090787831995
39627800503651502 -3476.3364918409347 -2957.421463098918 44.39784765758666
39627812566471771 -2530.3923247729285 -2085.5142990602576 50.08448579022016
39627800503651184 -2368.9135349710054 -2014.348227985058 30.6254831355723
39627800503652522 -2353.605408180322 -2005.6733381834445 30.96986624367061
39627812566471327 -2569.258186044646 -2116.0848168689763 52.06818733902548
39627800503653389 -2676.9235354602965 -2284.6137269785345 38.31931344085145
39627746128696921 -2797.8879649472046 -2304.1113887814026 -105.69777513717348
39627770308854957 -2779.9911084303567 -2377.319078930625 -49.779278026691756
39627806535060314 -3060.392474451234 -2554.997929836037 54.47074593420781
39627800474293339 -3193.6267122536497 -2562.16685295682 28.977435231886712
39627788415664610 -2657.96021043537 -2212.168804002196 -3.873228951076309
39627788398888342 -3359.9267632598994 -2701.74736892811 -4.402545832640705
39627764252283437 -2553.108130578982 -2117.9200849885083 -56.82490316166125
39627800507844820 -3214.141835517391 -2754.8827744378773 41.93250256114263
39627770304664122 -3489.868418588211 -2972.173531837272 -55.493476043149414
39627770313052312 -2699.0570148483566 -2340.1890890803 -42.33670210709326
39627764277445007 -2716.901554768103 -2362.6950609500022 -58.03537377070225
39627794463854394 -2919.8112050157442 -2486.0842591539267 19.84471994417625
39627770313049814 -2352.122377107964 -2031.8482639438146 -36.68873439779032
39627764252283454 -2362.9082873046095 -1960.176515918912 -52.20850187544582
39627770308854709 -2804.1150759756574 -2397.294410128783 -49.15902799860303
39627770308855211 -2723.2620121744285 -2329.511516022187 -48.7969458448048
39627758220875499 -2367.6802159641948 -2003.7850604022785 -68.13429428657145
39627758195705107 -2408.135579068052 -1920.3302311755901 -61.517368129620365
39627770304665497 -2374.5249198866927 -2025.7693806290506 -43.179112614364016
39627770275300753 -2268.7070881195673 -1808.4889185170223 -34.96979796799468
39627770300469520 -2935.0123959130588 -2477.88340343267 -45.84236965378048
39627752176878781 -2944.653743143627 -2452.759208292932 -102.58139014622977
39627770308860267 -3325.58149952042 -2863.5908336293423 -52.78646758173721
39627758229258902 -3243.6894547028187 -2772.887486660084 -85.25425114459722
39627746149667921 -3446.822727754923 -2967.6010620963893 -130.66125141259823
39627770308860178 -2702.8285487804396 -2327.0272685559607 -42.399444191051934
39627770308859921 -3197.795631032782 -2752.1527355036114 -50.561448471166685
39627770275300572 -2268.322041074744 -1807.6866898953053 -34.91320184193766
39627752168490990 -2969.2742478715186 -2433.050235798698 -94.0708583952288
39627770308854583 -2494.9843153708707 -2132.7149713716453 -39.72540581733465
39627764260672487 -2709.6697701844832 -2290.09243521207 -68.13602371990916
39627788419864780 -2498.5103088746187 -2115.0923732908286 -2.5838800619170748
39627788398887564 -2279.5883633299313 -1831.1084709977638 4.586725105821095
39627758216676589 -2280.2628633677105 -1899.6056944138593 -70.86534483275541
39627788394695301 -3454.463488759124 -2758.3124625860746 -5.154568816874564
39627788394698203 -3410.4926439816254 -2734.255061098913 1.8088864153361068
39627770308855726 -2208.0386245236145 -1889.9983588527118 -43.51872124805485
39627758212483122 -2409.6179645847537 -1992.086704588088 -71.03416490554206
39627770279494852 -2696.624938836339 -2167.966435362052 -41.074409766997405
39627788394698069 -3353.512369497862 -2688.098294172925 1.1837428587165646
39627752189463033 -2315.220845752189 -1985.3158864736101 -81.40898659755223
39627758229258469 -2938.308870865278 -2510.326290933049 -76.96572545508756
39627758212483482 -3458.380474016777 -2860.4814664552487 -102.31852093124095
39627746128693832 -3169.033827874865 -2599.692789187877 -119.56279015863319
39627764248085167 -2559.639691912966 -2093.2987891950283 -52.21560264948283
39627764231311005 -2452.3573604566222 -1945.3484142366976 -55.97847336591482
39627764243896226 -3054.209748805041 -2495.329065217078 -75.36679979404589
39627758220874905 -2551.7395339650348 -2157.675579787444 -73.1540452639564
39627746120306111 -3002.126973428087 -2423.5050899990365 -112.83036810090196
39627776344460136 -3504.9498625189594 -2979.115182612571 -46.544426012458764
39627770279494754 -3016.8708391263563 -2425.087958683647 -47.21887471725012
39627752189463806 -2485.3946648286615 -2133.6615184273455 -83.13649906705456
39627788403086835 -3314.374495636831 -2704.917640323728 1.7274169265207469
39627800499457231 -2150.562647485545 -1813.8412305179213 23.877646186789484
39627788398887894 -2768.257926819095 -2224.7382989443795 -1.9135822570274117
39627800495263749 -3228.9866336887953 -2702.614375768319 31.90644072594914
39627788415665371 -2009.5284214472283 -1674.5891154162418 -3.068317387775875
39627746124497332 -2447.594070347274 -1983.315483054007 -89.88523355475976
39627764252283630 -2876.703112311144 -2386.9678968027224 -63.14813724663464
39627764252284432 -3253.672642171179 -2702.634002908115 -65.6341171308336
39627770275304744 -2390.946404858764 -1918.176129672192 -37.24337032519652
39627782371675741 -2732.3763916344633 -2266.2280210918884 -11.97567841852392
39627770304662868 -3198.3846910964053 -2719.7065451767216 -50.362035403850555
39627782392644725 -3275.2774279205482 -2826.2357906504444 -21.523952862213964
39627788394698959 -2601.065397296886 -2087.5591766094876 -1.4446000214031525
39627794459658464 -2093.115477775421 -1762.0187767472219 10.720879509252198
39627794459658533 -3560.613756671318 -2997.671026013817 18.62546973638621
39627794459658832 -2455.4122560562414 -2067.897661692731 12.663949924741978
39627788398887372 -2573.560494755212 -2066.7235673012005 -0.7855190366087154
39627788398887664 -2401.590495983273 -1929.3745357163766 1.0187291531898472
39627758195705180 -2857.9333874994704 -2279.3306157072393 -72.52042762246386
39627800486874230 -3327.6516543529133 -2733.632798613232 43.807798364144524
39627800486873861 -3507.157215773185 -2879.310950781966 46.33404370178375
39627752164294952 -2780.249079613328 -2252.4213947965613 -100.42536152888974
39627764235502599 -2503.669051288751 -1994.4443072491538 -56.73798118881565
39627764252284336 -3110.894597877239 -2583.6619586539373 -62.5567670536761
39627788436637847 -2488.746212263539 -2170.4402226273105 4.818655529872575
39627770292081650 -3024.304924896132 -2511.123491831113 -59.768909944436544
39627788436638007 -2983.810968916551 -2602.7877507768053 5.130418093012347
39627776357040772 -3025.916566287902 -2633.2195572322757 -36.61446510418477
39627794447078141 -3009.568046329809 -2478.584416821312 10.02509032652168
39627740101480028 -3044.2281735646425 -2567.921156192426 -133.08760652591965
39627788407280700 -2659.805907656874 -2191.2805558804207 7.227184305792641
39627800507845058 -2825.802330961518 -2423.0473338215093 37.20340379598105
39627758229259575 -2155.441176389175 -1844.3622066956768 -56.63050597080363
39627746141277476 -3073.350469050828 -2589.2921948042253 -127.32135244881593
39627764252280155 -2458.6916745174835 -2030.816015549945 -49.090839115225975
39627806535062394 -2357.850496752671 -1974.1844463567663 43.57047448949648
39627806535062194 -2291.0054182870226 -1917.612357910151 41.7513239295261
39627770292077820 -2437.0073112917803 -2012.4092486965912 -48.21616072346188
39627758212484839 -2223.945961900931 -1842.4976262351413 -56.92736041515257
39627764273253670 -3461.81558021375 -2996.4106345261066 -80.85627070909037
39627788394698862 -2677.506224602487 -2148.6214182089275 5.5180826538432814
39627764231310422 -2534.0254608970263 -2008.387218909526 -58.50025899855057
39627764231310611 -2706.517364137641 -2145.7025778397065 -62.27774740736823
39627764231310979 -2560.5584933762866 -2031.0919709643163 -58.55371706582285
39627746120305694 -2268.020404441346 -1829.5703054246999 -83.17091217695173
39627776357040880 -2544.5865819684145 -2214.6897882788535 -30.957246602688134
39627782363285534 -3138.190126029221 -2547.316576318693 -23.232206511834665
39627770279496149 -2788.451925038072 -2245.7737155060354 -44.24675833579955
39627788394692808 -3480.223927571219 -2769.048096898625 0.44425315005387284
39627788390503589 -2158.537814780242 -1716.5214128706602 1.0384706854341637
39627806547641079 -2466.297843916288 -2108.7596804700433 38.251575864787355
39627806543450719 -2246.2855773190527 -1917.116328956124 33.4652353888635
39627806535058821 -2668.735180615656 -2223.9300255012786 51.666919646230156
39627806547641433 -2898.9096173866883 -2480.022176612018 45.94222516020489
39627806535058531 -2633.5369950013005 -2193.781496270423 50.71781343777013
39627806547640941 -2263.763855891279 -1935.1995702155752 35.93911940437779
39627800503649300 -3067.2365608282707 -2600.4853266526734 41.20543160874847
39627800474293109 -3168.16865320698 -2540.8773119424445 29.774086050831418
39627806526673398 -2544.6927266487032 -2093.2568583508614 41.58773531512354
39627800478487350 -2411.4868866215697 -1950.3542049153732 32.82032851709104
39627800474293319 -3220.3460609943513 -2583.543345597806 28.523062356860123
39627770283691718 -3039.9102590601947 -2474.918371625179 -58.04645716133595
39627794455464696 -3500.9998937302744 -2924.746145417617 21.83303204079999
39627758216677287 -2406.485028045909 -2006.5089147873664 -71.98442111208136
39627746128692178 -2340.6922425139114 -1915.0758884022844 -91.3295905457069
39627770308859241 -3191.0459624351447 -2743.5445384135464 -50.433999059185346
39627776323488957 -2337.479591624831 -1900.7116097481571 -25.566203673162853
39627758195706310 -2316.9122621784027 -1851.7080797175186 -62.35289879336189
39627758195706243 -3048.165779812148 -2435.8478150600963 -81.87224066900849
39627776310907531 -2755.8219185448725 -2189.534660855545 -28.43565482449698
39627758208293475 -2900.7006538715095 -2389.8273316013892 -88.03645870800597
39627746120306228 -2028.8886723163769 -1638.1587810144629 -78.5489366479332
39627740093093628 -3117.960558777104 -2592.0780967255555 -145.1557599270266
39627770279496246 -2563.677809767457 -2065.0219256307582 -36.17724839989928
39627770308853940 -2467.8719384885067 -2108.026025036151 -40.11368266860207
39627794455464724 -2481.152890594607 -2072.8596693386967 14.886490862584017
39627758208289876 -2903.6826371766538 -2381.104921404884 -87.10595991761971
39627770304665621 -3355.9870968262294 -2863.5654465308735 -59.29084208193545
39627782359094407 -2756.903383649873 -2226.827061844366 -19.008864538880175
39627746128692420 -1977.2412383923813 -1618.4061782053857 -77.04053750498359
39627770279496216 -2762.419850921383 -2225.0015852733404 -44.3480675484178
39627788411472955 -2735.5723235703213 -2266.905953557452 -6.549027668506297
39627788432443310 -2066.93064456555 -1786.4553415745067 0.8885497682668967
39627770271107395 -2638.842268343551 -2087.630558659802 -43.258951780375696
39627776344460477 -2608.6521419871024 -2218.336603367808 -37.1116656486162
39627758204093241 -3513.947601114218 -2848.651137551659 -107.67124086228505
39627782359094482 -2586.1713798543383 -2089.1592334044553 -18.16567780750983
39627782359094065 -2379.030091664128 -1920.7521310588797 -17.0641589805722
39627782359093823 -2285.4129200257003 -1844.6314548445494 -15.931227971168074
39627800507845253 -2930.76886419216 -2513.880909762313 39.37232833629787
39627800503650322 -2360.1629961640974 -2004.2276829478621 32.72355496232307
39627800512037121 -2459.792956906817 -2120.52931028739 32.00934264639762
39627800503650427 -2735.0393398990905 -2322.964208336343 38.7507820199981
39627800512036943 -3404.8866138498224 -2934.1758006261875 44.17158341368416
39627800503650171 -2645.3505488804294 -2245.82897362971 37.73334477176718
39627788398888659 -3290.8203822653195 -2647.4700330401324 -4.984621894893267
39627770317246832 -2891.1145210286236 -2528.7193887422927 -44.498881316808145
39627806543448734 -2650.9129056879347 -2254.71141305635 38.510946626868154
39627800503651512 -2363.510956349164 -2010.7354626054887 32.81571942214564
39627812574860421 -2709.799277958433 -2271.820930338652 58.75070399670166
39627806543446573 -3035.071375124165 -2571.180512875232 44.348974199848755
39627788398887316 -2967.481951511559 -2382.8666808573357 0.3338967090321871
39627800503650808 -2604.6735281444285 -2213.507163247656 35.63516819383976
39627812574859308 -2394.988966155835 -2004.160498997525 48.18304801893048
39627794442879509 -2989.5340445903676 -2422.673229170225 16.76068682171466
39627812574857517 -3114.0389530578304 -2599.0138488092102 62.97584453338996
39627812574858041 -2863.121255091138 -2391.4759159926666 57.53105764393109
39627812574857427 -3362.287868817466 -2805.8252898661744 68.15649990097869
39627800478485271 -3121.0087027522113 -2516.423277554965 34.31081781033723
39627794476435423 -2955.0395068483813 -2576.0964339682882 9.381443788830675
39627746120305405 -2627.923766016574 -2118.7913568556414 -96.6172415725057
39627788394695535 -2609.1403522651353 -2084.0130673756657 -0.9842420626031221
39627788394695614 -2611.0030221760785 -2085.7411303169088 -0.7658429790595218
39627788394695728 -2111.8843177223753 -1687.263608386007 -0.7576877858734337
39627788394698790 -2280.2998500042227 -1829.6077862372538 0.5286648593855233
39627788394698840 -2547.35951834565 -2044.0909699359602 0.8322606093129447
39627782392648890 -1948.4033470186346 -1690.9752376939568 -16.06288032309825
39627794463854270 -2787.875328351816 -2373.2731405333716 19.19680939885245
39627794459658407 -2628.6914928706206 -2212.663616324407 14.399174283257988
39627800507845639 -3306.0748521995597 -2837.5506626000547 46.45471373292358
39627800507846024 -2593.0950859992836 -2227.353404917164 36.611046057897845
39627788428253303 -3333.9827656273806 -2871.9291377631366 0.10693472880088253
39627782392643715 -2279.545244309354 -1964.391546857643 -12.866178510660676
39627788398888560 -2625.7603027894324 -2112.1303984453943 -2.916577139213687
39627794459658671 -2551.5430296666727 -2148.4567595267636 14.377116255868586
39627788398888727 -2981.9270860010774 -2399.153705945949 -2.8987085638738037
39627812574857878 -3316.7162676512216 -2769.627563306985 66.78853524231351
39627788398889026 -2311.392292961246 -1860.4276609423755 -2.0859561503495354
39627788394698582 -2604.665347093826 -2089.239525692807 1.3813433877992654
39627788394698701 -3442.533900217281 -2761.7972814443237 2.738215694087473
