data/coord/ELG_10_clustering_data.ecsv
# %ECSV 1.0
# ---
# datatype:
# - {name: TARGETID, datatype: int64}
# - {name: X, unit: deg, datatype: float64}
# - {name: Y, unit: deg, datatype: float64}
# - {name: Z, unit: deg, datatype: float64}
# schema: astropy-2.0
TARGETID X Y Z
[from data line 11003]
39627812549691690 -2339.6938931135255 -1852.1910234586353 48.12099513776754
39627812549691302 -2548.6787325636838 -2016.2462214351203 52.31870058504931
39627806505701446 -3485.5163287572605 -2740.4734936327927 65.71735213574048
39627812549690142 -2405.740901371045 -1898.9296172407733 48.61093937153382
39627812545497638 -2818.34841454781 -2210.8808127535426 54.974764019030935
39627812549691939 -2801.5226847181734 -2218.659506200118 57.463510493364886
39627848763314849 -3233.971406549042 -2434.833424919482 178.6094669218426
39627812545500123 -3244.661656184215 -2555.5381769075493 64.44632684788627
39627812545500097 -2969.4983044726923 -2338.7341350211336 57.875119196461995
39627836700494970 -3367.1253385214823 -2619.961001922817 146.3121269196297
39627812545496016 -2506.4902953381347 -1961.138669556312 49.15929391494565
39627812545499873 -3007.301468820617 -2367.6035925874985 60.49718389106615
39627806505699791 -2355.245772921576 -1847.053862169989 45.11703011109892
39627812549690244 -2709.9700824511615 -2139.5502929137797 53.84164455868167
39627812545499893 -3008.4213701154954 -2368.5660970782583 60.56293978146101
39627854828276218 -3239.14780976186 -2566.0936018599145 203.69280164541487
39627812545496497 -3143.075619375109 -2461.1530350498238 63.09811567057651
39627812549690445 -2605.0666967248053 -2057.481631993978 51.55199445845849
39627818568519534 -2223.2306199781488 -1687.8451171167965 58.010254235301836
39627812549690482 -2602.6906644393484 -2055.756157618734 51.344516502908064
39627812545495095 -2317.9977677880865 -1811.0677752299534 45.22303722137689
39627812545498581 -2610.321076898562 -2050.8475182097613 51.42633027765704
39627836717272955 -2250.250533878688 -1820.6136064884365 97.4219305021602
39627842740293126 -3046.2501075067253 -2372.60867324668 151.71515183953449
39627812549689792 -2656.1715454170994 -2095.2435923827543 54.627180210149184
39627836717272769 -3130.6247230968384 -2531.9952164838933 135.22961287130389
39627812549689969 -3214.854658859189 -2536.7642860286414 66.84904663329662
39627830685860746 -3074.6706557134485 -2515.5257761073767 116.487658236238
39627866878513463 -2665.0888630264935 -2007.775999387906 186.05461579447964
39627842740293094 -3212.377546633312 -2501.8769018068333 159.90770110764393
39627818576906900 -3456.4577094996466 -2663.8376696065866 88.88367755539517
39627830685863121 -3353.5207100507696 -2754.255716559284 134.88327157188937
39627830685862338 -2636.8463747927462 -2162.885726263044 103.10208996730618
39627812537110905 -2720.983809892089 -2103.706788490425 66.08820077866756
39627854824083448 -2545.25022224731 -2002.6783450854214 155.4617860612301
39627812553885580 -2962.801558564878 -2364.9612185343917 70.89478753889573
39627812553885288 -2515.702316480968 -2006.955989318839 61.58168235947514
39627866878513189 -3353.444692713454 -2525.298770441547 237.38060036218923
39627848775896175 -2647.1914494181515 -2041.9978470194856 147.8550525846839
39627848775895990 -2797.385768277383 -2157.200520842011 156.4782508158828
39627836687910125 -2348.001131620408 -1773.0848612729787 97.41663000459246
39627818597876377 -3309.368376101092 -2659.3653412167228 95.69146521741783
39627848796868565 -2776.887021314593 -2243.937256540359 162.22684154969153
39627818593682586 -1959.3649020752412 -1562.385427737633 51.35568290736901
39627854845052695 -2744.1774569044615 -2249.5695977563873 177.69451394352032
39627878958108178 -2493.5976746629995 -1944.4230601076742 200.6271757020247
39627818593682330 -2349.442107298032 -1872.388464813852 63.440156871722294
39627878958108110 -3190.886304882588 -2487.8807861732635 257.653737357425
39627812545499497 -3304.9438046393284 -2600.3736507479375 65.41697788686602
39627812545498850 -2997.409821423849 -2356.01326743174 61.09919333023583
39627812537109416 -2803.185883392127 -2161.7861461664925 63.075916158048344
39627818593682589 -3394.349411634066 -2706.652295090924 89.64068753754682
39627812553885837 -3311.8853162410487 -2644.9234816391418 78.10729631916533
39627812553885765 -3319.7188346518265 -2650.8549657667195 79.41457929082897
39627812553885221 -2114.846791797433 -1686.92902638735 53.10055416885821
39627848759119541 -3113.3226153170212 -2317.8129948204196 172.45035448329057
39627848759119625 -2531.877465460137 -1885.250583325573 140.030662474865
39627824608315514 -2260.26051546723 -1711.4667513766387 75.6291831397149
39627848788480280 -2573.3737177901667 -2041.7382413641521 145.28120603576886
39627818572714833 -2519.072006660831 -1931.0325449655722 67.91653635922295
39627848775898224 -2307.6037348650375 -1785.9157505142105 128.33673025461295
39627824612508313 -2306.6073771565716 -1755.6271040377958 78.47859860674092
39627824637673597 -1940.9704828173838 -1558.0897339231467 61.79504390879505
39627866916258869 -2206.3669309728803 -1792.666806763228 160.86649261332533
39627866878514834 -2928.074176160344 -2209.915572560257 211.29774325089952
39627836717272286 -3427.610844869324 -2769.658343496619 149.6131396191638
39627830685861176 -3260.927598144873 -2669.7164655256065 126.2218798354234
39627836683716927 -2833.116073117879 -2124.420977198971 130.306870147821
39627824608315276 -2328.770061556804 -1762.4997893574418 79.05765851968465
39627818568519289 -2224.4970347257977 -1688.0236093452274 57.417536651074556
39627848784286837 -3500.877263317231 -2757.0892983073 185.5502476694093
39627848788480041 -3436.403345941232 -2725.492082222306 194.67567827605086
39627836683717320 -2430.425902509854 -1823.761369305911 111.98196190104656
39627836683717174 -3578.9537927689153 -2684.8369312956825 165.46724126764752
39627848784287084 -2200.2573959594756 -1733.4585988452518 116.60548336867086
39627836683717221 -2848.4723808894837 -2137.061097993671 132.05789405555782
39627866878510933 -3042.041892314548 -2282.8917330015565 221.37938466930987
39627812549693927 -2188.1522387955897 -1738.8325853926967 53.19436668197266
39627824604124194 -2607.2212956273497 -1963.020774688423 91.08903105393863
39627818568517669 -2823.121698294497 -2135.8812368580584 77.0099101072251
39627866878514204 -2276.2999230494906 -1716.4456589968997 165.58230125509516
39627866878513936 -2923.433724064963 -2203.690946020154 213.0764838716236
39627866899482105 -2994.9103460351844 -2350.11863862161 213.95708850807478
39627818576904311 -3536.236302665596 -2713.8741411335277 97.9633227622187
39627836679523817 -2075.9922894308274 -1546.066412576276 95.79830080196236
39627866878512227 -3101.3719959297077 -2332.128647942558 223.555256712897
39627866878512219 -2555.0880735923142 -1921.3120586199068 184.34987648158344
39627872943475599 -2476.129590451546 -1999.4878527538312 195.6737492572537
39627842719321737 -2684.1059858020194 -1999.1858156499727 124.55041086945214
39627854828276414 -2399.644270605616 -1901.7582536834714 145.9666010961618
39627860851299810 -3595.7030139594517 -2754.8596834793398 229.5648042672109
39627866878513139 -2682.849930046857 -2020.1553027325733 192.03678776479535
39627854828277578 -3170.3032978436095 -2517.565005443245 201.9178548365131
39627824629289707 -2467.6796411368664 -1961.1101844361672 82.57003073081425
39627848780091523 -3460.6698464954 -2697.4855547976813 198.32798688746473
39627866878514372 -2808.7335961797453 -2118.3927630268367 199.1293914470521
39627842748682949 -2240.239805442648 -1780.369515417587 113.36291869626683
39627860876463792 -2771.3014303511704 -2237.1920042156876 193.43618041939692
39627836683718194 -3342.254304188012 -2511.7955447196414 141.80181488615327
39627848767507809 -2310.8946190824613 -1752.452414104903 127.6796161606393
39627824637678003 -3090.6650264288273 -2501.5985417589845 109.78626567708517
39627824637678047 -3567.665673842092 -2887.9563237649277 125.43885106174784
39627824633481686 -2536.5314899639425 -2025.6185748489136 81.8192820344562
39627830643917231 -3485.6928277118354 -2604.7232192900838 124.22485799518245
39627830643917282 -3354.109711066027 -2506.6492761837562 118.81343582190874
39627854828277514 -2601.796190572543 -2065.9002199325564 166.5798280237184
39627824620897039 -3016.25336277559 -2338.592057861402 97.75085989882906
39627824620897063 -3016.3034858137426 -2338.750931618444 97.85909270237163
39627824620897250 -3525.3200430242337 -2734.3046591717653 114.10822375567291
39627824620896998 -3262.860350416964 -2529.609729547672 107.36285284197736
39627824620896866 -3206.630037448392 -2485.466269825151 104.6427324823963
39627830660699115 -2141.7864531139858 -1671.8511106993449 87.34774457429648
39627836704686654 -2818.861893832682 -2204.3317445457683 118.12971799535926
39627812541305751 -2289.469861271419 -1787.5052501701398 54.23647472389987
39627818581098573 -2880.5535822926117 -2230.3807350975685 74.39656028696803
39627866912066252 -2841.6956583267906 -2294.8200741530386 204.9817848449431
39627830660696384 -2834.243868768543 -2202.8820678992947 117.21344421811568
39627842761264678 -3366.7757169049014 -2742.9993525598106 161.8144730116477
39627860880656588 -2209.2231124532327 -1794.4989694488916 153.72241836806538
39627866878513990 -2923.138058667099 -2203.625768898761 213.1472489405784
39627866878509864 -3682.5440967587942 -2758.5286202224606 265.7570449937146
39627818568517272 -3684.8004391146555 -2785.7457948005786 103.45970086561185
39627854798917545 -2738.234166833771 -2041.2666072222462 163.3906379272188
39627818568517308 -3682.2596573398023 -2783.983149578914 103.800459833793
39627836708882177 -2630.787369312378 -2079.592069574304 117.0385118984775
39627824599930843 -2521.065912316771 -1882.4228933310865 89.0803226315095
39627848767507626 -3510.567812022728 -2661.28739545063 193.79544310308
39627860851300908 -2442.346237820042 -1873.6631549105407 157.25177896769551
39627860851300133 -1894.6032574845378 -1452.134877705231 121.08525782261688
39627866878512457 -2138.891334067457 -1608.9453722977835 153.62868155514371
39627824604119103 -3497.810745963811 -2612.1170833568253 123.33629704625791
39627866878509944 -2375.954717542958 -1780.002055829059 170.4310453746289
39627860872270465 -3432.802019873065 -2750.3065405512557 226.32545102773287
39627818568520122 -3279.5572699915133 -2492.4744321027565 91.76986298107128
39627848767507831 -3514.28849568981 -2665.1720207807975 197.19158477172968
39627848767507873 -3070.9920057899203 -2329.180632351229 171.62486946177805
39627848788478291 -2937.758831610172 -2323.5871717173422 156.4773004219549
39627866912066046 -2260.7952926756707 -1824.9852272676317 163.16616906609477
39627848805255586 -3146.221166111697 -2581.595762762513 169.38563191008802
39627878966494718 -3020.2343138119663 -2391.687178274453 249.76285310725194
39627854832470228 -2856.46209911132 -2280.383464120454 169.47880337750343
39627878953910850 -2860.668124309174 -2201.1429738720853 230.6550210337548
39627848801060943 -2765.2673019344875 -2247.3944919787114 157.94261406110078
39627854845053887 -2646.2831228924288 -2173.797110305049 167.1579360205367
39627866891094176 -3196.715979937369 -2465.7431887392922 228.75532916419667
39627848788478665 -2937.6322440451777 -2324.683679872133 157.32510830166632
39627854845053698 -3141.2623175863005 -2579.6919318544146 197.22064162982235
39627812537109855 -2390.384797813525 -1844.7737096517217 54.02030417397653
39627812541304572 -2324.020074242853 -1811.011063797423 45.617036709364484
39627812541304180 -3298.4159315495967 -2568.765029564779 65.01349024705108
39627854824083063 -3443.360043557446 -2707.7382341939774 211.7993624025942
39627818568517510 -2360.2470315326336 -1785.1836917185758 64.13828415216405
39627878953911523 -2744.6395227534476 -2114.188060655929 222.31370782014133
39627818568518356 -2895.96953015258 -2193.961167291874 75.10850302851051
39627818568518709 -2870.9220049972046 -2176.3431455905716 74.06784705011896
39627848775896487 -3660.480723521812 -2825.087655366682 201.86258379598604
39627848775896381 -2736.2005253125326 -2111.3743130473276 151.10063528336897
39627818568518802 -2702.4952832228846 -2048.9816218058627 70.22200055205225
39627854828276199 -3298.2052428649727 -2612.772392546412 206.27503215346738
39627854828277744 -2337.4878187360373 -1856.7390251255974 148.55836797181684
39627818568518525 -2808.648543260107 -2128.43487274465 73.42758120917962
39627854828275669 -2852.965949388938 -2257.3151279490844 176.99270630281063
39627824604123842 -3164.5995224441485 -2381.1810018211754 106.96324038930692
39627824604122298 -2687.23007714455 -2016.6101408903523 95.04345991396906
39627824604122537 -2652.22457225861 -1991.078656134016 90.79766104687134
39627824604123718 -2884.310835121434 -2169.73125927039 100.44767911659495
39627824604122533 -2654.10204553026 -1992.4728463116912 90.80844879765961
39627830681666906 -2303.710417043233 -1870.1084100244327 94.66780128548032
39627830681667062 -2357.5813298070607 -1914.3738266494993 96.74998462411457
39627818593682986 -2926.9422031005565 -2335.671976667921 76.75433048640467
39627812549692461 -2487.815953325988 -1971.9367658366714 51.75778451813002
39627806505698011 -2188.0185881300126 -1711.4318087962188 42.04025294601182
39627812545496561 -2992.5146656496163 -2343.4883028734444 60.345863135302366
39627806505698958 -2404.6515399808704 -1883.6167795007925 46.274851434612096
39627806509891887 -3340.6519158001493 -2634.490370870437 62.607335181782986
39627854828275105 -2550.636622604601 -2015.6451216015178 159.9576619570603
39627824604119666 -3259.10135013567 -2436.149196684165 114.24495647725598
39627806509892577 -3184.848565775356 -2514.1237445152187 61.932734897344595
39627848796867784 -3096.059207667428 -2498.7648345335574 177.3330160303837
39627830648114958 -2649.7151662354695 -2010.726752291169 106.57293903617857
39627806501507002 -3077.611202710616 -2398.930039722258 58.72374444240102
39627806509892397 -2433.9583399411285 -1920.8113318185049 46.07672979632992
39627806501506579 -3370.0735624905847 -2625.061359995481 63.08764008789327
39627806501506821 -3047.9484318632167 -2375.038313168003 56.83964344510492
39627812537110744 -2376.178854001909 -1836.5846825889523 56.4454237158797
39627812537110842 -2378.7359138434313 -1838.87170129338 56.52988776381924
39627836687912317 -3563.9257664379797 -2701.7382397653787 148.28928579317065
39627830681670512 -2875.135861700588 -2347.533478417663 111.9779029217622
39627836700493216 -2701.9874727597694 -2096.1924183383812 115.05893293266983
39627830660696091 -2379.5601745718072 -1848.5901851542492 97.68697283624581
39627818568517131 -3510.96440831615 -2653.6463102014177 90.05208151792179
39627818568517020 -2366.762686601917 -1788.4723612720143 59.0409772284746
39627818568515779 -3549.361634410773 -2675.5195212118347 98.09672950884664
39627866878514157 -2238.4889891367343 -1687.8669623513608 159.84139662925875
39627818564326527 -2406.6887246145893 -1813.5136552859146 66.03590186045814
39627848759118093 -2650.8697332128027 -1968.868740539393 137.57816902495756
39627866878514104 -3662.113360042638 -2761.098522478447 260.5898534878102
39627842719319047 -2637.410924525565 -1954.857183063778 136.04756195770253
39627866878510871 -2941.485352686048 -2207.2079428371894 211.89585201989973
39627830681667242 -3259.556848613279 -2647.5856718614723 134.41604819722212
39627866878514442 -2388.687931518307 -1801.796530558837 170.39033744370442
39627866878514509 -2154.3131970848303 -1625.190209768648 150.54378931045125
39627830681667611 -2317.9740364378445 -1883.8876015651554 95.09867446282577
39627818593682726 -2817.785003935767 -2247.452525043175 75.35370407444046
39627806501505143 -2864.3252060448185 -2225.5195607315136 53.9780168354712
39627824604119075 -2877.9780107419124 -2149.1077396326314 99.70767222333617
39627818568516138 -3120.086703977701 -2353.6731843548823 82.40498120567486
39627824604119095 -2781.306721423275 -2076.992993758778 95.51521693880422
39627824604121248 -3611.4528815119647 -2705.926880609309 117.54161647592413
39627818568516050 -3032.329137073399 -2287.0325515111717 81.30722441825218
39627812532916427 -2824.4922420111807 -2163.0561873967513 59.55802465851648
