data/coord/ELG_11_clustering_data.ecsv
# %ECSV 1.0
# ---
# datatype:
# - {name: TARGETID, datatype: int64}
# - {name: X, unit: deg, datatype: float64}
# - {name: Y, unit: deg, datatype: float64}
# - {name: Z, unit: deg, datatype: float64}
# schema: astropy-2.0
TARGETID X Y Z
[from data line 8914]
39633322489416481 -782.6463297945943 -1579.7234213377542 2517.194945238181
39633336200594928 -805.5047634575152 -1494.3979712373873 2508.7965330038
39633336200594721 -947.9867187725265 -1756.7514188517468 2950.692794448271
39633336200594744 -1194.81293685876 -2214.417922007202 3724.07429303408
39633336200595025 -1103.1977552502067 -2047.8046972573936 3441.6963342503755
39633325949718288 -879.6640371128867 -1750.482292202426 2815.119055292366
39633325949718303 -995.3272906186559 -1980.7301385733726 3185.004268476731
39633311944935487 -1155.019267387299 -2102.6383578879745 3340.6907368186467
39633311944935422 -850.013549223896 -1546.9417761787454 2457.7229336862415
39633342936648758 -963.0520614300001 -1827.7358012531695 3125.67795385296
39633342940841901 -1091.3103753500354 -2097.0616245658875 3580.0255790771225
39633318991365920 -825.2298896317726 -1576.9241828251434 2512.7536779147486
39633322489416907 -848.313080041012 -1715.5251002913876 2735.0363169795014
39633322489416747 -784.8417090340882 -1585.9613009297661 2527.341902157898
39633322489416738 -718.0069627616075 -1450.8620300194143 2311.2880608824803
39633322489416677 -713.1245278341565 -1440.6786828417967 2295.328591764765
39633322485219948 -895.7998742819597 -1754.725082675229 2803.30129043619
39633339593787527 -957.8690784650225 -1910.414165497835 3208.0759334962167
39633308404942192 -815.0409666792452 -1532.1696318349072 2387.660896928917
39633308404942166 -1176.317726221527 -2211.0277016467953 3446.149347871033
39633308404942252 -1215.9973572153096 -2286.4147842004845 3562.807167728931
39633322481025968 -1014.5400848167995 -1953.7474429121046 3139.8306946633156
39633339602177778 -920.4083111532346 -1924.6348981529707 3191.048372204227
39633339606368707 -724.0123896880891 -1519.9127131826658 2516.0787589748816
39633322506193549 -983.0972702821103 -2138.769937124137 3357.3886941255955
39633339606369003 -1013.4795381190014 -2130.8585931250095 3524.4059070784297
39633329384852947 -1126.762853249599 -2143.3331857202147 3521.371883048627
39633329384852957 -824.4622885955746 -1568.3537097017793 2577.576049886146
39633329384852944 -1007.3525750042605 -1916.1762072331865 3148.330408600155
39633342945037575 -1032.6772413460299 -2033.2953771190018 3455.8209486490005
39633342945037512 -1033.719211021138 -2034.719995868221 3458.626880316492
39633325949718147 -751.3475727519609 -1494.3676883993164 2402.9195054170928
39633325949718082 -1158.5970929402565 -2303.670033431486 3704.509094933018
39633325949718012 -849.7349468950671 -1688.9953140551347 2713.513141310779
39633342940842523 -798.6096642298658 -1539.0610738279486 2628.769706066302
39633342940842958 -968.3095981664769 -1869.9816714357135 3193.660359666975
39633332832569821 -1074.055667688842 -2284.8078476484875 3702.0547362912694
39633339606369020 -943.9185343301872 -1984.7533239575064 3283.6744279850004
39633342936648885 -1186.9979715417653 -2254.4647837464463 3857.7504914819356
39633318995560796 -701.5299011907915 -1369.3923456500725 2181.9681273485576
39633339597981214 -891.4952311753353 -1809.1619481561343 3022.654634947627
39633332790627717 -1146.2576334770772 -2030.502746956165 3419.4462031753787
39633342940842506 -753.9245764414734 -1452.813896393378 2481.263367592878
39633339602175808 -970.7630954235772 -2010.1875634947096 3343.780244380654
39633346279509336 -952.8122433126073 -1869.3237381566898 3187.4000986758015
39633322506193354 -1013.545755997874 -2203.4061278107033 3468.132034364333
39633339597981541 -1054.236076527312 -2143.2416794484793 3580.7682382624757
39633342945037740 -1117.3514718085794 -2201.9355874374764 3744.853936903814
39633342945037436 -881.8399724062895 -1735.1636016522125 2952.573223361065
39633339597981377 -829.7589966790862 -1685.307997426677 2814.922536486006
39633322481027405 -823.143990953138 -1595.8692396153206 2561.4414267211832
39633342940841506 -1162.972752747992 -2229.78503690179 3810.394276957248
39633342949230021 -819.2617901645672 -1631.2048818982178 2758.3812662603978
39633342932452733 -739.8887962899083 -1364.3370754847094 2335.9472700595998
39633339606370113 -1012.0555056914094 -2140.5185940817905 3540.820238053256
39633339606369497 -942.7229348774443 -1987.5647188163152 3291.282681814102
39633342932452843 -830.9025732430138 -1533.044185931233 2625.86451714205
39633339577008648 -812.2731181734855 -1490.2789813198262 2548.952995600179
39633339606369220 -877.0016277338095 -1846.0094621698584 3057.4190231066023
39633322489415196 -1165.6106017044358 -2338.000485139206 3740.069009019673
39633339581203408 -824.9788761010731 -1545.6888173869133 2611.3919884492307
39633332794819890 -930.404985798107 -1660.7968140183052 2784.737838787667
39633332836763411 -1074.610988986176 -2323.853400578857 3761.0689797635337
39633325966494450 -1058.5898435786698 -2261.9753031860673 3612.690487370924
39633342945036817 -1070.5428597069322 -2099.921580916553 3566.5246203714164
39633346279509037 -964.8256462958065 -1889.4048066991497 3223.9487621256176
39633342945035356 -793.9377106256532 -1546.7998729409267 2638.594477755148
39633342940843035 -916.6904618340764 -1771.0676568672177 3021.5708816946303
39633342932453111 -1092.8334720641028 -2019.2719026156083 3452.89298241393
39633342932453195 -965.9730344265242 -1785.6607712683476 3059.150580477901
39633301253653375 -931.4575201228517 -1886.7339876049275 2843.9236905570588
39633342940843212 -949.7003514503672 -1836.6464448866839 3124.4319106100056
39633336196401959 -1054.5292654220816 -1931.4233977144634 3269.960634867963
39633311970100008 -930.0715655365021 -1875.545510385344 2900.3288257925833
39633336196401556 -1153.1495825914967 -2107.787705992749 3573.6811989036764
39633318991364149 -895.1387745936261 -1694.8748781824731 2720.4244364058677
39633311970099768 -710.5002550567958 -1431.452629913684 2215.6004477258443
39633325958104149 -824.834467248813 -1683.6206407189447 2700.4153950373975
39633332815793985 -1023.8909586250102 -2030.584254128944 3335.065569448956
39633329414210937 -760.084189977786 -1639.1651472536698 2620.4457728806515
39633336225760698 -756.5789509482677 -1572.8066487285987 2583.0458894759204
39633336200594237 -809.5400163465707 -1496.2866566870075 2533.9403235528684
39633311944937073 -973.899486505992 -1785.1064093793088 2818.0262559614507
39633329376464609 -1128.1001667200571 -2073.04794659994 3449.4489839844714
39633311961713704 -1010.128566454639 -1979.8584162660936 3096.805335221862
39633325945521275 -824.6405095491568 -1590.4877198322313 2590.8424303385523
39633325945521021 -984.9708361914265 -1897.662232154707 3093.7650458606645
39633304852367546 -950.9383342828304 -1960.5195132635586 2983.820515607924
39633329397435954 -760.1929633687677 -1533.99738698208 2488.197726217127
39633329414211008 -1106.1587541739323 -2386.1698987643413 3815.2046530590487
39633315468149529 -945.3726208505676 -1671.8891463730852 2700.0172730575387
39633318982977298 -1039.6876038780879 -1911.0206130440147 3089.6587950728835
39633315468149592 -892.4035167764754 -1578.6121051800274 2548.692744570367
39633339597983358 -963.1872252299498 -1976.1771725344304 3275.935107316641
39633322493609153 -940.161337807616 -1917.3437087361242 3050.7781262488606
39633336225760846 -766.4678287140225 -1594.5304936522164 2619.1627116343216
39633325958104191 -1084.4051325864211 -2213.893098310557 3551.342269711518
39633325932937937 -779.0534708843935 -1419.2955209697773 2331.3744189988947
39633311970099689 -1077.292175972738 -2169.802116405191 3355.2258460990065
39633322506190973 -1010.781464453843 -2174.5002865657134 3440.060391943076
39633325958104159 -941.4412042045916 -1921.7257600143007 3082.9356811838397
39633336196402103 -848.4924384479062 -1555.2324656151327 2632.5674445403224
39633304848171168 -906.9081900130226 -1820.496539354475 2768.020291174794
39633322464250452 -1063.6282964558866 -1919.8761416536042 3147.033232014984
39633318982979823 -1028.3930228332154 -1910.5925819340785 3062.439872135195
39633318982979821 -764.696905542332 -1420.675379700781 2277.101158049007
39633318982979819 -1153.5307461091854 -2143.047207498908 3434.4031117560194
39633336225760759 -813.408830481045 -1691.3946539314823 2778.890855593895
39633329376464191 -784.3866599407414 -1438.8470372273657 2383.5549169457217
39633329414210701 -965.2261708567892 -2079.22018825854 3350.9517543811985
39633329380656929 -1022.6939557317054 -1893.9593172256841 3137.670358850938
39633329401627343 -832.6240437340444 -1686.9959434071716 2737.375002621373
39633311944937241 -1089.832224035364 -1999.0745448940374 3154.0211217507876
39633339581203971 -1205.9014567395766 -2265.7749441668857 3848.7085909862367
39633315484925973 -1025.807972325776 -1940.9649949420555 3085.6831425996775
39633315484926035 -1192.7942987306656 -2257.687323309777 3588.261409747294
39633311944937225 -972.3408261150194 -1783.4869030483676 2815.6476320305123
39633339581203873 -1170.936391278365 -2199.0205714896965 3733.4170813808664
39633339581203903 -797.641760658276 -1498.2364113751235 2545.687418127172
39633304835588314 -965.10963513987 -1834.997801727705 2836.0300275579134
39633304843979295 -1034.4960598491368 -2062.556615290585 3137.6777262127735
39633308404943298 -1058.3743743111006 -1999.542017355683 3102.8609501085753
39633304852367366 -827.0059721613178 -1703.5036706395058 2574.8624041260277
39633325970687998 -1010.1157555944044 -2195.6868594643483 3476.4336740744407
39633304856560962 -1118.9250717364794 -2341.73056943022 3546.1505061504854
39633304856560440 -733.2007767869799 -1531.568116530948 2318.723583100364
39633332794820367 -858.1144575313083 -1535.3469725293714 2579.8878524248744
39633308400747841 -921.0411963401368 -1699.6037773979615 2664.047247115234
39633308400747769 -1070.0840717347073 -1974.0420606739262 3095.0478534804915
39633308400747956 -1060.773250646228 -1958.3516727837361 3067.2354719938776
39633325962299519 -842.4163543429762 -1759.330770363983 2815.094788802736
39633332794822296 -1158.9908603018428 -2092.0922445903234 3515.0156169236457
39633318982977015 -1005.8277605712208 -1846.993715149481 2987.6787609146136
39633308430110253 -1108.2146481607808 -2346.7484851043214 3565.189265608626
39633308430110622 -991.5052883079034 -2102.4414339173977 3188.173876875234
39633308430110267 -814.9214290338672 -1725.8082140142049 2620.439431986327
39633308430109919 -1045.2192671838752 -2210.324551027687 3354.7335840493015
39633322506192911 -1013.9884739155191 -2199.9768479570216 3471.438059072268
39633329414211069 -1041.65590326416 -2247.722181004066 3615.49114623436
39633329414211085 -833.4266484728129 -1798.5551127386193 2892.103510491334
39633308404941793 -744.3374618033905 -1396.4677874929039 2168.3843619589084
39633332828376949 -1060.982868254351 -2230.6311388890213 3637.9696476514277
39633318995561043 -1007.9936387725289 -1970.2415505180757 3138.960476787999
39633318995560342 -1119.055245429109 -2179.271100113022 3481.832704860587
39633336196402111 -847.8725234806784 -1554.1794927464773 2632.981433570788
39633332828376017 -884.1672050701636 -1849.937042250837 3015.8781501858116
39633332799015370 -820.6096357253832 -1499.2550921377558 2502.3394591277015
39633325958104872 -939.8784079328843 -1924.7088057064436 3081.2797708980256
39633308400749160 -973.1607447499085 -1805.313741586233 2825.2521215341053
39633308404941560 -1225.0730085019952 -2295.7532920850076 3595.69398096936
39633308404941657 -989.0269210145416 -1854.3172252340362 2902.7585436565487
39633304835591258 -862.8048814048033 -1658.442969026515 2544.716627648638
39633322476833300 -835.2585231031296 -1590.3824380569197 2572.8669322834967
39633336200596269 -695.0191855809525 -1299.7267310360805 2184.70315934271
39633304835591430 -1072.5491540760142 -2062.7753018300064 3165.2292672232775
39633318982979571 -1014.2274341262897 -1882.066393005233 3018.956329486657
39633322501997055 -1127.8449977414314 -2383.904593202846 3767.3070636320726
39633329414210591 -907.1108258608597 -1952.8628868280687 3124.3831294122397
39633329414210680 -813.1634449659356 -1751.4477070700816 2801.2060856889575
39633311982684066 -1045.9628700142162 -2243.8864605297354 3439.070974114825
39633301236875813 -765.3059203549632 -1439.8307857766572 2207.8483740264273
39633322501996874 -1041.0158279596044 -2198.254709578941 3484.3060751753037
39633322468445072 -1256.5861210479802 -2311.321051565614 3767.2842341758424
39633311982682802 -838.6150627165379 -1789.5551049250626 2746.7386782194603
39633332807404831 -1167.9469325536818 -2227.7792152653883 3684.554307008552
39633318995561820 -1154.5983890518353 -2264.740495323161 3612.838055832256
39633329393241056 -1079.9261625557021 -2127.8830396649296 3461.002921613583
39633336196402602 -1159.4363908041055 -2130.841299985371 3606.8128356288453
39633301253653340 -831.5673794892524 -1684.2227194100644 2540.5150498750245
39633336200596570 -811.311218189485 -1519.5855301919692 2548.683481828325
39633311982684004 -883.5923769860772 -1895.0172554417347 2902.8892809009158
39633304856561012 -918.2655841114878 -1922.19826467849 2905.323347751045
39633308430110594 -1087.8582295895274 -2306.497234940688 3497.3148795924267
39633311978492247 -1044.7091299528267 -2222.604167515477 3414.189891177084
39633332794820293 -976.6903582353438 -1747.0105065922905 2937.7069885005235
39633311944936468 -1106.9414026926029 -2023.7255139389054 3190.540690272689
39633339581202863 -844.6347991157993 -1578.0944266580325 2677.506463742312
39633304856560701 -947.8915592297286 -1981.891669391729 2998.8629000590686
39633301257847553 -952.2317603785544 -1962.870861515874 2960.859212661546
39633301245265248 -1245.3679430414809 -2437.7379829911324 3700.0414928225155
39633311953324640 -847.7112259803245 -1602.2694315470271 2524.8318109377246
39633315510094948 -768.4954724672729 -1651.494454650238 2546.253092772383
39633301245265280 -1137.9435999206637 -2227.835844609844 3383.583646725572
39633315510095710 -799.506749786173 -1724.1093232934284 2658.612811399946
39633315510092005 -1015.6079984952927 -2152.022126644713 3339.191811133433
39633315510095320 -1027.4442824372732 -2211.877192685846 3410.7209662424566
39633329414210771 -730.2710902233428 -1573.5885739356302 2519.339995884527
39633308400748496 -877.1098804214109 -1622.882173838615 2543.008078038957
39633332828376645 -762.073642745463 -1599.6432292665013 2611.1408946531838
39633304852367699 -904.8825873984567 -1866.8744115551046 2823.172214091876
39633304852367742 -675.1742722272031 -1393.3359166747878 2107.1639830338504
39633308400747759 -868.8872960474789 -1602.8006450666776 2509.912231043063
39633318995561011 -954.2478796854635 -1864.9436945949064 2976.4523826706522
39633308400747742 -869.3410519679635 -1603.5214777003707 2510.8823057621275
39633308400747732 -870.0579890515124 -1604.7888340799007 2512.454697020312
39633332807403061 -1016.0513133796833 -1918.8538401615965 3194.643936735621
39633325970687096 -905.244983571391 -1959.5215897165372 3112.0138269624545
39633332807403115 -800.2122949434856 -1511.6739452661016 2516.5299293171133
39633336213179445 -1151.7403469147046 -2272.986846960757 3771.208358856149
39633322506192880 -921.6735844326203 -1999.4606583772043 3155.5923590678563
39633322506192634 -761.3468225202397 -1649.8357342765291 2603.7624903995356
39633332807402120 -1161.365511757348 -2182.647193712752 3621.314816503501
39633339581202815 -745.2477601900059 -1392.1326178996285 2365.466523499878
39633339581202878 -1175.7711831733325 -2196.9199610663736 3733.758037942108
39633339581202836 -868.9818158714644 -1623.4160769231014 2758.9493094441277
39633315484927921 -853.7399424764136 -1630.6321037478522 2572.5097185167706
39633311982683964 -963.5731919776475 -2066.1179463596413 3167.310856909396
39633308400748801 -1137.1766168012477 -2106.59271073655 3300.2555741897745
39633332807404813 -856.7950241010625 -1634.134489536404 2701.3884011234322
39633332807404779 -1167.5337081248579 -2226.474212429104 3681.6988846971526
39633322485220102 -951.4629853171587 -1864.9853516045907 2977.739795282349
