data/coord/ELG_3_clustering_data.ecsv
# %ECSV 1.0
# ---
# datatype:
# - {name: TARGETID, datatype: int64}
# - {name: X, unit: deg, datatype: float64}
# - {name: Y, unit: deg, datatype: float64}
# - {name: Z, unit: deg, datatype: float64}
# schema: astropy-2.0
TARGETID X Y Z
[from data line 4228]
39633407822529153 -1566.1183001469608 -248.02484668958874 2963.9959599457775
39633404924265580 -1530.8842137293152 -199.96946496551953 2855.040215426777
39633407814142116 -1482.3618099191683 -213.6875368513944 2782.694254701127
39633402017613044 -1396.8286303049383 -181.05971517191165 2575.263620624001
39633402055363509 -1597.1982372291834 -349.28706970974804 2984.0802779705605
39633416353745379 -1283.967890822621 -255.05299443272702 2524.736026896135
39633410708211767 -2065.2373128522636 -438.9392323029812 3974.151843089459
39633410674655950 -1579.7709729685864 -208.0376547599964 2995.222128026331
39633413518395708 -2022.2601279812552 -298.0769485949371 3889.248790123268
39633402055363380 -1627.081860253216 -355.24093655892045 3037.2584028645947
39633396153975672 -2071.6664164719455 -375.9905203395513 3742.4969820296783
39633413551948111 -2018.8013594147822 -441.7199593898121 3945.1329476278347
39633404920072261 -1473.5607205764845 -182.4565282310771 2737.5603024321917
39633404949430861 -1441.276752126383 -267.70147861976653 2685.9315184244256
39633393176020373 -1630.1435717165289 -297.20567147234226 2927.8004455938676
39633419138761406 -1525.6101996278046 -265.24657117406997 3006.7108388018282
39633399110959441 -2113.715764125251 -384.4251457805356 3876.9466077173006
39633419147151486 -1675.2865223970136 -332.73123277017334 3312.1813314349793
39633419142956328 -1761.6532994401002 -327.1140693313685 3490.774880551559
39633419138761550 -1465.2173531922106 -255.36467010295985 2890.2002064817434
39633402042779997 -1741.9396137321744 -328.2700635501605 3240.6157251379104
39633396153976108 -1421.3203109995936 -259.43683136328434 2577.056871504867
39633419138761672 -1491.0856336170655 -260.45058034298194 2937.928381569099
39633404949430912 -1278.4771529913319 -237.61136994779923 2382.628503806215
39633419134568652 -1465.2058562563552 -247.56484277005885 2892.860659153081
39633396153976288 -1878.704594161597 -343.81132684545406 3426.130327926037
39633404936849168 -1090.8563899997662 -175.239696383741 2042.938730415105
39633419147150766 -1888.4255238537073 -370.41825815454797 3748.555522986619
39633419126180141 -1981.4095306489307 -295.8516722200291 3890.5938373536674
39633404932654656 -2071.1086729250987 -311.79177878678297 3877.12558789036
39633416332774365 -1606.6550554604485 -240.98813607556386 3133.4163139957095
39633419147150611 -1372.779238441878 -268.6032807740152 2722.599110236082
39633404928460004 -1509.1790241864728 -212.0671248871428 2814.4439132831935
39633419142956095 -1901.9218920348012 -351.6530945713818 3766.9202898372246
39633399106766170 -1880.0110365773892 -328.4664631521949 3436.011770217805
39633396145587029 -1506.3817707943963 -245.82535270451973 2730.950128018223
39633404945239495 -1743.5830414675813 -317.0697259154434 3255.7182443260317
39633421907002252 -1960.6840539459793 -325.70083403430766 3918.662530890048
39633413551947825 -1332.6407332288345 -290.37061178027153 2601.0319069469983
39633421907002274 -1804.2782326106817 -299.8538497866546 3580.921643993151
39633419138760728 -1905.4676037319107 -327.7841285878218 3743.5521323500143
39633396149784208 -1515.690440985531 -271.5406307435317 2746.59402171366
39633404928459614 -1545.53706667773 -215.7606298925092 2871.286176204019
39633419151344852 -1454.8501854427052 -299.1216091262427 2878.8761634777225
39633419138760818 -1802.0016144926017 -310.4481225340839 3542.381010289443
39633421907003214 -1476.5744484685945 -248.93166710883347 2933.8621478366044
39633393176020430 -1913.033778119953 -349.0016040828485 3453.8173410173845
39633416332774601 -1829.0235465835788 -275.4475899279804 3566.8219704695375
39633407818335010 -1412.3679699945542 -211.0718916053474 2667.057923586944
39633416332774497 -1417.3530504889768 -213.10684843204234 2763.8075985285896
39633410683044243 -1339.7484944242879 -200.87539698529127 2553.009312523816
39633419151344762 -1879.905531633677 -385.9977337764068 3719.1410996778336
39633416332774425 -1394.4256958803094 -209.41535775982504 2720.0307670956995
39633407818334543 -1800.1269105681731 -266.9262346932239 3371.273407341471
39633419147150723 -1336.2749048989529 -261.9669559406738 2649.3974505931205
39633407818335100 -1900.3411344340743 -284.47558443645755 3591.39188090251
39633396153976326 -1466.7247680599858 -268.55959166163416 2674.2743523479535
39633399106767093 -2224.235316166684 -393.43000426237546 4069.4694213990597
39633410683047155 -1807.7409806094352 -285.499898573873 3456.8758962173183
39633399106767092 -1869.826154572433 -330.74006106768326 3419.7189793174894
39633404962016303 -1476.9041757433067 -326.975008473557 2772.203656422182
39633413514200030 -1468.9136646892462 -196.28777418768817 2817.1196110723745
39633410712405402 -1934.547805377106 -425.4980217451022 3741.632469751093
39633419147151161 -1541.0119429967626 -304.42417233821755 3041.976821884088
39633404957820381 -1694.6715720229795 -351.08016237563464 3196.133665970954
39633399106768338 -1308.7803963185622 -235.81548417298274 2390.5326663167893
39633402030197042 -1700.432472169135 -273.841996454841 3134.506369172908
39633419147151224 -1285.1482906054023 -254.1039864782766 2538.9912676989147
39633407851889540 -1768.2323823399959 -400.266581889583 3358.4277572221463
39633402055363281 -2134.4137084568774 -465.36723786426734 3987.7458732125733
39633419138763489 -1492.5006124848826 -268.2107146197104 2938.6308518033798
39633402042779638 -2156.1209877142132 -404.47938497329847 3991.1182712832597
39633396153975376 -1320.1587694440748 -238.74299956326195 2406.967371227663
39633402042779912 -2123.9072476359925 -399.84452891370404 3949.6395441899926
39633404924267211 -1515.3319412595451 -204.21426301695283 2826.9732816898136
39633407822529323 -1372.6360414000383 -217.91696688730812 2589.606027578698
39633402042779266 -1923.0120535883414 -359.1118580976767 3582.421033541529
39633419121985218 -1609.5543112743655 -222.32486597667074 3158.0377106334317
39633419147150922 -1449.2405890605826 -285.04344608106754 2862.207577393644
39633404928460016 -1674.3092945733456 -235.30833558376312 3122.688679710342
39633416332772984 -1500.815845720175 -219.35724715705842 2913.3601165786117
39633419147151493 -1740.8636819765898 -345.7968291105227 3441.6456695703437
39633410674657132 -1686.0695948552982 -226.5693884157723 3193.55494967401
39633407818338015 -1813.8803515991663 -284.3796517243468 3428.7925716098102
39633413514201527 -1331.951039553712 -182.8325413191234 2545.480142431605
39633413514201443 -1316.2954632227008 -180.44643110186564 2516.989226161377
39633404920072025 -2168.1006261951297 -267.3390093019388 4028.810809837582
39633399106767304 -1967.0314190423292 -348.8850009468999 3595.0874909097665
39633413514201204 -1832.424332137949 -250.00453932585864 3504.7879636938437
39633393176020301 -1179.542476408934 -214.85933918364753 2129.9300440140905
39633396137198622 -2130.959120635403 -309.43493012719426 3853.0442454272525
39633393171827254 -1483.4816041383385 -261.88758011050805 2665.4105661272456
39633421894420668 -1694.4654151224836 -238.34325741164977 3344.441686116271
39633413514201202 -1338.7973207123894 -182.6508233557614 2556.578762703717
39633413514200927 -1555.5071181073167 -211.24828395082199 2974.408763509991
39633419147150787 -1802.6357466232625 -353.73009421003655 3576.882359421451
39633404928460655 -1677.462497793362 -238.3262159111199 3123.9865166131553
39633407851889071 -2144.8534742704924 -481.96514478923393 4109.0883348332745
39633393167631661 -2100.6920407874463 -343.67599226238826 3772.9070756756983
39633419142955584 -1827.4756614831927 -335.065644338276 3619.487391422092
39633399115154965 -1505.7360203134604 -291.97401138714906 2766.8600852228383
39633419121984758 -1087.3303203182402 -148.748810242376 2132.3839934982134
39633396158169680 -2004.4906963835776 -380.87358420553375 3647.3172651216287
39633419142955536 -1890.2999339641751 -346.28047227792774 3742.8870177457693
39633390177092080 -1332.393779713056 -237.206810153497 2378.6266975034127
39633404945239524 -1561.5825566636554 -284.04105295290265 2917.509174739494
39633410704018540 -1618.4990521621453 -332.61100875109383 3112.175405903093
39633404920073499 -2107.660051491043 -267.5126973961002 3914.568376900085
39633419121984664 -1556.8825390569527 -212.5441964967786 3051.794537207008
39633419142955618 -1612.9308649006557 -295.79030442412244 3195.1273493949184
39633396153975562 -1541.3202800127997 -279.37678095247924 2791.386015880253
39633416336966792 -1939.843191894346 -299.6841324311247 3751.169519476626
39633419147150750 -1363.5640722593 -267.4023381787781 2701.064553344627
39633416336967185 -1759.8568380708498 -273.6355196078706 3404.760472078747
39633393167633451 -2028.5574261682577 -341.2648751434342 3630.3007903009525
39633413535171155 -1534.2760726483027 -277.37694377928716 2970.9369033880153
39633399085795804 -1852.5947918609518 -244.59059941616596 3385.708574194453
39633410712405621 -2127.4443846838362 -469.2155282231544 4115.419055312673
39633416332771892 -2011.5110050920719 -288.57412867753624 3886.963654725617
39633396153975525 -2076.8905943494055 -376.26948985318495 3762.3899395066783
39633404920072783 -1507.03598820702 -188.64252007132401 2788.6946655785355
39633396166559322 -1719.6692486679335 -363.7151344473618 3129.4973736466204
39633416353745768 -1674.0491573983036 -334.8112083774446 3280.45011076244
39633402055363475 -1543.5441418936414 -337.4276467405059 2880.8713039022678
39633402055363402 -1978.5226797740886 -432.11291725647374 3689.476660739839
39633402055363434 -1938.6239269934572 -423.5824547415089 3614.83094027688
39633413514202695 -1572.367382461981 -220.82707017777327 3011.325332305013
39633419155539646 -1339.0565402225209 -288.9274249882394 2664.4483821987633
39633421915390989 -1657.6798841347302 -308.9685289942926 3323.189586309612
39633402030197150 -1504.4450881984394 -242.76854987758892 2776.1776980972336
39633419138763649 -1928.0275446411144 -347.33602899065465 3784.3499584769884
39633402059557626 -1820.3556590634196 -413.97522751755184 3409.2025900103336
39633419126178020 -1490.7435557405302 -213.75991821602904 2935.0946289904728
39633402046974690 -1612.7605635259893 -321.5326646747789 2994.9450398011945
39633419155539568 -1683.5971223925774 -362.87693636156985 3351.074879723287
39633407814142227 -1529.4545292774042 -221.11796076308212 2872.497033844266
39633410687238838 -1586.6866296200624 -253.78388093746403 3031.8463530775375
39633407826723654 -1476.93447470055 -248.41522694064773 2798.0561581602797
39633410687238607 -1799.7543013237282 -286.89504963990896 3438.500346895553
39633402013419980 -2111.543034280107 -261.5725008853113 3877.1587327819416
39633413530978269 -2051.0326578820577 -359.89456477093444 3966.2820813743965
39633413530978298 -1434.288522140584 -251.8304704801426 2771.3619416835204
39633413514199977 -1496.8624391217345 -199.80592566076632 2860.6059460741485
39633407822529146 -2076.8558710761367 -328.8524668662477 3917.7834425691976
39633399098377859 -1505.3018121077878 -236.37412848023334 2743.913838320169
39633410678851384 -1801.5526733084976 -260.4623788310805 3415.3218312303093
39633396158171207 -1994.531151118524 -387.3286768373739 3644.5770084643023
39633416349551027 -1483.5173819470413 -278.9551018630581 2893.738824949315
39633421911198791 -1891.8981259106686 -346.54982987409375 3759.3137298930637
39633396153975474 -1744.6431581596614 -315.90244323956927 3154.183536403578
39633413530978178 -1926.6202167639076 -337.4698055381637 3719.5301314674794
39633413514202014 -1900.2097790327402 -263.1195655727226 3628.624597944841
39633413514201745 -1809.5897537939948 -249.34822433908639 3460.135055512377
39633413514201525 -1314.7495198560766 -180.46161749092616 2516.098610312851
39633419147150500 -1615.3648810569714 -315.49446018088054 3199.1316143304884
39633402055363065 -1541.4199314602622 -335.09693624509765 2879.326038062239
39633416345356214 -1501.609063370324 -264.9756785922501 2915.9514411062455
39633416345356077 -1504.4299400981886 -264.95898962601416 2920.1442816817084
39633399123544630 -2023.6783222649487 -437.7670257169206 3737.460255514261
39633402055363049 -1747.4391972860415 -379.8218726355098 3264.8805506903295
39633402013419715 -1443.3925558198252 -177.81868223518947 2652.091832738539
39633407809947419 -1701.7907104478368 -226.11515260716342 3207.267421275992
39633407809947158 -1375.583324963059 -181.93814324228225 2592.7193732175474
39633410674655855 -1873.4351746467003 -246.20471782607945 3570.1834900264103
39633410674657096 -1600.143407270279 -214.88384460521468 3029.607712693688
39633413514202102 -1516.1556638371278 -210.3551015430748 2895.035474569413
39633413530978119 -1555.546063528541 -272.19754642833675 3007.8041677257384
39633402051166528 -1934.434085794996 -390.681552596299 3600.1588400929854
39633404962013330 -1661.7918476415819 -353.8912169288059 3131.9142787706783
39633396153975681 -1635.785810101931 -296.9141899274479 2957.6201298671303
39633413547754382 -1409.929700523744 -297.68365918110845 2731.730205573282
39633407826723548 -2103.441781529301 -353.3651261943015 3983.055029755464
39633402051167800 -1614.0417797698974 -331.31292493584306 3000.185755579173
39633399119347970 -1796.3937768458104 -359.42073447962815 3295.46056842579
39633407814142775 -1831.3358185302386 -267.7185347406109 3447.643570802529
39633393180213830 -1781.2553799682473 -336.43668322273203 3197.894419024101
39633393180213292 -1119.6215847152669 -209.96070772279347 2010.0717536501302
39633407830920741 -1947.2108877157077 -360.21764437623244 3700.4906923099
39633419138763468 -1940.094541218239 -348.5489616017585 3832.149399976502
39633410674656676 -1472.2348885487509 -196.3967293902667 2786.2976886870374
39633413514202072 -1516.4093190439937 -210.268680620223 2895.439305794419
39633410674658104 -1586.541945101911 -217.30752159556945 3025.073888920459
39633413539365773 -1651.9742830118214 -315.5125164579435 3209.796301164489
39633393180214038 -1399.8969403272313 -265.18779165843927 2514.01580680217
39633393159244590 -1431.4273969316057 -211.70536014851106 2562.5200617200703
39633393163439572 -1435.7919822366612 -228.30952135273412 2582.048678809325
39633393155051163 -1396.8971459938643 -198.2303372661139 2503.668711905242
39633419121984590 -2091.5836865663387 -285.0994829069521 4109.853397227015
39633410674657977 -1500.5129057392694 -205.03491784575832 2858.7459765248773
39633419142955629 -1295.3060199707147 -237.59038935280364 2569.579519423959
39633421907001537 -1897.974039833047 -311.6417732801585 3766.4716594707256
39633404966209456 -1659.9224488445 -378.82209433789717 3150.1181637873888
39633410687241282 -1531.9572491343474 -254.90507384677474 2910.699369924505
39633407830919789 -1480.343608393157 -269.6346857806796 2791.2686830342627
39633419126180204 -1847.14691481726 -276.1197333195065 3611.534426405155
39633413522588180 -2094.2092636434786 -317.8054513325073 4018.7346198144373
39633410687240462 -1528.0755258311403 -250.7052881308908 2906.6478699963786
39633399094184315 -1282.1520593958994 -192.59687441507734 2327.9366311376607
39633410687240457 -1942.631459375141 -318.6855440845996 3696.4601763564283
39633396145588020 -2006.6254957710423 -332.23391324524704 3617.2756748114653
39633413522587837 -1549.2505464079616 -233.4787755051812 2973.139594585795
39633407839307721 -1581.7931101399713 -316.87221539941004 3015.1932279185007
39633419155539007 -1321.598626333487 -282.8877947287213 2615.4266938651167
39633421898614133 -1648.9988099431532 -243.83834116348356 3275.7720208031856
39633413547755652 -2010.9710265747144 -433.8107276456796 3909.388434930589
39633396153977318 -1580.1604392402328 -292.69454258140536 2865.3224967210213
39633410699824101 -1439.4279627190858 -281.65028212084724 2756.9203437907727
39633399119348028 -1794.7213853755736 -359.33902395434666 3296.4264756396406
39633410699824217 -1599.9218059434293 -313.55807840649055 3064.8595544778937
39633399089989435 -1603.0109649468766 -223.44499208757023 2907.0030850361986
