data/coord/ELG_0_clustering_data.ecsv
# %ECSV 1.0
# ---
# datatype:
# - {name: TARGETID, datatype: int64}
# - {name: X, unit: deg, datatype: float64}
# - {name: Y, unit: deg, datatype: float64}
# - {name: Z, unit: deg, datatype: float64}
# schema: astropy-2.0
TARGETID X Y Z
[from data line 10709]
39627817436057427 -2983.124545468761 1745.6519386424625 78.78936991056658
39627817457026814 -3089.0131629252187 1724.6501751025155 83.67569485703723
39627829511458116 -3575.276208133886 2114.6586715409253 130.74814473377776
39627817457026504 -3217.16351691562 1797.164671703186 88.34673012267471
39627835555450900 -2548.364789093827 1490.0405200270934 104.00130543717108
39627865750241700 -3497.166697486128 2061.7716848702958 223.51471860493916
39627823488437634 -2942.995541557138 1671.8893855007614 82.10105131127176
39627811413033865 -2912.194355667329 1644.518686886986 54.16729401190869
39627847660208394 -3307.78582106452 1832.9186468674357 167.84255241741502
39627835542868451 -3903.790878072653 2349.2055214450656 161.0357335424781
39627811413033585 -3586.6204022479906 2026.476553463551 66.86774651400796
39627811413033993 -3864.454282339332 2181.7287339628306 70.37490796881002
39627823492632901 -3140.6255013583627 1763.1407044504858 94.85477525690838
39627853666452107 -3935.93836587922 2362.039265096991 230.1782724165659
39627823492630524 -3705.430123224399 2088.325997709761 106.1475684642644
39627841582665458 -2985.596700522084 1797.846199522285 133.94226010619838
39627823492630463 -3440.4500288743297 1939.2486710091698 97.63273424961214
39627829528235939 -3476.301752422853 1972.2839202044315 124.94687159105399
39627859706249863 -2547.098752221586 1528.318333375067 149.34398366552236
39627829528235698 -2883.2165840114426 1636.4478622499332 99.6359642035882
39627853691620504 -3163.050362584654 1778.893211275209 172.98639232844144
39627829511456402 -2978.381940905299 1766.84577537586 105.34655539514432
39627823467467028 -3279.630217958307 1955.3586063021824 107.20401084819635
39627823467467035 -3277.91426215683 1954.287212238166 107.0095230004952
39627823488436177 -2486.640627477795 1416.360973362537 70.67480497553933
39627817431863104 -3563.2043407672945 2104.872330750454 90.6086013548544
39627817452831471 -2981.9335816908115 1685.0779579828913 80.1953751480978
39627853691621149 -3486.136947370192 1958.2636541444735 184.51531381655417
39627859727223045 -3410.992028612249 1941.6120379908982 200.36090705494902
39627853679035510 -2587.7470264047047 1505.279537698336 147.9550454117731
39627853679035532 -2585.3112540339644 1503.7942264794387 147.86402434734765
39627817452831168 -3686.8925633403305 2084.422333666809 87.47045107603064
39627847664402519 -3767.763052753126 2066.8393608571405 195.07508689387728
39627817452831544 -2982.352561705053 1685.1098929689178 81.47968834498926
39627811408839541 -3402.761577211396 1941.6498042764856 72.62811453552398
39627817448638082 -2650.0591872064065 1508.7479948214443 73.00267098212983
39627853670648365 -3257.16564768569 1926.810935656613 174.35898386728357
39627853691621606 -3624.207107119606 2033.8595816776212 190.77124551708957
39627847630851135 -3194.730576273687 1890.0366683249406 170.0752462801533
39627847651822566 -2687.0725298916936 1512.180524505736 139.0137168070543
39627829515649200 -2874.244515260503 1692.6543072054562 102.69577503699328
39627853670648614 -3443.747634937217 2035.9825967389834 183.95937953173936
39627859723029702 -3901.626877848454 2241.448187178727 233.75948431810224
39627817452836081 -3222.9437748587347 1804.9902490039221 83.76072026469622
39627823505213247 -3550.445255671062 1940.6252563658657 98.4644096583297
39627823488435907 -2649.1141701137617 1509.5095729500608 76.05224222080062
39627823475855279 -2558.0528055852624 1495.4362464127357 71.20120421655432
39627823488435614 -3984.873087553595 2271.824385302714 116.83865471738679
39627829511458446 -3472.5236307461796 2052.798021903212 127.50817647386044
39627859735611408 -2549.5240898190095 1421.5243992092142 147.00356568612287
39627859735611229 -2800.7543214500542 1562.245909158756 162.021361554849
39627841620412520 -2560.750347072463 1413.5395541350722 121.2694741249603
39627835580612997 -3558.836512742235 1971.1998543474713 133.5665036293041
39627841586856776 -2985.8932619318157 1791.037483912929 136.28864910169918
39627835580612958 -2809.831946403288 1556.4739305711125 105.5971387931082
39627859735610940 -3347.610982677872 1868.3989503892708 194.06995703028468
39627853679034933 -3402.5951449019444 1981.877190207054 196.64033030327386
39627841586857117 -2776.0252778558593 1664.036823821697 126.7306006699456
39627829536624380 -3357.1558203366367 1865.8255960978204 112.62379586291158
39627841586856948 -3393.6769301428785 2034.9955460163487 155.291028394207
39627847635046738 -2552.917525321148 1490.0406299141284 128.60151739099953
39627829536624370 -2854.861145321105 1586.6850548252253 96.02339195500048
39627829515652251 -2579.417609730814 1509.305540012492 86.24749211732033
39627817436057850 -3605.8932997382126 2108.379458635958 100.09645399672998
39627853691620863 -2372.459618049388 1333.4017126977567 130.40673978552604
39627865775407229 -2708.9937026214116 1503.6196606157848 174.0774766079677
39627847660210153 -2590.217458674232 1430.4740429329356 123.93767109971019
39627871785846394 -2754.998784733948 1603.8057055399888 192.31000048575672
39627847660210119 -3373.886549896091 1863.413650724595 162.39049969275516
39627847630852210 -2795.7929607774818 1651.1313027795165 135.64748939968234
39627871785846423 -3177.9109958441895 1849.868993518373 221.652494479212
39627871785846444 -2698.4806959750863 1570.7312269488398 188.05911694063624
39627847635046154 -3468.075458111718 2026.748534573166 177.32190826650526
39627847664402573 -2892.976573367434 1586.7962561099355 149.29261713754133
39627847635046570 -2871.1507342180707 1676.3878415732531 146.1364575577222
39627847635046631 -2900.2417754741173 1693.1694192423738 146.97959855385744
39627847660210152 -3375.016486294073 1863.8894562926841 161.0490738990799
39627817431863124 -2529.742533983881 1494.3296428940296 64.16477639276373
39627847639237810 -2873.931301455837 1671.8011141675033 141.6868605679189
39627847639236665 -3776.4919501266763 2202.248213903305 190.24974919376206
39627823501021722 -2715.736032064408 1491.0292967604807 79.23241084381209
39627829503070886 -3326.6407687503306 2000.3742800410944 117.20744912415132
39627829515651893 -2431.144476336734 1423.7654176032904 81.80669010741661
39627823492632980 -3307.9178953177593 1856.897903908328 99.0347126108072
39627823492633009 -3303.4494714878897 1854.3154740140703 98.74919609064578
39627847651824793 -4024.2694910418327 2254.9850397582286 203.2467570756158
39627817448636955 -3254.643985877605 1857.7388978212311 88.56716723000173
39627847643433946 -3536.0934678775902 2031.759904822657 181.25296338407844
39627847643434332 -2719.3039776698215 1561.4237110842637 139.75650899863524
39627871785848927 -2604.000176224198 1507.9408568581257 183.9579050370372
39627871785848985 -3204.875242348124 1855.6684327190271 226.4334881009801
39627841620412304 -3168.245013412723 1749.596569795483 149.82050937379964
39627859706253039 -3532.087890297473 2104.821988301425 223.03710876654168
39627859706252959 -3546.980459779855 2114.136468451823 223.517080623573
39627811413034040 -3055.9315602748784 1725.1334516355257 54.28994329966174
39627847643433971 -3819.5241280165046 2194.515385109839 195.40590318566097
39627829536625187 -2472.467523185964 1371.7447945908416 81.87482055060839
39627811396259122 -3832.618098495845 2243.8238594724653 78.79359404300283
39627859710447479 -3986.858358505087 2351.490090142842 240.78666813994874
39627829536621868 -2926.287751630257 1634.7647448262771 97.81688083135751
39627829503066337 -2884.4454627956793 1749.6691895234255 99.51853744644119
39627847651822769 -2253.461664709522 1267.7098383455123 117.11430031325406
39627829498876254 -2992.6141236376734 1817.3825135239763 105.03598154427368
39627865767022125 -3068.9515353805386 1726.3508242721107 199.7114099807088
39627823496823822 -2853.8858102676945 1595.3132528379822 78.66173573265485
39627829540818244 -2840.8937551261583 1564.2815061746908 103.1760042184021
39627823492629751 -2528.399265595789 1427.1614312253625 70.67588648366615
39627823492629880 -3535.490810848244 1995.0588076323127 98.62470572366573
39627853683232087 -2552.892494709961 1465.1455887028344 143.67981862285086
39627847651822468 -3576.98751375737 2013.381376896691 183.57685861706327
39627847643433861 -2775.7124727479795 1595.0450675991963 143.66239496215286
39627853679035593 -3714.981408874131 2160.6646472018037 212.4224364458764
39627841591051684 -3399.79270759338 2017.3156460377195 148.12725949296933
39627865775409729 -2718.914613727539 1500.6324160812221 176.88123906934518
39627829528236701 -3799.116254285883 2152.554372483209 130.94160211645317
39627859723032755 -3057.9776438699982 1747.9469592470782 190.49982239535905
39627823471657200 -2570.8799652928287 1529.0724677617063 81.17628358941546
39627829519843678 -3063.438978403262 1785.3250582967896 101.62175806976127
39627829545010739 -3658.7259773938777 2000.642863032554 122.36738503659707
39627829528236670 -2788.8303129488786 1580.2305605095187 99.36059949682216
39627847656017263 -3610.11998842246 2008.5473525101256 178.03808750590198
39627829545010775 -2713.121518144051 1483.4543329578864 91.62707247439928
39627841612024858 -3547.67851547633 1997.2294817588302 165.19519958835386
39627871794235374 -2562.7500120708823 1461.5486736461285 178.54010038799166
39627865771215324 -2620.3677534749777 1461.9305206720896 173.22268557995403
39627817448639121 -2909.6015147480216 1652.9884228315593 75.60440018761167
39627823492629490 -3577.495500156667 2020.4313286797153 113.23228675881506
39627865750243724 -2692.5249744546886 1581.2567703234256 174.85224376559572
39627835559644562 -3962.846305932458 2294.994241247744 151.74970691473843
39627853691621169 -3255.944937156657 1828.9010656290275 171.46178580466017
39627865767022183 -2773.1478368211338 1559.7776362186523 178.5502639957501
39627847660213340 -2818.9697284944 1547.137467720634 145.2287968691313
39627817452830999 -3146.8065889106024 1779.5720136587347 74.64346767763128
39627829545009354 -3573.11337525873 1959.5871798137237 123.57199399022562
39627853691619989 -2950.3367799389134 1660.842185529431 160.5485223703322
39627829536624333 -3410.873250112352 1895.8536477462299 111.3750358901903
39627835555451007 -3238.1730505927258 1892.9879060055523 132.9625875208894
39627835576423319 -3593.6438762412454 1992.3695410354476 134.55652093422347
39627835559644627 -3393.663564831837 1965.1192397985894 129.88138295371937
39627817436057774 -2909.8782947181303 1701.6385883772723 79.95262789233935
39627823471658459 -3905.0407400503923 2318.346175970853 116.6461928929589
39627823492632046 -3096.449876358158 1740.6556011252285 94.57252858047676
39627865771217288 -2506.020793675218 1391.8077219021939 160.4284991644617
39627823492631997 -2580.366809211884 1450.6692743720714 78.8398466236628
39627817436058051 -3157.2175577671715 1845.3848769421243 85.59195898321092
39627841612024043 -3312.771580120778 1867.7885809472325 156.96377571612663
39627865750241841 -4002.231106100089 2358.884726218969 255.39016159298225
39627865750241829 -4003.2796764646655 2359.52706077825 254.68661186052938
39627847664406864 -2716.92383162831 1476.083883079577 132.02264715002525
39627823492629247 -3375.4675804650433 1907.2267233518407 106.70899123445298
39627823492628961 -2583.32410399361 1460.4179729240986 80.86813191085378
39627841599442309 -2982.758276325133 1730.2042630199992 141.3137832155367
39627853695815075 -3603.061430015086 2003.4961221176484 192.67045682252163
39627829498876320 -3251.514446332851 1974.3147897444896 122.02972963480661
39627853691620034 -2950.9428299937213 1661.061182584871 160.82109498319915
39627865754441052 -3737.839776039093 2163.15454388412 241.14929606525737
39627853695811844 -2553.7489812604463 1429.5103307644931 137.72265247669432
39627847664406949 -2977.00044775239 1617.1141012842982 143.022585426404
39627805373238465 -2993.958064990639 1683.8085789150298 51.36296718059378
39627811413035159 -2425.753535741132 1366.2581068618797 46.840391509124274
39627805373238692 -2704.203707512014 1520.2739864204177 45.256381366763165
39627811413036200 -3815.3431418515383 2144.946782315034 71.88476791440091
39627853687423344 -2837.414589107816 1620.918408480644 149.98682031373272
39627853687423281 -3490.348381873013 1994.13171087302 185.62537753449448
39627829545010870 -2806.7227064186177 1534.293301179024 96.76583202798085
39627823505213527 -2848.5040870966436 1555.9854082191512 84.63331897888902
39627841586857622 -2833.374864523733 1696.888431385045 131.7014103777941
39627859710444159 -2737.595142582257 1626.05047792839 164.0256002948163
39627823505213601 -2500.282652939788 1365.5074302985406 74.51479704416778
39627823505213974 -2507.7637426379024 1368.246539424914 73.89998177762257
39627841586858954 -2573.924902589694 1537.773270117644 123.89113709014674
39627847639242202 -2782.607162527145 1606.9872372381667 134.75918129002002
39627811392065217 -2715.3038963538024 1604.2972224438486 59.4802188218407
39627847643436766 -2312.8493509489867 1322.3294091183325 119.37488791099598
39627841607833002 -4050.481891078719 2294.4525522158124 186.0847436704048
39627811413035450 -3657.3518032166844 2058.9662274396646 67.93498328599713
39627805356463305 -2471.9223606501578 1442.8962724085045 36.95013276258161
39627811413035364 -2958.2043188807875 1665.589365607305 55.059215975722296
39627805364851311 -2533.261326463047 1449.994854358682 34.38634944666496
39627805369043008 -2515.40622799249 1432.0548598432897 33.65183287582278
39627805364851205 -3638.241773064415 2082.960220221126 48.3391794633375
39627817423473328 -3556.0491148752108 2146.580242905898 99.64385642279862
39627805369043014 -3144.3749356510184 1790.0953618799908 41.7648906790461
39627805364849558 -2808.166379237374 1612.8438498608555 37.21609473060494
39627811400453978 -3060.4532787761614 1773.6126611126638 55.971509690337726
39627811417229757 -3730.8866512226427 2079.036544800892 75.75828069099076
39627805364851745 -3016.482379372859 1725.0909008983854 39.95398368768146
39627853679037006 -2877.8253314505296 1668.5935094579868 163.49163959219246
39627811400453863 -2997.0395308157 1737.2433980112487 54.96436261314153
39627805364849531 -2999.676751580594 1722.8951513863801 39.73476363472496
39627805369042663 -3040.884589373734 1732.236035772878 42.27442050801035
39627823463272566 -3715.0529737469724 2236.4946723810776 104.415441870752
39627847647626692 -2601.239916749312 1483.2049048331337 133.5416370990116
39627841586858481 -2803.4498078902225 1676.2547590151735 129.55502597039052
39627853704203177 -2255.595429764441 1230.2701581544063 118.1643718946958
39627811417229305 -3127.1419442958268 1744.3665226705468 63.34578130210211
39627841586860200 -3517.0928670106005 2097.0408482706475 162.82158740291052
39627847647629586 -2554.8503662073354 1450.2070569744953 132.71289619853903
39627829536625573 -3457.3269078340786 1916.5010599554882 117.48007274404422
39627811417229439 -3336.418318956026 1860.546745752168 68.64717756248365
39627829519844683 -3768.934038801435 2192.0983472643675 128.42786841208414
39627811400454034 -2945.026529238787 1706.54678901776 54.434595999075206
39627859731416162 -2919.3110940406104 1648.381360736445 170.738532527544
39627847647628920 -3639.327195630035 2067.7321336443115 189.51740470407375
39627823505213741 -3062.854219514172 1672.0711665095378 89.35774465821191
39627847647628501 -3046.063451792677 1731.7121110713254 157.18320679564917
39627829519844365 -2817.7626225249687 1639.8224016780077 96.30633695239165
39627811400454365 -3225.1920823314103 1867.7265144127423 58.82560200942855
39627841595250112 -3431.61961413073 2002.9417901462396 158.2273767653392
39627841595245251 -3907.4685973709948 2298.6378439815335 178.5373823853321
39627847647628928 -2988.264925835684 1697.798739001558 155.45865588257686
39627811417229500 -2789.4019503601908 1555.3270979779836 57.99140137885015
39627841595248755 -3290.8463281634426 1924.5651507069094 152.23069728253253
39627853670649686 -3464.495516396771 2043.045471035298 188.19157753755195
