data/coord/ELG_19_clustering_data.ecsv
# %ECSV 1.0
# ---
# datatype:
# - {name: TARGETID, datatype: int64}
# - {name: X, unit: deg, datatype: float64}
# - {name: Y, unit: deg, datatype: float64}
# - {name: Z, unit: deg, datatype: float64}
# schema: astropy-2.0
TARGETID X Y Z
[from data line 7170]
39633149587622482 -1142.1761945158485 -1668.1650215375046 1949.6264691580625
39633118675600199 -1553.7890721691097 -2385.6420970215836 2595.937631553826
39633127601079200 -1619.2290427693813 -2505.91546648331 2759.306290559179
39633153932921663 -1195.0893911792236 -1744.729325163667 2058.0068423849566
39633127601078672 -1359.348472455212 -2100.217640118442 2315.5878563613587
39633127596887299 -1442.2775393067675 -2221.3945305608404 2455.501408499304
39633158269830640 -1051.9830570918527 -1583.1767445864027 1873.7900109162244
39633136442674487 -1813.0817595145932 -2733.4588409006546 3073.5364399791824
39633123155116351 -1232.8253856239392 -1938.321894960043 2109.074741271804
39633127601082467 -1114.146747060583 -1740.4197852598088 1902.3475062029895
39633123155117660 -1800.1316376051661 -2841.7600491751655 3078.942055702734
39633140825719766 -1339.9727229149848 -1893.1750200553493 2192.851729045585
39633123150925013 -1464.2511754649051 -2292.970533367444 2500.4614876210217
39633127592692772 -1284.4465206571729 -1948.5262244479268 2162.6744179451593
39633145246517784 -1603.4067702410669 -2547.713576904078 2873.384102818783
39633123155117416 -1088.958077710087 -1717.6836718272098 1864.1192909000308
39633123150925304 -1563.7231193427256 -2450.8881220525145 2672.884826452005
39633153924532416 -1900.487736099171 -2702.6758757047332 3216.836591220703
39633149575039852 -1403.851334432564 -1976.9023251715482 2338.174076158784
39633149575039795 -1470.3101812681327 -2069.9671435195846 2458.174933983654
39633149575039776 -1934.6636559166511 -2723.3370069548337 3222.1674207449587
39633132030263761 -1245.6363534487539 -1891.308411236805 2113.874081730369
39633123155117015 -1736.5953402545483 -2736.0250821286013 2971.5048103129416
39633153928727666 -1748.6902744208642 -2528.3255024382124 2990.281604836034
39633127580106897 -1688.7740237568346 -2445.0008501245893 2739.0965004543955
39633153949696701 -1591.3463888229437 -2433.773998317839 2839.248042577064
39633132030264905 -1532.167290909841 -2335.8171525781236 2603.8237170119132
39633136463642738 -1205.4385970205294 -1917.3151154338111 2134.824072081956
39633149612788260 -1791.9150672936582 -2832.567454513603 3228.974289343092
39633153949697798 -1660.9304015248301 -2551.691065640142 2964.891965622026
39633149575040016 -1720.141433554318 -2423.7928857134943 2876.952605611199
39633149575039823 -1541.7647861795242 -2170.8341620706005 2577.822492400397
39633153932919373 -1506.507638721384 -2184.0397825588893 2579.161013491604
39633140825719688 -1150.7619672563642 -1625.3803974497398 1881.980644110494
39633140829913276 -1555.3591352322799 -2219.51765903125 2579.3154902548677
39633123155117594 -1231.2564610514103 -1943.32337627648 2107.4293517000774
39633145217157352 -1432.0991659839203 -2071.2273854039954 2405.175917136048
39633145233935214 -1258.1650543588319 -1922.8319294777104 2203.6747514048325
39633123155117202 -1462.2224378592093 -2304.933975997814 2502.847335956423
39633153958087016 -1725.8892946478688 -2726.3624377384276 3153.2823879569933
39633153920338975 -1446.6265800556243 -2034.264792475602 2423.038414214554
39633158282413985 -1049.0304710523308 -1647.561407820185 1924.5523504885464
39633127601082262 -1297.8174758346722 -2026.4062600732682 2217.6863210991755
39633123146731411 -1741.2230758618377 -2698.041266546193 2935.9592502346813
39633136455257605 -1578.0933119871406 -2475.211208050229 2749.790546390297
39633145221352809 -1609.0585898184145 -2363.2000350375747 2748.199933345096
39633149612788970 -1510.618367874949 -2393.9890232788325 2743.6386012731255
39633153958086913 -1497.7499948510422 -2365.2933441588134 2735.4952720780248
39633153932919462 -1876.7653244177 -2721.616940897015 3209.0486598267403
39633162564798086 -1796.66135491141 -2586.78717043334 3120.920031653847
39633162564797862 -1323.044568795579 -1903.6010654184918 2296.919376277411
39633127601080264 -1330.4057426974898 -2065.3295548829287 2268.4201596546527
39633162589964322 -1282.5894356260787 -2008.1534360631736 2353.266988437102
39633162589964234 -1549.4935237933541 -2425.249094741972 2841.7245738707757
39633162581575202 -1258.8516665484883 -1914.8084016118903 2266.9868796063943
39633162581574981 -1276.5559494532843 -1939.9139436739201 2300.9014877138948
39633127580109335 -1660.727616495859 -2420.4492580967294 2714.828691215947
39633162581575012 -1674.7857395323447 -2545.432598277153 3016.0489103880145
39633127601082221 -1459.1622359646472 -2278.082392334468 2493.145646607058
39633145212962760 -1461.0925047734174 -2088.312344226306 2449.4630427697416
39633162589963776 -1194.5053497750628 -1866.058757215646 2190.369312133956
39633145246518594 -1111.8530974628648 -1771.3304982909815 2003.8891904271459
39633145212964572 -1808.3070841107992 -2597.8350016036125 3030.3133912741823
39633118667211968 -1876.298006706783 -2811.2067676133925 3069.6915041668785
39633118667212105 -1387.61181754906 -2079.914540196175 2270.3142329307716
39633123155116588 -1190.4613854843835 -1873.1646838473878 2035.0675445028587
39633162581575958 -1271.8362446589697 -1940.8998765898364 2290.5971515911287
39633127571719092 -1272.7993349284056 -1801.0378484916023 2034.4037611506176
39633114170917522 -1905.855159508153 -2828.2520949379714 3083.5253738229117
39633145246518381 -1303.7990915878913 -2075.790344657987 2347.0289362211324
39633149612789624 -1471.045632264824 -2336.3975366596505 2664.9772485225826
39633123129951857 -1459.4315794031781 -2132.0893026436015 2366.2637148020813
39633132013487857 -1513.9604559105355 -2192.073742889217 2485.6075731871483
39633145238127174 -1547.8370791290286 -2380.0562752838036 2707.336738345221
39633162581575193 -1655.7633329121554 -2518.4830817249476 2983.838194776271
39633162581575123 -1573.165078652363 -2392.111222995007 2835.6493315595417
39633158257249208 -1099.905600524943 -1599.960103875873 1916.0542325898257
39633145233935175 -1244.9728064947546 -1902.3798153687214 2179.6377463761237
39633149591814201 -1182.4980604496527 -1735.6373510586468 2033.6355053539667
39633118667214266 -1483.346173770447 -2239.031381840157 2442.086287679745
39633145250711053 -1343.8781654497213 -2156.0560064717793 2437.6498987232494
39633145238128896 -1534.3757922521097 -2373.3639010007705 2713.585221020344
39633118658825305 -1143.450598315666 -1681.1009233232771 1853.527711275296
39633132042848649 -1253.0096902971068 -1993.7646537974506 2186.476531823384
39633127584303036 -1479.2291942916274 -2181.192239860217 2433.7859569150723
39633153941308638 -1833.7359238500571 -2737.4334319231557 3213.938294886625
39633127609467987 -1714.7265598679364 -2726.43295520736 2989.6454564896762
39633145238127431 -1060.6327592343391 -1632.5195792555478 1865.0326144057417
39633162564798547 -1604.710220091285 -2313.962475443689 2780.938787610882
39633149591814861 -1292.4805922858905 -1901.4643603792524 2221.0064140941463
39633136438477575 -1354.3941441293807 -1996.5111211829978 2260.52906825207
39633149591814742 -1376.741925905367 -2024.600879712362 2365.192348754267
39633123138340864 -1081.9039666991719 -1624.285455627046 1795.51762993688
39633132021878154 -1197.8365587848616 -1791.2164084126587 2015.805293696489
39633140829913855 -1431.384774347043 -2046.792695669878 2374.69951431516
39633132017682949 -1763.5387714722635 -2594.9812599936336 2922.788018986833
39633162581573830 -1309.606093012791 -1979.5119351099243 2347.019936435045
39633145242323293 -1181.6108691662594 -1851.0809611210523 2097.837922645095
39633123138340662 -1241.9852973082761 -1863.1630175403807 2047.1512779385123
39633123146729970 -1139.5562808023335 -1758.112558581064 1913.3512920605199
39633127575912627 -1230.732908477291 -1759.6801706232043 1990.3295497488546
39633132000903927 -1090.9389547686424 -1516.4435078402705 1738.8866306316293
39633127609467356 -1061.954683546411 -1684.5805575112884 1843.062894281029
39633145246515987 -1368.7196503077466 -2160.832514591453 2456.7118755962733
39633132026072382 -1444.903032069691 -2190.220324849611 2445.3041920657897
39633149604397518 -1184.592297508156 -1811.2058051953948 2088.8877097886584
39633145242323312 -1184.0571816548954 -1855.0973781687435 2101.760502278692
39633145246516370 -1397.8781977622452 -2209.7472481827326 2512.5777125113045
39633118654629991 -1305.155533255213 -1888.526037491681 2094.214449150048
39633136438477679 -1352.255072831651 -1993.9559891475983 2256.6524387061463
39633123146727811 -1157.7135535425862 -1773.9212817930277 1947.835474170282
39633149591815018 -1633.9330210980897 -2405.0638730146097 2808.850881603502
39633158253052437 -1342.1312577519584 -1911.5048477282792 2299.7820890330313
39633118654631255 -1141.0855102041487 -1658.562625360301 1824.9491306530515
39633153941308020 -1361.4158101700837 -2027.2376022264853 2379.073670530951
39633153941308036 -1401.8369202978058 -2087.5471498284587 2449.920374346828
39633136459449130 -1438.9863651894716 -2263.226250554955 2524.0240587345806
39633132030263331 -1575.3578715450576 -2388.5593175375093 2664.907608097398
39633132030263583 -1799.4560202211562 -2730.5382695426247 3046.9682100478394
39633149596011154 -1287.3482741750695 -1932.3629913251382 2242.0001538430997
39633145238127505 -1579.2108107145914 -2431.351156188842 2779.405732794281
39633153962280023 -1423.9050541467373 -2269.473833711289 2604.5441120990663
39633162573185112 -1770.2062273217864 -2604.2187828927354 3108.3965479643743
39633140829915716 -1576.7714079700474 -2269.1742443259336 2624.6481721617097
39633123146727676 -1161.4960704016553 -1779.010877220728 1941.6338207698568
39633136459449229 -1130.912169265947 -1779.1748491099943 1984.7549868718288
39633158253054188 -1770.1727942158745 -2536.6908485745043 3039.520587680723
39633145242323361 -1730.093829886324 -2710.9525988894907 3072.6871057958333
39633127580109684 -1837.35587768845 -2680.2643842420716 2999.4066810283634
39633149616982676 -1045.5939600797722 -1675.8753507665074 1903.4702555897957
39633132000905224 -1265.2212208203805 -1766.4030348894573 2034.4229407656044
39633136434283679 -1580.4136332681946 -2303.697285141021 2619.0336523888727
39633123121563150 -1492.2584688877816 -2125.788891672376 2375.824777010647
39633140829914272 -1699.81598333525 -2434.3255168941128 2826.917954288291
39633136463646202 -1199.2461262448767 -1930.7437232035197 2142.325552610562
39633153928727145 -1311.3878863556847 -1892.3794086004098 2244.497872475065
39633140829914102 -1178.0241091596483 -1685.888197414452 1959.5108374214408
39633153962279302 -1616.230917552907 -2569.4195410353686 2948.8055657241553
39633158253053947 -1770.9833500357363 -2535.747429069305 3040.2294913211786
39633140829914069 -1653.5522313997972 -2366.1131420804477 2751.0554567471763
39633145233935398 -1243.2981764656158 -1901.4537528896772 2179.6717053415964
39633162573185716 -1825.466818175362 -2690.9972767801423 3221.6451024332086
39633153941307926 -1819.3690750938151 -2708.1571204581232 3180.3621939738623
39633149583428579 -1647.3213435432845 -2377.242471354747 2784.8566599007986
39633149591817442 -1797.8927089851509 -2669.802260799306 3108.836594740313
39633153932920792 -1043.7676849055536 -1519.7848234246844 1796.2473738331653
39633123142535852 -1569.9315456635131 -2392.204881821637 2621.8481876369547
39633149591817341 -1681.5539404438232 -2495.9965654467837 2906.0335549051147
39633149600203470 -1383.1026405628422 -2089.130138044866 2426.123432968591
39633149583428674 -1875.0993185697264 -2706.8059449655225 3170.1683807823183
39633123138340510 -1248.1981500099414 -1871.5900142172532 2056.0724015723454
39633118667211919 -1495.9228067300016 -2240.9575796728604 2445.4804797564916
39633123138341744 -1313.6821145946724 -1978.5722932526528 2168.617676165589
39633123138341681 -1580.9416020344363 -2380.6260412599004 2610.8184699574335
39633123121563124 -1216.4817582195856 -1732.7959264971569 1936.4388401877966
39633132009295268 -1346.7868511076897 -1935.1019841064335 2191.7598234648044
39633118671407365 -1096.1772418162104 -1669.3963403292848 1821.072679314134
39633162564796811 -1551.9099947207574 -2225.9351124467 2683.0489967168596
39633149591815008 -1151.9066738125377 -1695.4923557002096 1978.583921080612
39633118671407309 -1650.3513370168291 -2512.836069282693 2739.6202430179947
39633132000904857 -1737.335869865994 -2422.39371908208 2771.0916466502117
39633136430088995 -1351.775609820277 -1942.2386924489688 2231.840725767351
39633123146731492 -1365.0832119688318 -2115.622020783517 2313.9796672515495
39633162564798119 -1290.7081123292064 -1858.5786266049074 2236.2468601669766
39633127580109552 -1847.056561847107 -2693.5603568266474 3014.368468711958
39633153958086855 -1387.1083608898678 -2190.2369221402823 2528.4125633570984
39633132000904906 -1870.0009379530336 -2607.809984843622 2983.5502618573123
39633127567528351 -1489.1879949574636 -2101.032372595604 2385.934261509791
39633149600205615 -1792.899574996948 -2729.397286042491 3147.3247818264963
39633127601081020 -1237.9708022812638 -1926.3519950963616 2113.1549239076376
39633153932919546 -1677.2192889965343 -2432.9098775558273 2866.852128810435
39633132030264481 -1465.1100501622582 -2230.177541472509 2490.481003391044
39633123150921969 -1711.5682896836847 -2655.4144400340206 2901.0758295098663
39633132000903420 -1428.4420668659893 -1982.3698436335762 2281.2393186790814
39633149591814575 -1883.3994650858315 -2768.0413164932493 3229.250849372658
39633136438480152 -1703.4018288526274 -2532.2991772948194 2863.798225149819
39633140829914534 -1447.4075592160018 -2074.6157508483116 2400.305323739003
39633145233934844 -1385.5185452985438 -2114.528770759808 2411.7893164231646
39633132000905173 -1681.609359952291 -2347.280396865068 2700.613615939717
39633136417508458 -1515.0607555925587 -2115.076550317514 2456.808625597384
39633136417506092 -1301.3062154559818 -1800.8686377298936 2088.543563242888
39633136417506724 -1913.8855646194284 -2655.296260933819 3076.428009760027
39633132038655131 -1148.2510484981372 -1803.2633974310286 1987.0520616400684
39633136421699718 -1358.7515360853674 -1899.4180461381693 2205.4125279137465
39633140829916400 -1383.060506346132 -1994.4422686434427 2293.584940194975
39633136417506224 -1690.5284454659597 -2340.715333919576 2710.6343712276266
39633145238129517 -1418.3911509514953 -2198.287063173106 2508.043072401174
39633140829916496 -1120.1465859866591 -1615.64394034693 1859.0052821811648
39633118654627994 -1269.908767695013 -1826.0754320304607 2013.3948027439494
39633140855079929 -1341.8181206122188 -2074.9232393685256 2336.0691088690223
39633149591816461 -1475.3445350940679 -2181.8899112608983 2553.273010658914
39633127571722038 -1581.8766839318182 -2258.7700376875623 2556.3920394772604
39633145212962509 -1126.8951375421184 -1609.2256948194467 1873.3059430585006
39633132005097989 -1147.6884691810076 -1614.3311713732876 1854.015816254662
39633145212962596 -1781.016549719776 -2544.0471305376373 2962.393461768299
39633118654628067 -1216.8907886997358 -1750.201767754119 1943.69921926002
39633145212963620 -1390.5949692423471 -1993.0478042043799 2329.8994383307695
39633118654631448 -1200.5835621225463 -1746.2294177126214 1925.5738779597127
39633145212963788 -1634.2466993084277 -2343.1209330027805 2738.7605604784085
39633132038656217 -1087.1274769874271 -1713.3599420281964 1888.5027887267843
39633145212963524 -1771.3559165859008 -2538.2100272581447 2968.368151543669
39633123146729958 -1454.3617454540106 -2243.72791585452 2445.68621750328
39633132038655973 -1151.7280075582128 -1813.629857115244 1999.2003820078562
39633162564796914 -1448.3648345458348 -2077.957338996754 2509.1648837944867
39633145212963403 -1651.5115143420383 -2365.888480958096 2767.248394175889
39633145233935784 -1482.7401679290183 -2270.9783758214853 2607.3600340894
39633153932919847 -1594.1183588960398 -2314.52969614613 2744.1589576299975
39633162589963466 -1306.9291176441268 -2038.6271996476557 2391.136585012312
39633127601078902 -1601.7594955996294 -2476.479579253553 2729.0042866542985
39633127571722083 -1833.323448970417 -2618.1309461848655 2964.5227814478617
