data/coord/ELG_17_clustering_data.ecsv
# %ECSV 1.0
# ---
# datatype:
# - {name: TARGETID, datatype: int64}
# - {name: X, unit: deg, datatype: float64}
# - {name: Y, unit: deg, datatype: float64}
# - {name: Z, unit: deg, datatype: float64}
# schema: astropy-2.0
TARGETID X Y Z
[from data line 1888]
39627752059438282 -2357.311412577985 -1519.709703643396 -68.70025209127895
39627764147421633 -2422.9971515023713 -1589.592949556954 -49.0222610015863
39627752051049999 -3190.886495121968 -2019.4083328547708 -102.56212279167568
39627800390403219 -3444.7091079082943 -2284.9419931974203 29.750431436287265
39627758099237995 -2673.2148851518214 -1727.7355638830986 -69.46734925362122
39627758099238131 -2959.309318146597 -1912.9682095867056 -77.30571554628
39627794325438720 -2502.208296361842 -1564.2570414801708 11.12346042116457
39627758099238151 -3255.126069926645 -2104.2523930120283 -85.32553829872208
39627739975649744 -2502.2820507405745 -1602.0336497983337 -103.63191104414234
39627739975649755 -2496.9602937633167 -1598.6538338806427 -103.20236430260229
39627758086655527 -2753.2035447765156 -1732.3440404897108 -76.515245550188
39627764147424440 -2940.6966934398056 -1939.5565321966715 -66.56773150235963
39627758099235035 -2682.8524991192053 -1726.143781842745 -68.97722041933778
39627794325438623 -3378.511879764135 -2111.67105488986 14.674973749648201
39627770162054463 -3538.667004119782 -2195.415618101546 -58.63942727124238
39627794329633084 -3749.173417170521 -2366.8017272678712 12.014767851921581
39627739975649809 -2597.7709745661905 -1663.351714610519 -108.24034015839196
39627794342219175 -3245.2078200818423 -2122.181837979534 22.022455455445467
39627800390402177 -3389.178811489302 -2243.5268781858404 28.674749559168777
39627739975649827 -3323.6503694831977 -2128.1887173326318 -139.20590093680357
39627764130644975 -3007.3765902832474 -1900.8312041686202 -61.563921904791755
39627764160006485 -3093.0233215361045 -2094.563317769429 -70.25228812039015
39627752059438635 -2678.127212854558 -1727.7344273380477 -77.16139371561322
39627800390402976 -2928.578473963943 -1941.5153820887522 25.58805594350319
39627800390403081 -2974.980748671137 -1972.6674046253497 26.12663373605527
39627770166250642 -3020.3154607789847 -1899.4109972666602 -48.277684340475254
39627794354799369 -3621.2749552047903 -2422.5892149557762 23.318463839176378
39627794354800803 -2475.140512183957 -1659.9358966558025 7.617260528094775
39627794333830705 -3189.902182792632 -2045.000687937137 20.170922536125016
39627788315002932 -2587.394516729643 -1733.886030361084 -0.5836905748362161
39627788315002277 -3707.882401505895 -2482.527131806353 7.450590919794087
39627739979845014 -3384.7132236601374 -2189.7143623887077 -132.66970590721763
39627770157864285 -3152.5929295488886 -1950.5571625512066 -53.587443789667134
39627764139032747 -3274.81104092178 -2107.028872680818 -72.7234220139018
39627794346410496 -3148.981200729976 -2066.172699380912 9.278352479759073
39627770157861810 -2845.018392513239 -1752.6463450599158 -49.708157133894325
39627794329636594 -3512.918807110926 -2231.8653739017454 25.9581213896558
39627764139033070 -3014.626756327889 -1940.7473376035323 -62.66062608060224
39627770157864298 -3639.2987684700443 -2251.7684539258416 -62.302407519733016
39627776210240286 -2776.2954264928067 -1754.0524237845839 -21.857650100906856
39627764151617248 -2430.9723945598485 -1613.6352286179044 -56.77053187425318
39627764143227861 -2505.8426464591835 -1629.6783280170225 -48.97359677651639
39627764143228891 -3871.1060010159954 -2521.8600470256906 -77.46327726992573
39627788306614919 -2925.0630478706894 -1928.4817145911977 5.1505833558496255
39627788306613956 -2651.127655017898 -1744.502933242425 2.167703412933789
39627764160006046 -2956.1476574361795 -2000.3914545975178 -59.03585853203243
39627752055247421 -3404.9305303761325 -2187.7532393280094 -114.37511276524569
39627764160005754 -3210.620510130531 -2171.4085110440647 -66.492090154284
39627806405036024 -3577.728745972131 -2242.882684762678 47.82900774357076
39627752051049195 -2972.382488293242 -1878.137160472881 -96.51792420730999
39627746019642975 -2853.8382453322156 -1846.9907503060247 -110.76655388096319
39627794329636463 -2897.865381197416 -1840.6679466039413 21.647862067627933
39627794333831622 -2682.2237084517087 -1722.6902989202677 16.2456393198968
39627776210241134 -2674.544482093554 -1692.0480289875477 -33.21083504874878
39627788302422538 -2715.6933680426364 -1778.099944408035 6.249107628158964
39627764151621103 -2465.595069902614 -1646.2043495190132 -51.22565796554171
39627770157860086 -3567.937618490793 -2191.2913140799133 -63.37892749286428
39627752059438024 -2554.4013803846515 -1646.026345271461 -73.36982889942821
39627764134842024 -3355.768353979334 -2151.0647135925146 -68.87910235441872
39627788302422555 -2827.9171077298197 -1851.6428354339935 6.041014936136678
39627776210240290 -2873.284165166702 -1815.3413870030822 -22.82956652879485
39627770157860052 -3232.9001216764213 -1985.4058017092532 -57.49355104398012
39627776235409135 -2713.0894984527217 -1823.0856916139182 -30.07658940920309
39627764143228126 -3480.113730309007 -2264.2540616977676 -64.6493362655515
39627788302421879 -2066.897423820011 -1351.5990018480682 3.3670721368011396
39627758090850652 -3251.2422585411477 -2067.6624349936956 -85.3137216060663
39627788285644408 -2614.2454914473838 -1643.03451432207 5.7771503567786775
39627770191414257 -2628.915413578802 -1742.3172904643989 -40.10074867517449
39627788310808449 -3443.342569688709 -2286.7013240599867 -3.050124051524774
39627794325442414 -3335.743507000354 -2100.4629217696693 11.723309300853263
39627788289838501 -2781.6456205333848 -1766.1168153501576 -5.912034744256642
39627770170441916 -3492.9212758609447 -2204.3792011944865 -46.056803491246185
39627788289838165 -3130.1456467462767 -1986.3361517451494 -0.34943264784489037
39627800390404040 -3093.6484458180253 -2055.6792472070033 31.663943922030338
39627788285644753 -3749.4816400265677 -2358.039908267582 8.406382391494649
39627794329636621 -2931.3787839729052 -1862.492381211188 9.667181484883347
39627788289836835 -2965.3849435498137 -1877.5355228949084 3.9332613841686626
39627788306616762 -2854.82526858649 -1887.619449980887 -0.6649970434791012
39627788306616729 -2797.0054460742267 -1849.3063841741327 -0.7446958716229476
39627746032226120 -2382.4088165290545 -1587.6681789013198 -85.46680502428511
39627788310808401 -3234.333714149167 -2147.7317853719314 -3.470516516368641
39627788306616652 -3318.1566411602957 -2193.65430837024 -0.9635047035317449
39627770166249194 -2568.963905398369 -1610.7551145579662 -44.3786980756405
39627770166249075 -3262.0575020495867 -2044.7817816093857 -55.69340584396764
39627788285646496 -3738.1720825490975 -2357.9763732630818 -2.4052443634785683
39627788306616434 -2973.2747986148734 -1965.041579875468 -1.0937819637900306
39627746032226032 -3130.2912208546504 -2085.7053385651548 -112.02699660306752
39627770166252063 -2324.611177503582 -1466.04901356951 -30.579515593287812
39627782275203164 -3454.2062226000894 -2308.205991849056 -27.01465063336505
39627788289839897 -2738.560721049594 -1742.5201369167735 -4.687290904001985
39627758095043576 -3403.601922229624 -2180.0598123054924 -83.47581019084943
39627752051049305 -3336.34257423988 -2108.5417364661266 -109.50930235780126
39627764126451469 -3145.486669165873 -1971.8628130813838 -68.82868107843926
39627770162055184 -3043.091973741376 -1890.5811779315857 -50.052177496562216
39627782237455648 -2027.9578452545832 -1246.0305806166157 -7.2248944853198855
39627764113869418 -2743.8452297128933 -1674.1505324601349 -52.495329001628285
39627776222823479 -2439.9123555119704 -1587.5528127596378 -30.625421064735647
39627782237455502 -3518.0505253895167 -2160.9374773896257 -12.312697442252485
39627770162054903 -3237.1107349198574 -2010.0468159371335 -52.37688086438978
39627794338024294 -2622.221346905122 -1696.3123144923595 11.555908374660579
39627794354801040 -2875.554027530938 -1929.1987039881906 8.792709658990375
39627794338024116 -3491.5400878409737 -2257.921142697242 14.984991509930566
39627788310811272 -2498.641553448752 -1667.5530731818956 2.731686800697757
39627794325442597 -2545.335426776432 -1603.316495167997 10.133000231162907
39627794329636455 -2320.853430872695 -1474.1392787487775 16.566378796228534
39627788289839613 -3420.535957628881 -2175.507920613787 4.226438629289775
39627776235408842 -3700.3314861348053 -2485.3198557832793 -41.31347209988742
39627770199806716 -2572.8818469858948 -1748.5069968965192 -40.18418018174705
39627794338022586 -2625.1208080386623 -1692.6925402741097 19.334612472947242
39627752076215476 -2581.1991573266537 -1728.1721482303203 -82.52538794537173
39627739975648794 -3637.0232204579443 -2323.9312408993974 -150.0677460843342
39627788306612926 -3070.8056958791803 -2016.2696368692937 1.3447471988292798
39627764130649214 -3374.253559342858 -2148.307816047917 -62.17385101478661
39627794329633715 -2481.9182617085057 -1568.7803913944972 16.87202697717893
39627788277254161 -3196.99446805029 -1968.3455524537892 3.2136667701486967
39627770166248830 -3507.357985220274 -2197.477568711997 -61.35183304713374
39627758078264735 -2877.812958916093 -1768.5334161327821 -66.94805925658262
39627770195611832 -3516.945284782456 -2366.3942077363095 -60.02267100662062
39627800390405790 -3624.658972589046 -2416.3488326073916 32.188074394249696
39627758107623872 -2481.0357780543777 -1627.9015442896127 -64.83811105555425
39627800390405787 -2494.6330823500844 -1663.0178683745412 21.94814864961509
39627764139035803 -3032.78330355169 -1961.7666478406823 -67.47399289055964
39627746023836800 -2499.739282665954 -1631.0449248314867 -93.6734495499798
39627758090846834 -3356.8288842733114 -2120.6040422017695 -80.33168297059522
39627788277256303 -2856.409717915035 -1766.207266473706 -0.636285622154451
39627776222826675 -2646.573519124613 -1732.3847786637896 -31.76122618683214
39627764155813251 -2524.0600813006527 -1695.8933544777258 -53.74302585367012
39627788302423162 -3730.2073850857055 -2445.4911427344664 1.3983179720083718
39627788281450414 -3390.3042985562015 -2110.6856574752333 -6.16908931944105
39627758095045566 -3184.5263540688406 -2046.5098285758963 -85.49489834115504
39627739979846263 -3591.1653456415133 -2327.6480874204344 -144.79002343544195
39627764134843012 -2806.994802409251 -1802.6107757550176 -56.878489660640525
39627746007056860 -2681.682836147013 -1677.37206476595 -90.32965367659068
39627758120208629 -2622.890650832527 -1776.1838229175755 -62.987029438325074
39627764134842474 -2561.0557898517886 -1643.1053621433007 -51.23705604057545
39627758086655963 -3434.028288264269 -2162.546941271009 -87.01960209544428
39627758095045815 -2965.2401806901053 -1906.296392810877 -78.31562221202012
39627758095042396 -3318.5780850722717 -2121.343990910094 -89.89173311806337
39627806417622629 -3245.8880824182143 -2105.9550703057703 49.001016292318674
39627758095042190 -2394.591008233808 -1530.08649719382 -65.71238546774588
39627764118062988 -2017.5853734415502 -1241.8502054060848 -39.59078266694573
39627794342218108 -2765.2122648593977 -1804.7331964913972 10.417250772755208
39627776227016772 -2183.7662950038493 -1431.8461880158502 -17.45865013053555
39627800361042258 -2021.6667781829142 -1251.8876656543066 17.437045997884933
39627800386208157 -3826.4150182639123 -2510.6086079865086 43.5290192749749
39627758090846618 -2685.712223440524 -1695.8839792267352 -64.9185328442103
39627752042662756 -3442.614985025747 -2142.3703531515353 -101.52885678708832
39627800365236321 -2343.9645931657246 -1464.855395548031 28.19015894439449
39627764155810210 -2904.535721697319 -1941.8995823793925 -62.18143525565884
39627770199802529 -3202.4377474357734 -2162.00117883117 -51.90038583029907
39627758078267079 -2979.1183863338047 -1839.50169081068 -77.75500185333709
39627764130646853 -3883.4540753706897 -2462.9814769690424 -80.61291778597122
39627764151618677 -2856.4642533280935 -1900.3539802744888 -59.397604049574916
39627764134842766 -2563.9952661373336 -1645.8512631661688 -52.146981634646195
39627776214433958 -2933.0974184167844 -1869.0330874761673 -26.967181833093676
39627758099237250 -2333.510635445473 -1506.638790792671 -61.133593558394026
39627758078263690 -3257.289043790785 -1997.4590980132803 -83.36830255743524
39627794346413610 -3527.795516161955 -2328.0343340460654 21.429517405083924
39627770183027722 -2334.627106671856 -1523.508997838612 -40.76875441094744
39627770183027857 -3628.5547642476763 -2368.4568117370704 -64.19561758015733
39627782233262925 -2621.713602965944 -1600.263687969754 -17.36551917610136
39627758099239716 -2895.7862745209773 -1876.7874461033002 -73.83393971297434
39627764134842859 -3352.8155727646676 -2152.5159970978907 -67.1502518324054
39627770183029869 -2955.9537988165707 -1935.3189050819724 -41.783569726254996
39627758078263774 -3813.458481146087 -2338.9385465742407 -97.44323874120545
39627794325438958 -3590.6447987509587 -2245.5721908531964 18.44019174902648
39627794325439051 -2345.5345269352933 -1467.085105319428 11.945670884200643
39627758086652665 -3291.537008518777 -2059.797725173493 -91.89188807847859
39627776235409537 -3748.157736385569 -2520.2331238455363 -34.85214524886789
39627746002863657 -2646.000668360162 -1642.25967519159 -92.66324242358654
39627800382017337 -2485.668102407469 -1625.5849761516297 29.74721610785716
39627776235407082 -3455.57725126672 -2314.744555792092 -42.16385122976092
39627752059442424 -2943.6539985155964 -1911.189108738424 -85.98549934302848
39627800382017401 -2485.9127339765173 -1625.9467745767602 30.525625346543038
39627782241653704 -2948.2537340184003 -1840.0967547246314 -8.577046192914368
39627752055244016 -3029.6958150457854 -1934.3331593100677 -89.32746387225453
39627764160004438 -2478.4934744189845 -1672.5217683349451 -48.17768311068821
39627770162057073 -3770.968330439666 -2350.9371603495615 -59.852876789238195
39627800382017265 -2796.373586497746 -1828.5398316165242 34.821034166878746
39627782262622921 -2709.651582583243 -1769.0122832424095 -9.531791116994121
39627800369433013 -3061.4781756208004 -1940.1986562460554 34.81765059582403
39627752055247791 -2370.9392253428773 -1524.4371567450312 -70.08613703120578
39627788302422444 -2345.5989744011 -1535.4619604225677 -5.329977300192802
39627764130644398 -2921.501330577665 -1844.497104478442 -65.17100578011497
39627758095044939 -3565.2996682182584 -2288.9751908874414 -101.65953579124107
39627794342217122 -2483.744494086999 -1617.71878388868 13.065182228451098
39627782262622864 -3491.830831561226 -2279.4265962408444 -11.955201902571645
39627800356852475 -2472.2090560454953 -1529.4546955965677 20.426372192333083
39627782262622885 -3872.009262923229 -2527.6978209290683 -11.789527241028992
39627758086656606 -3242.5468112355634 -2044.316077674909 -81.84170522388422
39627758078264253 -3803.9856158335615 -2335.243043455329 -89.56986108909568
39627752072022892 -2429.509269986368 -1615.9382706303213 -77.48072084883682
39627752067826729 -2372.688691935477 -1558.3716345033802 -79.55111899660807
39627752063636393 -2640.831009285664 -1729.1005551346889 -77.31588234145748
39627752063631452 -3636.248130113352 -2361.682258408009 -108.62733436812371
39627752059442173 -3591.874124118419 -2330.928608806546 -102.83980080597468
39627752055247842 -3603.318562900297 -2317.029827089282 -106.12821080049571
39627770191416008 -2440.250060767168 -1621.632152688938 -43.733688118189136
39627764126450342 -3170.6826356417264 -1983.5222340087207 -63.343461723547136
39627752063631512 -2380.2964479383922 -1546.112008072231 -71.48309857528415
39627758116015943 -2933.60169063083 -1973.4765205082347 -69.76552554322986
39627770195612110 -3130.945365903487 -2107.69325420701 -46.23666560337396
39627782241653280 -3564.3012749505983 -2223.106021539192 -26.831972245437985
39627782250040391 -3692.9984048226197 -2340.646773807936 -14.72798720561823
39627746023837327 -2381.6765106094913 -1555.2730989748475 -90.23515292890622
39627746023837301 -2736.183079583025 -1786.6761551204631 -104.47240088188352
39627739984036724 -3275.3335303879153 -2129.7470165059735 -128.27437428996362
39627758120209054 -2779.564567206787 -1883.578370423954 -70.14560800905448
39627800365241113 -3272.2853494795017 -2064.6048022133423 35.58160101148388
