data/coord/ELG_5_clustering_data.ecsv
# %ECSV 1.0
# ---
# datatype:
# - {name: TARGETID, datatype: int64}
# - {name: X, unit: deg, datatype: float64}
# - {name: Y, unit: deg, datatype: float64}
# - {name: Z, unit: deg, datatype: float64}
# schema: astropy-2.0
TARGETID X Y Z
[from data line 3175]
39627890865737587 -2764.9925373605734 -1517.393345525496 234.6188376411058
39627914970400500 -2059.156450120109 -1149.1972092132335 215.76215633531046
39627890865737686 -2481.921838378912 -1362.3114478485622 211.6002110313004
39627921006003449 -3605.383020917483 -2095.6106339527355 401.0521627254986
39627902924361226 -3584.9617496768424 -2011.7109371654287 339.85053908443535
39627884855296556 -3065.709417714587 -1756.782898855953 239.68138613987077
39627890865737491 -2917.2765679956856 -1600.6659066627524 247.86276769138135
39627878836474422 -3247.139185483169 -1931.453348154386 245.87197080026442
39627902928552021 -3274.106374952335 -1839.957103606563 312.590379490319
39627878832278707 -3778.2517961722137 -2221.956222533736 294.4455116031448
39627890874123686 -2875.7646344910418 -1601.5969998560395 245.51461924335973
39627914966207268 -2640.116462516954 -1461.3778878003077 274.31231781534314
39627902924361353 -3567.7766550038214 -2002.5999037198983 339.3542465289482
39627890874126271 -2904.229104823316 -1626.3633239212245 241.49602653582176
39627884872079619 -3775.9931350145475 -2270.5919175619742 309.7997576503217
39627927008052352 -3807.433701073092 -2147.212852786609 436.50515346950795
39627884863688444 -2692.170291613877 -1585.1508893542325 216.8730109279123
39627921018585679 -2912.092044779874 -1742.9232280904844 323.41640853375753
39627896918116110 -3850.2282056680174 -2237.5830927453317 357.9961265811625
39627890886708722 -3723.016975637061 -2145.7943348622907 313.4734466375516
39627890899289530 -3183.663780983274 -1884.2046769981152 280.1817218321343
39627933039463608 -3900.189640236643 -2297.699623752769 478.27657548334935
39627884855298289 -3368.1678272612753 -1935.9273410557182 274.87245417629305
39627902945333225 -3802.7784083490374 -2242.9624918952277 357.27307819300404
39627927008052976 -2745.9041388454307 -1550.4753925290124 312.0808119262901
39627920989228733 -3901.157434797434 -2188.3143068699055 438.43221711656105
39627884851105211 -3826.463963622837 -2182.3270856593235 307.6278054984872
39627884851105137 -3824.821300239654 -2181.095583999412 307.58662409053676
39627890878318640 -2812.508585175309 -1585.3299008762262 236.1608468327356
39627896934893835 -3286.30674216442 -1989.5288193032475 307.405618399722
39627896892949647 -3048.7315398354067 -1664.3569150901192 276.3365457538861
39627939045704284 -2681.2139386764716 -1559.9547552124627 333.5788511370029
39627890878319983 -2427.949378716877 -1372.4530370147663 206.4811469867473
39627884851105125 -3850.5648523149007 -2195.7349136606795 311.92210147879314
39627908955768230 -2615.7412752987075 -1489.1483294439004 266.246338724498
39627902920166233 -2779.2521593252136 -1539.5289354021108 267.38245462591556
39627896892948779 -2885.543357946571 -1572.7460784018615 265.6149132823141
39627878819698365 -3127.1855158826133 -1790.0946875539871 239.10389705142012
39627933047849408 -2713.028493600802 -1623.689023554692 332.57379193995126
39627927020637454 -3360.026604449869 -1961.9802233395594 399.1490225732095
39627939045708743 -2335.234364612088 -1368.6930256295943 293.8781271429934
39627920985032482 -3623.210746058021 -2004.5047668433451 399.46960166827154
39627927008054429 -3690.5135663225346 -2089.190598352597 422.93704298325565
39627927020637158 -2862.4798718069583 -1670.5249490032622 335.53066259679946
39627914999760251 -3940.3721462031804 -2358.5027060700077 421.7077479756341
39627890869929630 -3125.739549664627 -1723.8667593471512 272.75012676832927
39627890874126408 -2798.18150549391 -1567.3676736027962 233.20303575186966
39627890882514336 -3084.225316031144 -1760.865996300041 261.35376428343017
39627939045708522 -2677.7606084224344 -1568.8407308669184 336.27292794789696
39627915003956074 -2222.030481643599 -1346.0576765326432 237.16193066853543
39627927020636134 -2282.3218427636 -1329.38991820965 266.42548265878986
39627902920165459 -3853.5651941565197 -2130.9420423571164 374.42122681268785
39627890865736625 -3211.0163444822283 -1758.30627406323 279.926088095191
39627933039463679 -2530.6999126998185 -1491.0416267340322 311.22835495483343
39627890895097330 -3618.5226366026686 -2129.4934079467253 318.6247860305043
39627884859492290 -2778.6928826580925 -1613.3060810596742 222.1693122704677
39627890865736735 -4036.724013227617 -2211.0369993564427 351.5448518967483
39627927024832808 -2952.700837193755 -1746.0521363239504 351.1494850355549
39627890878319008 -3457.8397990869207 -1950.713941667728 291.33792985345264
39627927008051982 -3818.2615708797416 -2151.6579053560704 439.2642581293134
39627927024832864 -2585.234707087955 -1528.9534402124968 307.1989115822996
39627890899291663 -3303.1820593914363 -1963.9249917486652 286.57190269112704
39627939045709111 -2859.0980083540544 -1676.7266810880817 359.30248843868566
39627945047757447 -3038.9147139880483 -1763.5531783234867 395.51147059163594
39627890895096735 -2831.6459293727953 -1664.2127916393135 248.32359500787237
39627927008054107 -3794.857820572493 -2147.07842203804 435.0722548771912
39627927024833018 -2957.9580278122517 -1749.8871996677526 352.15945163929774
39627939049901973 -3815.300668467708 -2254.7124432176006 476.8859507192333
39627890878319101 -4014.1194321842054 -2265.0129414206117 338.46470475873616
39627933039462699 -3677.3398760078226 -2163.413622142554 451.7674753066541
39627896892952818 -3057.384632638338 -1680.0341103730543 272.3111502971317
39627939028931544 -3563.4564828850125 -2006.7118937943692 443.26404097462085
39627939028931364 -3660.5253014526397 -2060.6815826078 454.21420447312875
39627939028931353 -3491.2147737647247 -1965.3275441851292 433.3535487620092
39627890895097377 -2710.0586258550015 -1595.0146001981022 238.36664019608853
39627896892952914 -3056.696920962373 -1679.9285812291764 271.8653579262892
39627890886708828 -2917.6771280149646 -1681.9076104452904 245.5239262678988
39627890878319259 -2846.3897701593924 -1606.6735914387223 239.96386749455039
39627902924358922 -2725.5736306861327 -1520.8070072804371 265.74739292148604
39627902936945667 -2264.9136350772765 -1311.1894737938158 212.26668197915996
39627890890902373 -3699.9360665438635 -2151.6378315983166 318.61662392890963
39627939054097517 -3141.6246177378025 -1879.282876446085 395.03311361342276
39627884867879545 -3135.3367918350914 -1852.0599497531855 257.25386673109585
39627896913925449 -3584.97404069997 -2075.4627868538205 333.34549999909825
39627902957912086 -2578.039403272463 -1554.340021419596 251.66083661146
39627933043658132 -2798.533844288238 -1666.6800035416954 342.15280932037916
39627884846910209 -2748.791401827855 -1550.1927070281279 215.712150171429
39627884859494329 -3924.038904806447 -2287.089310641387 323.8425649434893
39627933043658072 -2794.3439041230613 -1664.0690013663766 341.2422492392564
39627902932746740 -3235.0348105493026 -1838.378897178463 311.6685396673765
39627902932746742 -2883.2795050756204 -1638.486432280988 278.2092831113512
39627896905534177 -3418.7771328315066 -1932.3978854533234 312.8793716531395
39627908943187095 -3352.4205482239176 -1856.698626302016 332.3819314209414
39627878828083064 -2705.2129897792797 -1570.3551951872564 208.3268833122044
39627914966204668 -2918.8761987588114 -1607.4176771624711 311.1999589508176
39627933043658027 -2276.6029529932966 -1355.6607202502914 278.0118346145003
39627933018494071 -3651.9610032815126 -2052.7761362158208 437.8052583856569
39627884846910634 -3825.382043833795 -2159.2404826853062 311.08614305362397
39627896922310490 -2760.4082171748046 -1620.9243696666815 251.80785206019414
39627920985033580 -2992.9139994763495 -1659.5693796311689 323.84743965127075
39627896913924246 -2746.232236414738 -1586.7061935298495 250.04396481070646
39627927016440640 -3767.4943163239423 -2167.828847633551 441.1222921809354
39627908976742055 -2980.161990537323 -1791.9375241590194 302.6072692441712
39627890895097819 -3991.592003786249 -2351.2982828552977 338.74530539054643
39627884867879599 -2946.3121769585073 -1740.5584206141814 241.2942739682226
39627902924360067 -2698.4406162111122 -1509.896127117702 256.27169242880336
39627902941136334 -3884.1531634030134 -2255.5494972006045 372.1803672612004
39627902941136346 -3660.0507958871985 -2125.457431886366 350.83218743146904
39627884842717283 -3347.8717428711757 -1873.3096570557568 267.22815690394987
39627914966207493 -3162.7391576210384 -1751.4082445384852 327.7130555253416
39627914966207145 -2065.0551117440737 -1142.7834738542406 214.0963605683617
39627914966207051 -3227.0984352836545 -1785.4957240845692 334.91836730809035
39627890874123497 -3033.6013060994596 -1688.8310083108377 256.50429124986874
39627878828085242 -2836.8304600191123 -1653.913385034151 214.38220214220283
39627902953718569 -3093.149462895801 -1849.1998559492554 302.4908266490545
39627902957912268 -2413.6575753428374 -1455.685328462658 236.67697401042975
39627896934894231 -2718.6914232413387 -1647.025226971092 251.9332878483577
39627878828085038 -3265.662103081141 -1903.1614418516967 246.5210276822424
39627884855301130 -3271.779669220498 -1890.3850620461808 266.7304132290745
39627927033220908 -2872.2675195995052 -1729.936567083321 335.151913616983
39627884863685243 -2523.093630889277 -1475.862143839436 205.04272888466127
39627908951574181 -4038.2033547081037 -2278.3172804647497 406.00127896178356
39627933043657876 -3261.7844099013773 -1941.747338726395 399.2175352943286
39627920985033597 -3400.426449689748 -1885.6426806355478 373.5717837277588
39627890869931615 -2915.6944617567056 -1614.9720585812506 253.20191594548587
39627902957915969 -3504.857703056725 -2127.312547670597 344.66453385654756
39627927029023846 -3298.143758856689 -1956.3150834268363 383.00366332185985
39627890886707708 -2447.6296843942628 -1407.8606036343785 204.29428204081262
39627890869931981 -3183.5971441660035 -1764.5260389407072 276.5470815890729
39627933022687870 -3416.4243013631203 -1939.823030748492 414.9796087073685
39627896913923721 -2692.7907220637735 -1554.4795382225643 244.16910814769147
39627939054097433 -2675.3549864159204 -1600.1307442692553 335.1827903889694
39627902924360062 -3962.94615302933 -2217.4335608490255 369.42118137572976
39627927012247676 -3340.947601243652 -1908.1694127833364 393.8986904042326
39627884842717363 -3033.530938455547 -1697.6413933269469 241.61708233905344
39627890899289469 -3181.8758754490923 -1882.845742744495 279.9186887526473
39627884855301063 -2446.1115798075903 -1413.1473016536024 199.6993523324695
39627896913923764 -2691.0623964999954 -1553.6264747974099 243.9239941072007
39627902957917517 -2570.5118340878876 -1564.0444815686826 252.9306566570169
39627902953722026 -2674.2610429568376 -1609.2463600829992 258.68614151578817
39627933022687843 -3225.060369959442 -1831.0659840032422 391.9166423992074
39627927016443585 -3927.8813287232438 -2271.7104599917343 459.28332385980934
39627902945333174 -3741.7124052324493 -2206.6698127943787 352.2871404028231
39627890886705720 -2875.3400572680835 -1647.8242913913325 244.16473686738556
39627884855298243 -2407.3480516581403 -1383.5819107468562 196.49326361840255
39627884846910778 -3982.160917380206 -2248.434455104035 322.1938435025541
39627896913925590 -2679.0895065154805 -1551.3411079382827 249.20602766424656
39627920985033462 -3041.7727773164947 -1686.1749321165742 332.9612407724722
39627890886707649 -2739.9287948280175 -1575.8177364733167 229.0696757110845
39627908951575338 -3708.159149914781 -2097.3218063616678 368.2488683589934
39627896922311595 -3100.7693918533755 -1824.4229318689042 280.9895289468868
39627933043656381 -2768.302456554992 -1643.6333368081173 334.4045786151027
39627902932747963 -3702.7180154856255 -2109.126042275645 347.778907197963
39627920997616609 -2749.174435037146 -1572.2580713482143 303.5144136915106
39627939054093945 -3305.203907244173 -1965.2951825741761 415.0520467267546
39627908968351041 -3464.0791766274947 -2032.5440127346649 343.54472089268273
39627915003956594 -2786.6487490985055 -1689.6576963759421 298.251881575645
39627908947380305 -3028.473062834092 -1691.9901054011973 311.1242200350724
39627939054096828 -3338.821002635561 -1994.7048837491445 419.6134949611475
39627878828085860 -2849.239496730056 -1663.0568845380474 216.48564411026115
39627878828085913 -3798.256783564997 -2217.1977029165537 288.4520626359457
39627914970401281 -2870.842391378273 -1604.91007861967 304.20352857890424
39627927008054153 -3334.9808226034625 -1887.018125803242 383.8483762376164
39627896922311941 -2532.3066014725196 -1491.210883387571 230.20752254158072
39627920980838807 -2863.7723022495943 -1569.9336793508362 309.4591052740164
39627933031072751 -3256.287946348334 -1874.0513928270657 392.3378514427467
39627914999760329 -2502.5921719791168 -1498.1072823300196 271.5785040235453
39627933031072650 -2919.9833072773963 -1680.202713494664 352.3686977253291
39627902957915409 -2925.930574372918 -1774.3370373485297 287.50691330650005
39627902928554844 -2700.902393692221 -1526.6159776215172 264.36883549453444
39627890895096994 -3971.5022022446205 -2335.532118418095 347.23097963350455
39627902928554975 -3515.012188207438 -1987.3424859918375 344.10888146614667
39627939054097068 -3703.2317523686806 -2213.465302088105 465.6487685259427
39627939049900146 -3747.36676904823 -2208.163995348159 470.2688913461087
39627939054096931 -2593.163176640369 -1549.5466825185738 325.9682949072424
39627920985034030 -3588.9330573957313 -1991.9581695735492 393.50513165476076
39627915003956986 -2985.5542776474053 -1811.5506928595375 318.8819657802767
39627884851105114 -2744.320018552464 -1564.8881083797378 223.70292438418505
39627902945329994 -3899.4573400389845 -2285.623929475806 375.00100198671464
39627896934893490 -2568.025875584707 -1553.6233986526586 240.85040267903995
39627884851105095 -2598.04826037666 -1481.4208195340661 211.810997871432
39627939049902518 -3756.036975259984 -2221.432381597145 469.50859388339023
39627939033125142 -3367.2878305956665 -1914.3310770041228 418.12939896243387
39627884851104673 -3826.6160686855933 -2180.3330822231815 307.1620676995129
39627884851104907 -2963.1746229494556 -1689.047602172961 237.06661145111508
39627890869931189 -3879.2726419467303 -2146.8503370161757 335.9366709432205
39627939049902209 -2622.585977904864 -1550.3895468220965 328.31219248001156
39627920985033496 -3879.1389300348887 -2150.5382324921443 428.99942650672745
39627878832276302 -3742.116841513469 -2189.920693496211 284.9129320234879
39627939049902232 -3288.549260215613 -1944.1577181859295 411.2198958117872
39627920989229405 -3572.4739042431393 -2006.5481547236486 386.8162305682895
39627920985033638 -3194.5666090036443 -1771.6628690999005 353.61556692808733
39627896905533625 -2906.7562694747803 -1641.1506436639631 256.0633501689684
39627939049901198 -3733.5122989649435 -2203.563995214895 468.6680210121504
39627908968351240 -3389.9315977838432 -1989.8957747541554 336.3187078922915
39627890895097743 -2906.8207743077664 -1712.0492382506254 247.10236534133657
39627927029022837 -2836.836515849103 -1679.8746658396747 337.33925017757275
39627921014396308 -3036.3336227282784 -1814.4123972349087 335.96236518535017
39627902920165829 -3849.508574022456 -2130.286626710091 374.1804049864786
39627939054093163 -2724.489338560486 -1617.9945324195965 340.6149198286125
39627939049902773 -2856.1497597222333 -1689.8893400879892 357.755197046277
39627939054093412 -2972.5289922524144 -1766.0693864823447 372.47968871771195
39627908947379922 -3178.79231947306 -1774.337008141894 310.9509849248571
39627939049900831 -3066.8432016376278 -1809.0421324265105 385.24279637612625
39627890874126027 -2909.965898451089 -1628.7350770714554 243.03713343284866
39627896918115001 -2932.9891022470397 -1700.991752558839 264.22830355421223
39627878832277092 -3660.5056037922095 -2145.558443007801 270.25230728409804
39627945047756892 -2725.5431741389452 -1580.1115444263025 357.6117410376782
39627896918115019 -3831.9458027670903 -2222.4043646308205 345.44246492063866
39627896934893257 -3357.53976814694 -2030.446586910571 305.9902995513177
