data/coord/ELG_14_clustering_data.ecsv
# %ECSV 1.0
# ---
# datatype:
# - {name: TARGETID, datatype: int64}
# - {name: X, unit: deg, datatype: float64}
# - {name: Y, unit: deg, datatype: float64}
# - {name: Z, unit: deg, datatype: float64}
# schema: astropy-2.0
TARGETID X Y Z
[from data line 4254]
39632946788828324 -887.4954398813996 -2886.286909703934 1970.4150298236596
39632991705632361 -802.306618280172 -2362.8571150719363 1776.861795452403
39632986802488737 -799.528456643479 -2687.3323663873057 1975.2015477802888
39632971891737260 -811.3217342579854 -2458.5872382050106 1779.7455812411592
39632986802488772 -963.1979796459461 -3237.8657592869995 2379.8147170894194
39632986802488822 -862.343379061421 -2899.287287491794 2145.617332682135
39632961896715065 -934.2776456751606 -3021.3474671516756 2127.4175970469923
39632976870376366 -980.8778355558818 -2966.2466370315956 2157.9878116373725
39632946767858635 -781.2013952491411 -2340.81117631959 1618.186329512523
39632996650713842 -1017.2520125848245 -3295.5836381802073 2487.6021845648406
39632996650713716 -901.3389583097073 -2918.761522609033 2203.6938261290943
39632961871545581 -618.1707377003335 -1778.1910258640182 1273.8008623666171
39632961871545618 -1021.5411871451688 -2939.077778950438 2105.539081815212
39632976874571162 -979.8519347424592 -3021.7410768410055 2206.547119381158
39632986781516019 -1155.0005794352144 -3519.300937702445 2624.7167546258406
39632986781516606 -964.7743719235629 -2946.5264210291202 2198.0444973022577
39632966896324133 -882.461162143566 -2714.6100231851474 1946.9325622145004
39632981828045972 -1130.4485475834713 -3374.5946314624275 2494.1285998288186
39632986785710695 -862.0651197934977 -2678.5387163212285 1986.9852406712348
39632966921488674 -853.2474177421498 -2921.008083178164 2066.2883636879196
39632966921488487 -976.8120703864005 -3341.380716032635 2362.8265445128336
39632961917682909 -759.0006406544258 -2669.2627098835346 1874.8460333883372
39632956855157664 -1174.2009775365354 -3439.917182910638 2427.7624379790545
39632956855157691 -882.683158205776 -2586.16262367413 1826.1203876042155
39632981844822567 -654.882600863352 -2097.0931436889127 1534.9390909669733
39632946793022341 -773.0775851181609 -2557.820416090261 1753.2179523606565
39632986785710450 -1157.367043890531 -3592.8149066849746 2665.0581860687093
39632956850966457 -800.9546427331732 -2331.7535691652774 1641.299599197976
39632941722111686 -857.3886038475208 -2777.541629867042 1887.5262661952197
39632956850966525 -793.2300145534824 -2309.7167753481876 1626.0379572784764
39632956892909316 -1017.4612693998321 -3554.2315275682695 2475.268982214434
39632971879155223 -794.6670194472294 -2293.4253424632398 1673.7480159766067
39632986789907074 -903.9182349608847 -2884.2574221534114 2141.581819755412
39632986789907349 -1130.5997046110526 -3611.5381972031023 2682.4532420201526
39632971912712456 -1034.5166709663456 -3485.525535987988 2496.3480132897407
39632971921098960 -1009.5491866585327 -3513.1439985771485 2513.4750290759853
39632976866181344 -752.6072400840117 -2229.091717638353 1624.6192646835384
39632981853211797 -824.0599541876753 -2748.116645925481 2003.1859510543422
39632986785711576 -787.7294554314393 -2455.5354881344037 1817.7886583897077
39632971912712316 -896.1361745568046 -3017.7320300239467 2160.2892995010784
39632956880326269 -1013.8636486958699 -3338.569387578144 2322.6993849658456
39632971921099830 -600.4173241284903 -2096.6574373009144 1505.8017743128237
39632946793022538 -594.7336695584077 -1969.2417540345884 1348.9375931831994
39632971925291414 -810.7995697213515 -2854.2435765678733 2048.6098209624884
39632981844822603 -900.197466664476 -2883.137468824641 2109.854081999864
39632956850966460 -1029.1237152448664 -2996.013639289446 2111.0706749065707
39632976899736026 -860.454125410325 -2958.293918985286 2137.970650175732
39632976891347417 -717.0340292436703 -2372.1969290112224 1724.355692485716
39632976891347266 -676.6082404525799 -2237.137947420745 1625.7873886676382
39632956855157813 -1127.9677051320073 -3306.216447295992 2335.1885447829427
39632956863545717 -1209.111088912473 -3661.3249252515075 2570.859403798314
39632986806683478 -688.1388408148388 -2362.144025916026 1744.4569666841464
39632971912712958 -856.5899025659212 -2891.6501820947688 2074.2519121833984
39632981832239408 -1141.6991154509028 -3460.5502942885737 2556.4085762726204
39632981832239215 -980.5001526715906 -2969.4667052770046 2193.18698995349
39632961896714475 -1086.8956211627503 -3508.21508698373 2470.7020635150507
39632976870378403 -990.7834749102377 -3021.757768594215 2210.2392720068697
39632961909293172 -896.8645231847755 -3018.2492725146667 2115.6368429230984
39632966904713697 -966.0157884333082 -3090.1118910418727 2213.101418512915
39632966904713937 -777.8636885297685 -2490.683767689149 1782.887753259727
39632961909293518 -750.1759417513276 -2527.889461961707 1770.9229702617304
39632966892128286 -698.3117474070507 -2099.6386055500216 1512.9573692151207
39632956880326991 -830.5459851188275 -2741.9088442311154 1912.1986782436866
39632976874570781 -992.5110548444553 -3056.1069182143456 2232.39396599026
39632981828046779 -1094.691515748727 -3278.6931925065314 2422.2457107578175
39632976903932550 -747.190836596895 -2646.144977822828 1908.7359533243275
39632956850966162 -890.7678571977766 -2590.3964118506433 1823.5793752652544
39632986806683311 -933.0601560007458 -3201.2590604206785 2362.612042744533
39632966883738135 -984.9867937346858 -2842.4850672633875 2054.9923482643394
39632956859353258 -840.0739100627607 -2517.5734787519323 1768.3547765162248
39632986785712966 -840.560257187001 -2634.4031852377807 1954.6721189601142
39632946776245568 -655.7173723146673 -2020.8593786204476 1395.227157873391
39632976887155783 -679.5033713169263 -2228.046983820504 1622.8943301511254
39632961888324832 -937.8856168371623 -2909.771035525675 2062.930642547805
39632961888324797 -878.0736497519522 -2723.9292824542335 1931.4853768738787
39632976887155864 -1106.9057698641598 -3630.5618661076687 2643.0181425491314
39632986773130363 -748.9956587601108 -2227.31860582793 1668.3981773425955
39632966896322648 -801.0260265093584 -2450.3287240370128 1748.4785429276503
39632991739187189 -855.9281737426535 -2926.175436588236 2180.0285564553164
39632991739187196 -715.7179511958291 -2446.9093535085653 1822.8698891506847
39632961875742025 -886.0667752184038 -2611.004139754123 1866.4086427984018
39632986789906412 -1005.4070534111994 -3199.5965448427737 2369.5476282056247
39632951826188458 -938.7761827914835 -2873.82917293775 2010.4576052664029
39632961884130092 -1155.550432400948 -3520.6695519514533 2510.5166212076065
39632971879156499 -879.5770489515323 -2550.963167281209 1858.9164864935842
39632961892519265 -794.5738022973874 -2509.788676056602 1776.9019475079356
39632961879933049 -804.3445308165003 -2382.331647056859 1696.1072591696363
39632976861991480 -900.0135477485123 -2663.2329108395884 1956.994470412937
39632961879936285 -1083.3377687857035 -3253.1993755893113 2316.700023621443
39632986802490082 -736.848241848213 -2488.9933658085124 1838.8355708021202
39632961875739157 -1037.5957947187528 -3025.0251051880277 2160.615337046681
39632986777322967 -812.0782402771482 -2443.1673254888433 1817.5576030345053
39632961875739023 -792.8462526432354 -2310.4048641329905 1650.787083250333
39632991739186535 -910.6097370274267 -3105.510558824908 2304.4428054072782
39632951826188366 -1177.4569947397645 -3603.2022556667275 2518.3370106759603
39632961875738880 -1173.5042887658176 -3417.8811877717835 2436.564311166724
39632991739186529 -669.3508573687051 -2282.698359952138 1694.186493091726
39632951838772847 -1025.433824459929 -3334.0745280848896 2318.0198489034024
39632996642326334 -786.313715555366 -2463.57700735087 1860.7562870768886
39632981832239826 -951.6103166110352 -2890.1955576983614 2132.400917884514
39632946797216459 -788.2058656357327 -2656.9146711303138 1825.302045433861
39632976891350086 -948.2341786052137 -3169.2369033157615 2292.545636520346
39632986777325254 -702.8682229663837 -2133.4908291946103 1590.2144022305072
39632971879156507 -879.4743388926871 -2550.749194891982 1858.660663925934
39632961900908700 -879.538408109361 -2887.326223112345 2031.9619242337
39632961909296849 -963.3700570017438 -3290.6239292592836 2310.2934056399954
39632961879933757 -1011.1665750782138 -3004.021850903853 2139.384354175164
39632981849015051 -837.6774864273877 -2713.125417070464 1981.3583840343922
39632966917292900 -1020.9527389069025 -3405.69257247424 2413.9042422575903
39632961888324851 -964.6818768613515 -2993.122874101355 2121.209421056033
39632956867742442 -826.0136345180099 -2565.566296530818 1795.7098697058454
39632986794102380 -665.072251492644 -2173.5275280981878 1605.749342069648
39632986794102040 -939.1443056642444 -3065.1119222746083 2264.7639516750037
39632956867742206 -893.7225097237451 -2773.178827959362 1942.2473450867924
39632956867742592 -908.1392712265475 -2822.3003966313468 1975.646224801544
39632956867742568 -1176.865120129918 -3657.1422880507903 2560.8607270386137
39632941722111736 -874.4149753504992 -2833.095603791993 1930.9601900669513
39632991722406358 -870.8407210723101 -2724.80890397904 2043.7558303606274
39632986802489905 -930.7485597833132 -3141.7865380689 2317.5974225840505
39632991714021559 -887.6261318198249 -2717.755704269553 2034.909008931903
39632946776245306 -1050.6419717929691 -3234.7356592268193 2233.9674618146146
39632986777323515 -1022.790772857385 -3083.6386167839364 2294.892708797094
39632991705630834 -943.8098006904848 -2763.91061950084 2076.898261430866
39632946776246029 -1136.972211120869 -3510.1864899541492 2415.5812707508103
39632981836432084 -1008.0663233033499 -3089.0480685222437 2272.5570255406433
39632961892516704 -815.762420163698 -2553.773243178575 1809.5620357835003
39632956888711927 -647.0851870210819 -2190.7246487946145 1524.3585751515886
39632956888711991 -922.5534470578693 -3124.335267186639 2173.3230939629466
39632956855159559 -893.297864119683 -2635.8359973750994 1867.1270725612394
39632976891349147 -719.7324305476309 -2396.9993967774985 1734.5940977332764
39632956888711625 -902.0098678933989 -3050.1947795428223 2121.1778637170455
39632956888711415 -957.5002764819059 -3235.290986870862 2249.243624904475
39632966913102380 -832.0226316933707 -2764.8140987365464 1963.057736926931
39632966913102466 -871.6523019942517 -2897.531682434521 2057.1468837560915
39632956888712231 -875.939495412415 -2969.1368134551685 2062.0928922370167
39632956888712234 -1052.9803289450763 -3569.2597758512275 2480.022035930045
39632961888324374 -915.7739471391204 -2836.9024639992117 2016.2732121770223
39632966913102233 -871.895788060381 -2895.571120358153 2056.5430959429696
39632976857794319 -999.8725843077793 -2876.449019519432 2111.438232896162
39632956888711831 -818.8190674813195 -2771.096929458576 1927.8157159088
39632956888712286 -645.1946356108563 -2187.388743731225 1520.6118205610483
39632966913102207 -901.6834802688263 -2994.269262152436 2125.7294851790057
39632981853208847 -755.9249933669499 -2490.0542628363905 1817.4418572710965
39632946776245383 -788.2124140079617 -2427.437283179255 1676.9352337138669
39632946767858305 -698.1512849296239 -2088.873409501177 1441.8393775189236
39632971912711283 -771.8827885379833 -2589.5889618278798 1857.3253719272964
39632946780439148 -1033.9845884726883 -3236.9369539440086 2224.35708795284
39632981849015431 -1031.8886793737242 -3347.770072212577 2444.6667714852456
39632961900907984 -652.5505000686403 -2137.328535627099 1509.495847458741
39632946780439492 -854.2156726722903 -2678.509179777037 1841.0491940993318
39632946780439233 -965.1044448782137 -3022.7284967500536 2076.7506728447815
39632981832239350 -1155.6126374455555 -3501.995837305104 2582.624795375734
39632946780439087 -891.9449090416028 -2791.3909129425806 1917.6738419753171
39632961909297135 -719.0499101464497 -2458.5558535501077 1727.5491581188692
39632946793021550 -856.0180134777901 -2824.087712267546 1933.3436283604588
39632946793021578 -806.8595509960269 -2662.2774230994573 1822.6312448457934
39632946767858180 -798.7599368012961 -2388.700813113531 1649.1170405886635
39632971916904317 -712.5225603943444 -2422.8703815507497 1742.7875071648937
39632941722110665 -984.4947844874396 -3175.6696497446746 2168.1809323899565
39632941722110612 -919.791149422931 -2966.346382533264 2015.1569793597546
39632986785711709 -765.1983671285753 -2386.482749209571 1770.9052001710515
39632956888711652 -784.3140792216685 -2652.5154309475433 1841.338306876085
39632956888711631 -647.5612771376216 -2189.821004242843 1520.0537496201875
39632981849015505 -1011.0828604023235 -3281.302324828475 2396.6695032732778
39632956855157453 -1173.5020957272704 -3435.5977152016826 2420.2451305856516
39632961909296056 -1071.9433954833694 -3650.451441850589 2565.040604785956
39632991730794871 -932.9790115092187 -3028.832153798465 2261.5946694766085
39632961909296055 -1072.52583078811 -3652.4323448512164 2565.7060169264096
39632956867742148 -1036.7152561722303 -3216.2648967572172 2247.371125575334
39632961909295844 -794.9207191402917 -2705.0308646826397 1900.6826704344048
39632981849015531 -673.8598205429964 -2187.165565998826 1597.9022412284132
39632961909296550 -644.4046016246615 -2198.526141857432 1544.6561217713897
39632981849015496 -673.73154438177 -2186.4348687902275 1597.2941667470682
39632956867742874 -770.5186485060445 -2397.4574172897424 1676.83962506435
39632981836431624 -765.2324458353283 -2340.3845181585157 1723.1647377086297
39632981836431564 -1110.1549939676308 -3394.4044152917936 2498.956555969061
39632991722409489 -815.0072516035336 -2582.09405135751 1932.5818004216158
39632991722409584 -859.2736205853479 -2723.3917927536195 2037.877929235191
39632981819657680 -1035.7064526820889 -2994.073011944726 2223.013808395923
39632956876133174 -944.9412599105648 -3070.336534741999 2138.5410313048965
39632956880322762 -971.5757984721334 -3159.4710533806447 2200.5353870293384
39632981853213237 -1080.8242737894163 -3624.3233881439623 2637.165169131543
39632986789906086 -773.2733572368254 -2457.5793664156254 1827.3819388183945
39632951838772895 -1120.943361606341 -3645.412065673536 2535.5332694223575
39632976857794494 -1105.6660023359009 -3183.1019071108544 2348.1990243785162
39632991730795273 -771.8800980187257 -2510.026420758152 1879.171197928456
39632956888712008 -713.4156507110613 -2416.2177290762543 1678.5446412450992
39632976857794289 -1116.502222085045 -3211.5001980851616 2366.890222231276
39632956888711706 -932.1235854453851 -3153.1148828663745 2191.554788423246
39632956888711866 -682.9442347405203 -2311.5854362192504 1606.5735940520792
39632946776245713 -1113.2734662029848 -3433.22967246607 2360.9307276979434
39632991734990226 -949.7632331173421 -3155.013281356214 2356.7357616922523
39632976887153725 -708.1132355124394 -2304.34283391993 1679.3352611914381
39632976891347097 -671.1926541421805 -2217.6174035534036 1607.2676200469793
39632956888711551 -652.3052957081333 -2205.1909066764306 1531.930687269463
39632956855157548 -765.8096352453459 -2242.726788252308 1580.6788260231115
39632956855158180 -821.7415658744222 -2411.9334352100427 1697.0125724896914
39632956859355064 -1184.5148770566223 -3576.9801385204873 2521.410304019744
39632991705633329 -824.6531645296676 -2437.545228780087 1830.1247171438968
39632986802489243 -744.125095049015 -2505.92632648419 1842.6801749175556
39632956867743858 -803.2766043306963 -2507.1399301491856 1766.8442289986606
39632971921098649 -1010.1688183725471 -3510.8759012920204 2510.1715393397917
39632981853210860 -673.796852858583 -2238.5274557768103 1640.055777781668
39632986794101952 -939.6265290452187 -3065.710209700794 2264.1802930368294
39632996659102531 -1017.9371105147878 -3429.2083434369783 2563.6563637705117
39632991734990524 -877.5971579607696 -2918.4475618261586 2179.192681286941
39632981853210841 -1004.0101734216256 -3335.2877832090207 2444.680099332084
39632981853210784 -678.0115332971442 -2251.796251229109 1649.0879873250792
39632956859355150 -896.1526352727487 -2706.9963171519857 1908.6496439255861
39632981853210620 -900.1838192671105 -2987.796758232009 2190.9090401233416
39632951826186295 -1102.7294628113184 -3346.5383788624117 2335.118921579375
39632986789905008 -650.9503571776137 -2059.995457928943 1533.6245268991931
