data/coord/ELG_2_clustering_data.ecsv
# %ECSV 1.0
# ---
# datatype:
# - {name: TARGETID, datatype: int64}
# - {name: X, unit: deg, datatype: float64}
# - {name: Y, unit: deg, datatype: float64}
# - {name: Z, unit: deg, datatype: float64}
# schema: astropy-2.0
TARGETID X Y Z
[from data line 1478]
39627811962491478 -3343.396014093724 -203.26145697694975 54.530904854148794
39627811962491471 -3344.518444319173 -203.30370864075334 54.72503765134209
39627787782326572 -3788.473893119588 -140.13227089033256 -4.2058174076011365
39627775719511439 -4079.2740868598307 -231.165083271137 -41.854486247940685
39627775719511499 -3524.2273765483283 -199.85399127426905 -36.49368877854357
39627805926883716 -3578.643383854947 -219.870905728742 42.64902008678001
39627763635719568 -4120.410493318906 -207.0122954600734 -71.62650742627532
39627775723702838 -3292.100329034285 -193.12649495477075 -23.222129792151108
39627811941519247 -4390.493195722006 -166.9131788906714 81.49559419325298
39627781734142345 -4142.951821939632 -124.91654004728093 -22.066412613704976
39627781734142260 -3614.8976394370675 -108.7382802700412 -19.164418554754562
39627781734142351 -2836.431719981273 -85.53942178780905 -15.29405836628575
39627775719511134 -3034.090328588946 -171.25002643347528 -31.673971474934504
39627787803300277 -2927.498073779834 -177.64046045444135 -1.5731085525518635
39627781776085862 -4065.4756555785366 -299.16401890869696 -18.803131311140746
39627787790714374 -3179.294032877469 -142.72053448233433 0.9025832734241562
39627781742530601 -4531.426940420567 -174.6159328893195 -17.36763165810909
39627817993898329 -3193.679276887286 -159.29657006550738 76.29585221594158
39627751556123774 -3784.36900641587 -190.55510860196435 -93.71898766395655
39627781742528973 -4472.410958066045 -166.16035171423866 -17.133168058349778
39627805905916360 -2852.2810000474133 -121.34955913072974 33.1833768452266
39627787778130697 -3285.768304224694 -102.23914159926957 4.208827715116419
39627763644109117 -4229.5375863168465 -256.1821673673303 -67.09812764263408
39627775723703803 -3618.6746754577694 -215.11856875658845 -30.417118461839245
39627775719507862 -2890.9959968525013 -155.87480343406804 -20.215472640273575
39627799882895268 -4337.141262801162 -260.54397188071795 37.615324821436786
39627781734141213 -3193.110588066178 -92.90873626728805 -16.609080207989503
39627781734141273 -4279.402277631849 -124.74541249552752 -21.541082460532802
39627799882895518 -3044.413488158927 -183.45329452799396 26.39371322624275
39627781750918167 -3987.0957553209764 -182.76185539490092 -12.587016121134017
39627787803300224 -4557.199305755577 -276.22377134121876 -3.698313608394082
39627824033695879 -4111.512758558133 -204.68414450538683 99.03026825673167
39627781742530529 -2851.176107943075 -109.68415646597914 -11.184241597696102
39627775723703005 -3146.9562327850663 -185.02080994904634 -21.705003197170576
39627811949904800 -4325.827592158515 -191.4474890211495 81.4262049074095
39627805918498916 -3537.8524563876167 -196.0224056217591 43.31303767878543
39627763648301157 -4364.353156091626 -274.10264071093303 -83.02049175375396
39627817998095172 -3106.2867794405997 -175.19736279022683 73.41342883197218
39627793830515208 -4113.032328576872 -194.14545831896436 11.709677713121986
39627793834706498 -3332.148851120828 -164.44295378265903 17.44522155070185
39627811970879263 -3890.791628961014 -269.3781137980641 75.65936632440184
39627763631522030 -3377.284677393249 -147.96744593563903 -61.096715300318124
39627811954100491 -3635.496135944791 -182.0028436223906 69.25953612176656
39627799895475634 -3305.220671043788 -235.63117399802687 24.67700406831049
39627793855676633 -3599.6847619371333 -252.54725858527686 21.73519578163548
39627781771886660 -3142.093669663913 -206.0254381497782 -18.185933510945663
39627781771887681 -3249.0329289859405 -216.00648530629815 -10.733623384390881
39627781771887686 -4296.108475337436 -285.6642433520683 -25.32252756034408
39627781767696926 -3775.4488289871088 -247.21791869688312 -22.605407102730666
39627781771887751 -4487.035826762759 -298.5929619819448 -26.0101980392093
39627811970876969 -3026.5741177783752 -202.69322044995732 51.86469268665925
39627781771887797 -4069.1062838136922 -270.955161951475 -16.19110111855494
39627781771887833 -4506.928591916189 -300.2524517156513 -15.02079965952692
39627805905913428 -4130.719899797257 -166.93902312687104 58.276151604790606
39627763656691162 -3326.7732151851555 -243.0466518459946 -55.81234362059763
39627817993897302 -3763.450167132459 -184.66890970101744 87.61746725099272
39627763656690993 -3608.633870376111 -263.11570821380434 -60.47691917509793
39627763656690969 -4295.362779891483 -313.12143966417597 -71.54783637595213
39627817993897132 -3504.72675283012 -171.5722601867102 82.06345523032984
39627775715315926 -3827.824396693724 -197.51537307625247 -26.384869918182314
39627781771889104 -3751.6936281416415 -254.50504769511275 -9.284778963090252
39627757595921349 -4465.0830826481815 -223.19710728071726 -91.36788206860513
39627811970876944 -2616.095213997889 -175.1574406493371 44.59871891186507
39627787773940895 -3557.0919229930414 -108.51614124374424 -0.7196012289510657
39627805935274324 -4137.584419163904 -297.90951733985526 51.00576699570724
39627818002285152 -3847.465421347243 -220.4762114168584 77.69239212478107
39627757600114384 -4142.862267527231 -222.8007242795516 -98.84071422339942
39627799895476624 -3222.910436713557 -232.34625502858327 33.0644775556528
39627799861920036 -2948.270669965915 -103.58011691091356 21.81869405598843
39627805905916348 -4426.289201429988 -188.26211222233215 53.288138474259526
39627818002285890 -3472.993503362522 -201.42660704112257 81.39570248811378
39627793834709116 -3812.260761027393 -196.30609049640375 20.552848908451068
39627781742530471 -2851.231905475289 -109.53440870905214 -9.499128318691286
39627757600114483 -2960.256188082263 -159.527166419632 -70.7597587345578
39627757600114706 -3314.9946248720826 -179.35071203816514 -76.67459133274981
39627769667126094 -3958.748906173905 -157.7338692901615 -45.11462052004096
39627775711117813 -4485.74172775303 -197.38067285467568 -37.737777200806505
39627775711117852 -3843.961886014191 -169.23043710641392 -32.44656408306387
39627811970877302 -4060.3714599166005 -273.1512773990983 72.42588178626855
39627769692291527 -3831.667072852469 -252.35600401415522 -54.32300870043426
39627763631524491 -4401.806099287953 -200.44264360017874 -75.76328074305786
39627769688097245 -4534.524709416426 -278.41628085558455 -68.79066286779724
39627769692291587 -4501.372502292939 -296.6353960523362 -66.15095342779554
39627805931079029 -3237.6341240380366 -215.48308750810247 38.540248159843074
39627811970877296 -3201.057743723567 -215.31456581686274 57.237411213376504
39627811970877142 -3740.9056642018613 -251.13147784157377 66.05770611547773
39627799870312952 -3525.328185655676 -165.78646857548577 25.119297557270087
39627781750919673 -4430.477591709058 -208.03139244833412 -25.64786627190107
39627763656690753 -3348.5266645387032 -243.3219574490499 -55.175597306115755
39627763652497214 -3167.5276919292633 -217.6123408463987 -51.827674054879445
39627805901721901 -4635.2428434391295 -175.94068360021717 62.91767588276368
39627763635722634 -3350.2281728963003 -174.80319591109424 -59.75295615270942
39627805918496417 -3444.667903975204 -184.51196857191132 39.02767796554542
39627805918496366 -4422.886381277028 -236.76845596554298 49.98487234883749
39627805918496208 -4435.329842727089 -236.9110335693484 51.764054270109405
39627805918496173 -3447.624905004725 -184.0575913844088 39.14403431166968
39627811962491286 -2853.6819135897363 -172.98146210491703 44.896783276167646
39627805918496118 -4062.0714945044047 -216.69568689314434 47.15263172012455
39627769692292618 -3680.2046570926022 -244.97439743124247 -50.87669665101909
39627769692292215 -3830.223152698789 -253.94631537950684 -51.90701101361338
39627775723701092 -2880.4893696514323 -165.56580889446036 -24.80374794459241
39627811962491290 -2853.297825496781 -172.9820648941198 44.59365322296382
39627799891285045 -3743.2654000311777 -260.4999592570441 30.480023519799428
39627805901721559 -3666.497680636589 -138.24116645875776 48.84451527123848
39627799891284520 -3733.86898913955 -258.07536092354985 39.096171165350135
39627763652498479 -2976.8966004146737 -207.62812572016213 -57.87952889962504
39627769692292835 -2985.330006802619 -199.15230577668916 -40.70883059291159
39627781780277587 -4273.2684746979685 -326.1019207966511 -17.3195927217513
39627763631527945 -3298.4669216763123 -157.71826626985666 -55.82913987197539
39627811962491692 -3721.54628486927 -226.86553815619106 58.80059518922789
39627769688102375 -2518.6564135713206 -162.93040617306764 -28.31481568738676
39627799870310209 -3224.74660143741 -145.14929553002713 25.83205283993455
39627763623135578 -4386.0515042445095 -161.28511296762198 -72.31856692868041
39627805901721168 -3421.457984968547 -127.95617271346563 41.286603000158955
39627811970876736 -4588.653067659753 -306.3010990446567 78.94004611723173
39627805918496503 -3830.5869318704245 -205.4367807628907 44.6369875522602
39627781771890865 -3016.5376961721777 -209.13147248686371 -15.126254205768472
39627799870313666 -3509.456832289517 -166.77436159549043 27.473581375289765
39627757608503720 -2969.226075260758 -188.20662991058086 -58.61789277732432
39627757591725557 -3707.5142458867626 -165.86917388175067 -79.7896586248367
39627763656690723 -4030.9922167061495 -292.82929220856835 -66.26298556122399
39627769662935548 -2876.412278306877 -110.56404051039223 -34.78400365858743
39627781742530356 -4294.19429965289 -164.58305365749402 -15.023090894337365
39627769662934843 -3292.050984293186 -124.56401433991883 -45.88419467404726
39627757591724793 -4438.254021187391 -196.16264214308634 -100.67151824376995
39627793817929526 -3198.1481654243903 -102.5168885500384 9.654200735084808
39627763639910901 -3016.6180832756027 -159.05224046194553 -54.2378107090275
39627793817929406 -4645.998644067558 -148.30095509884003 14.59539682089038
39627805901722689 -3069.4180033901143 -118.26146013600437 34.64656315329217
39627781771890825 -3023.112316547979 -209.48806472405266 -15.083688252307986
39627769688102054 -3372.753973513007 -217.44115263986458 -37.81561934518978
39627763635722949 -3292.021628949466 -172.43732041804813 -58.03814799645898
39627763639910500 -3292.8092602284933 -172.7300909325072 -58.15936568995212
39627781771890585 -2800.388811445315 -193.5056815973853 -12.662689983783414
39627769688102101 -3374.3646041470442 -217.6447699923908 -37.86474232933053
39627763623135820 -4577.187503784281 -169.17700199551237 -76.58023135920492
39627763639910589 -3748.652723807297 -196.87370838613774 -67.56226391681368
39627793817929158 -3198.976577403597 -101.51071591960869 9.426599694790717
39627799878698975 -2566.8857902574155 -138.05653032332756 20.57352134059265
39627787782326745 -3159.0203846528816 -117.38076954589016 -3.3228391220521316
39627775706926437 -4079.362802276993 -170.96735533687928 -33.77941340008085
39627805926884995 -3120.7346091314944 -194.9653201468977 34.495938323377985
39627787782325403 -4507.510188695632 -161.83696938217363 3.0436475098007656
39627781746721114 -3923.9774997401487 -155.19634614783905 -15.20377641645335
39627757600112990 -3785.8371060163786 -199.34602404366834 -90.8821695668263
39627787815882275 -3930.488845599518 -285.98615649182494 6.153235070792889
39627781738334788 -3487.0623838908714 -114.44911438513198 -15.077091011902862
39627781746720837 -4189.590687761775 -164.74551220153444 -25.32336814720759
39627805922692426 -3575.5019782147415 -211.57180681076767 41.604595221137224
39627775727900286 -4154.065485527818 -270.11797047314803 -34.72638547504428
39627763639911733 -3552.5560470498135 -189.3252364253037 -61.21972426727719
39627799861919822 -4523.849858179963 -158.07189411571815 33.23105474248147
39627787782325334 -3817.4725962563616 -136.7833555968121 2.130787773449721
39627793826320178 -3227.6131580439646 -137.50227456615062 13.976492740320195
39627757600112922 -3215.535949420674 -169.15174420674387 -77.11872976362132
39627763639911442 -4535.041884476626 -240.75604039205052 -82.8632049412776
39627775706924710 -3725.615711330167 -151.3375824871444 -39.378425585198634
39627787794907652 -4104.49701086219 -198.869932795914 0.9810027007144767
39627775698538060 -3492.2618136450233 -117.61770477721379 -27.336906807547223
39627787794907596 -4299.022448053105 -208.11603416903594 1.409285813658388
39627787794907543 -4319.260204697709 -208.8997773534174 2.002580727347874
39627799882893842 -3792.3476478930934 -223.35652680869134 38.72107746692092
39627763652498408 -2645.251202038676 -184.36594822155888 -51.76521165924064
39627769679712205 -3032.8686573440623 -167.9097614852538 -35.40043788761241
39627787807494863 -2752.52228668829 -179.23739794848078 -3.8888022794980834
39627751556123773 -3569.2321172622246 -179.7210593328674 -88.18772490162623
39627763635719661 -3982.158696598299 -200.2791356621247 -69.2952686598969
39627805922694132 -3840.7469907107857 -232.18675043802864 58.167042105042356
39627787807493974 -3559.762105537712 -229.22655954349864 -1.989597252061359
39627751556124187 -3423.305729442215 -173.42341660611393 -84.66278725581115
39627817998091972 -3364.4698629915247 -180.96958208648164 66.29684750344038
39627751556125140 -3654.4823245111897 -187.71227116274207 -89.3923154721148
39627757600113619 -2900.2939166861993 -154.11480974413112 -58.250148217815905
39627817998091361 -4300.7935556714365 -229.29376890582643 84.62115248984242
39627787811689165 -4335.690309254797 -301.3062983478339 -2.159895195365052
39627817998090858 -2998.7088590335097 -158.61054295647415 67.09645659341307
39627769679709694 -3936.7712818347304 -210.48233084052842 -44.780608140129786
39627769679710069 -3631.866102222278 -195.21919757916282 -41.188500795030095
39627781746721674 -4626.8080479177215 -185.55344015497542 -25.450036649720005
39627781746721672 -4015.7369990915977 -161.0212110458762 -21.95659178175583
39627763639912007 -3362.3377378519763 -179.8784467311079 -56.55943596381695
39627775698534940 -3275.107064542509 -101.67584627187503 -26.56923394344134
39627781746721328 -3966.7775781762484 -157.75869100559837 -24.409296438500515
39627787803300522 -3244.574092940596 -197.57784806000396 -2.792802610225303
39627787803300442 -3716.664153735519 -226.05781757588028 -2.8361914231071874
39627787803300428 -4027.8730006307605 -244.92077034309148 -2.4918305109173926
39627757600113718 -3629.730321738322 -193.15097887354136 -71.81142949365842
39627775698538984 -3172.169300141515 -109.162069220792 -20.99918762455398
39627769692291454 -2861.9257820896687 -188.33287168406386 -39.87536047158811
39627757608504420 -4111.9574176041215 -263.1672729627807 -81.07241234617874
39627757595920025 -3553.605182011696 -174.70444241417508 -76.08090858276876
39627787782325118 -3409.76894106496 -121.59486549936908 2.062657723639977
39627775706923451 -2810.136593189452 -111.31800187855754 -28.17943921282657
39627799895477835 -2968.5903084961337 -217.13256637998506 32.30586081989396
39627757595920080 -3142.890145892199 -154.6290784446055 -67.00907192039486
39627775723704100 -2724.8149787826087 -162.53631475391057 -23.22204950375614
39627787778130842 -4030.7518926482976 -125.89065571771567 4.696506626235071
39627805901718571 -2626.6948010299857 -93.68019682580663 38.82259004939841
39627817998093452 -4428.639106972791 -243.47424048006704 88.73142795837133
39627763644108080 -3161.1284315673815 -188.371475481549 -59.00946147257553
39627811954103142 -3625.3874547533305 -189.687669633039 68.7837971695459
39627817998093359 -3251.891633854421 -178.51259120323857 65.21594343519335
39627787778130886 -4120.448520752894 -128.8289448751044 2.2019844518534843
39627817998094842 -2726.833171031007 -152.98455465400133 55.88744474757021
39627817998093950 -3356.3744755798807 -185.90384273575904 77.43066846409097
39627805905917081 -4443.987896734677 -191.2220912641618 52.96373033780061
39627787782325133 -3815.290044859336 -136.12612423553173 2.759377044306665
39627781738334133 -3195.1480937731226 -102.8950198986469 -13.628625421247031
39627787782324984 -3558.2736694881983 -126.49777452218439 2.395480946282376
39627787790715228 -2975.724764844446 -135.86574840631306 -0.3682687252399073
