data/coord/ELG_0_clustering_data.ecsv
# %ECSV 1.0
# ---
# datatype:
# - {name: TARGETID, datatype: int64}
# - {name: X, unit: deg, datatype: float64}
# - {name: Y, unit: deg, datatype: float64}
# - {name: Z, unit: deg, datatype: float64}
# schema: astropy-2.0
TARGETID X Y Z
[from data line 2786]
39627835584807606 -3355.126075970056 1838.2430774043037 125.37808466129178
39627847622460609 -3045.0002944950224 1843.290243769646 150.09607286694762
39627811396260622 -2104.6694445760763 1229.0060148456757 42.986512838193356
39627805369044026 -3072.6559251731924 1746.4060843285033 43.802309707566835
39627805369043367 -2620.5474121871807 1491.0249028077785 37.52224962049884
39627805369043484 -3274.722928534333 1862.7858638689765 46.53398386464044
39627805369043508 -2790.37910076852 1587.2131061401171 39.885136795806595
39627805364851984 -3148.370915345904 1799.7330736993465 45.082838131663785
39627805369042368 -3670.2763576142243 2091.8489392484407 59.069032126496204
39627847639239299 -2946.8417825476295 1709.7481439533872 152.0411523946086
39627805369041046 -2811.9943416784085 1606.8039357550776 40.10744946591778
39627817457029832 -3508.5274998647274 1946.9432443678206 93.37231513235078
39627817457029735 -2896.9113607164654 1607.805374088092 76.3007127644483
39627859727223083 -2560.5305476076883 1457.3934530800636 160.06742214348375
39627853691620016 -3693.2383467449245 2078.9681290958456 204.2114012053651
39627811400454636 -3156.853999889089 1827.1726241242065 55.99701723030408
39627829545010027 -2856.7173479736875 1564.325965847408 96.70707035786599
39627811400454214 -2777.7108677061224 1609.0642799471102 62.13749338323725
39627865762827823 -3059.0123666701334 1738.6603594344049 200.48501005875323
39627811400454085 -2729.018557338043 1581.211438859556 52.15974912773721
39627853691620196 -2577.7304878629793 1450.52133891749 144.69835724747952
39627853691620248 -2335.9037275187766 1314.3180502563305 133.23818190546837
39627829528232687 -3620.642919932815 2066.3302397273824 125.54031117866565
39627853691620280 -3525.170053075352 1983.354247167264 195.18401624759457
39627811400454554 -3611.208312544694 2090.4766172726972 81.64593395578606
39627871781655317 -3313.0632112146604 1936.8469570730538 229.52570934729087
39627829507263545 -3280.4145488259073 1959.9665412369038 116.72583188055282
39627859727223414 -3430.6700913242025 1951.576076350073 214.43747430729113
39627847622463498 -2217.7607507684643 1334.3927881825657 115.30347936258406
39627835559641350 -3279.4291233286012 1911.7044043364954 126.13174204447772
39627847635046184 -3890.879721882836 2273.7024789829443 190.8739146271629
39627865771213638 -2675.7240494205903 1498.7246554888739 174.36645893141247
39627865771213728 -2785.8711393588146 1560.1531381710695 180.19874025938535
39627853704200243 -2874.891164553869 1577.1401435253583 156.4856441772917
39627847626654445 -3888.3840700329347 2333.5818350006534 199.98909381216265
39627853700006284 -2708.8463029473587 1500.3632518047048 145.10515067762987
39627871781655635 -2842.8895004552637 1660.9747011390023 196.2255321074857
39627865762828048 -3012.9025171402072 1711.617029962731 195.44576643992616
39627865762828033 -3367.703523407168 1913.2550478850167 219.55608747360984
39627847626655231 -2767.9684636076645 1658.973514392748 145.36509544394335
39627859727221390 -2749.037688595977 1569.438625273999 160.64525368339133
39627853691620293 -2690.450885847095 1513.6805243303124 150.1079716548105
39627841582662613 -2978.315156223039 1803.6806416720522 140.16801509250053
39627829528232740 -3648.230333863075 2081.886730563006 126.71071734042775
39627829503067527 -3150.558770179738 1906.947128525931 110.81585759578655
39627829507263240 -2446.3119051422354 1462.3535457212054 87.6176258317233
39627859731419455 -3088.095601959595 1731.6567197310342 182.44232846410338
39627829498875187 -2757.6853615315763 1678.437189069984 96.32865908040912
39627817448636732 -3963.6471834808995 2263.7144579187175 97.11899722511922
39627865771213290 -3098.1792779408993 1736.6012268594013 203.20862342357657
39627829545012292 -2629.799114223062 1432.386822266142 90.84749364892541
39627817448636842 -3826.8149589903346 2184.996980588359 93.85535233337181
39627817448636950 -3026.5026555866375 1727.568534618893 74.69523324388975
39627859731417325 -2668.087315034789 1503.3460404515424 157.50876775917394
39627853695812606 -2777.58732621717 1552.093210741541 159.68506628912203
39627829545010944 -2909.507869525235 1590.1027515898786 101.47579021387769
39627829503068083 -2660.7250824419334 1608.8656901125512 93.68371649968334
39627829524041859 -3298.5642355796926 1889.0110220340873 115.83482339466269
39627817452832654 -2457.0964300956502 1385.7582079302038 59.063859072562366
39627859735610027 -2755.580453464281 1541.0080164811982 171.55352612533784
39627853691620387 -2640.2572644497586 1485.2193575410358 147.22095958812244
39627853691620415 -2318.0578872860697 1303.886540597933 130.4804143441427
39627841582662124 -3416.6725121403733 2071.290375835173 160.40009406046929
39627853691620617 -3599.5417067987705 2023.9448520338738 205.0404200459839
39627859727223584 -2442.0950151570996 1388.8390603046353 145.49112257301834
39627829528233011 -2927.3837879511916 1669.6075109244664 102.33045366188787
39627859727223635 -3416.8358725298235 1943.0005325883685 203.28958306291287
39627841582662027 -2909.6080600488776 1764.2998079901288 135.9011650272207
39627865771213545 -2709.2401855582443 1517.7982735454916 176.39278903598577
39627817452836021 -3948.9488604222793 2211.830474017793 104.79293134326493
39627829507263366 -3516.283971471525 2101.527875595809 121.08072669124518
39627835555451786 -2727.504315578737 1592.1620889220658 111.05986014735706
39627823496823417 -2940.997256548222 1645.3099737936263 90.92032421212986
39627829511455650 -3754.2949118610204 2229.960178054151 136.65312686305313
39627859727224577 -2546.154957333658 1445.6413236038218 150.59481596744567
39627835576422569 -2306.54668764818 1280.754356205728 92.31724420478773
39627829507263397 -3520.9823119475604 2104.244989071402 121.3797273128906
39627817440253420 -3552.4806411014897 2051.2236623353115 95.98398453464024
39627829507261350 -3594.3507329470635 2155.8886869774424 123.40855290704634
39627853670648854 -2543.807883314465 1503.0140433893923 142.77868507311447
39627865775409116 -2932.7726584065804 1621.1812659721177 190.59885199411687
39627853670648770 -3629.235938563204 2144.8311051150304 202.6129398602134
39627829511459082 -2963.6498799069996 1750.32074232692 108.11758043783195
39627829511458998 -2703.355201953377 1596.7567197852097 98.2379926491022
39627829511458926 -3476.0190267621233 2053.3385355344103 126.75150899583144
39627835589001821 -2722.2659077873623 1475.9103468194216 109.40049323671691
39627811417228674 -3512.654284013948 1962.007159030802 76.55173709768043
39627859710444856 -3095.262861980697 1835.573851628694 185.98828364755826
39627817444442270 -2788.2940734969193 1609.5243447305268 74.94453021883916
39627835576421764 -2180.055318834 1212.5649108210887 82.4837427263679
39627817431861887 -2885.0232055536094 1707.6371034229264 76.642126322731
39627817431861927 -3374.61881673583 1997.2840264471397 89.77517353795969
39627817431862247 -2948.3279835002245 1744.048929713848 78.49163615371106
39627835576421842 -3720.0049535888284 2068.7875450698666 140.2884706737663
39627811408843694 -3128.9797199711907 1770.3975736863208 69.0106197898688
39627817431864476 -2531.080522446311 1491.8796537684493 65.7524362081312
39627865754437671 -3522.1477740941136 2049.8872516107263 225.0901854778908
39627823480047546 -2985.6686646184644 1734.1179834762863 90.22335261088334
39627823480048101 -2437.6074898070983 1414.2183500491024 77.84967283549764
39627829511459715 -3162.6240087909378 1865.9399309223627 115.70730747596592
39627847660209571 -3693.613221884146 2042.3340216160955 188.19949392354505
39627841595247635 -3855.394021647446 2258.474345195629 178.42825503341086
39627835547062494 -2279.954446645134 1360.1040877354244 88.57270167306525
39627841595245495 -3071.8619890241953 1806.237582098658 139.4551593281495
39627835572225806 -3286.5869346354 1854.1632087431988 124.65789571725729
39627829511459699 -2873.161587653694 1695.1926470630779 105.18188495746004
39627841595244955 -3449.2898248748656 2030.3813251302417 164.9197447694451
39627841591055155 -3276.1219451993716 1930.6311146387914 152.616073003126
39627835568034450 -2602.475018526553 1475.5348571589632 99.18220965339529
39627841591053924 -3809.586531841234 2250.4274609995405 165.29015365984984
39627841591053900 -3523.071258265741 2081.269804697661 155.98890325611788
39627823484240254 -2580.649234640359 1488.9981264683681 76.54415466864934
39627841591053781 -3502.4216834427407 2069.546984873413 155.4074680799541
39627853687423155 -2861.7579271477225 1635.342294852576 163.25896962827014
39627841591053676 -3883.012406796382 2294.9789889092326 186.83242571634472
39627835547061713 -2433.4857273318034 1453.6657208071508 95.37403777361462
39627865754436146 -2603.9020071558307 1519.5082001645417 174.0660158930306
39627835576421751 -3030.432353910632 1685.5839928923833 114.19311675788464
39627865775407631 -2781.6925831435947 1542.582215989335 176.04904025533955
39627865771217266 -2680.1785158486537 1488.6296545381967 177.19986027206565
39627817440252179 -3130.8899685988567 1812.5467048457144 71.2013761782216
39627859723030311 -2898.7273784570084 1663.746779165511 173.64852607248193
39627865771216937 -2271.283929583266 1262.5750913412428 150.24052945798974
39627865771217284 -2787.275877214533 1548.0230967166774 182.0001593356958
39627829519846761 -3679.8100974019044 2130.759411303676 125.58619223878857
39627817440253273 -2806.6482156209563 1621.0756334923694 76.59322944121853
39627811404647426 -2644.3916707838575 1517.882205645992 55.09892453072723
39627847622462335 -3809.7803267696713 2297.8174344517915 193.5393184222961
39627829519847136 -2778.22859692159 1607.381961491374 101.1682463235983
39627847622462416 -3531.3977138777964 2129.5453139789565 185.61893064307054
39627847622462532 -3649.410845722284 2200.084104549469 191.92152635114152
39627817440253256 -3306.5941793632837 1909.9286646728424 89.68738201318264
39627835551257308 -3440.580074726025 2028.9272091542018 130.8001106852469
39627829503067390 -3557.240472164721 2153.6341009945622 125.38268913402135
39627817436059269 -3561.1396271721364 2077.1005140751363 84.30170137876509
39627817440248081 -2703.267070383486 1575.8992317582736 64.28939785479325
39627817436059015 -3502.4359895265716 2043.7573282322128 82.83857928197867
39627853687427794 -3721.566172304929 2109.440888016521 213.27071892952998
39627817440248240 -2409.467858977015 1404.2767007045109 60.15457130653056
39627859718837760 -2568.164103172441 1483.4341323375363 153.6437877950514
39627835584807794 -3344.7167830456874 1831.8196133297904 125.6365625282854
39627859718837604 -3847.9411754813927 2223.175626170243 230.2186219443388
39627853700009086 -3356.554869279017 1849.1075143719288 181.533003087381
39627865771214074 -2693.594220832105 1507.3441068395955 169.69711006880007
39627847622460763 -3890.2649154145106 2354.0754974127326 192.19077673310554
39627853662260066 -3605.536619971416 2173.6873409741406 196.5906819258273
39627835542867742 -2795.0504250415574 1684.422394216202 107.36522660369252
39627823484243518 -3987.5216457105967 2285.606812718479 117.5516083934469
39627841595247058 -3844.5302773988205 2254.1345193936363 165.40398616718105
39627865746049141 -3390.181951285562 2009.9399334607647 228.8820698206329
39627823484243537 -3203.559960309229 1836.1438180183734 94.35138124269167
39627865758632549 -2561.5151134837965 1474.477052865129 165.94806290032975
39627817436056917 -2608.6638320887155 1527.9057083088815 61.343465879138016
39627835572225855 -3486.3910392982616 1966.7106733598139 132.70223924115143
39627817452835490 -3673.4249061143573 2059.910641260935 87.18754538233655
39627835538673802 -3154.8962320726127 1915.5830347742178 130.4033136574568
39627829511455431 -2699.1049203944617 1603.8953628605186 97.52593712258043
39627835538673908 -2936.076677761537 1782.3950089028372 121.50179745456586
39627835542865228 -2500.924539541417 1513.986850661344 103.23688205449264
39627841591050936 -3991.5675633994756 2371.8345214808573 173.91007746833367
39627859723029208 -2936.1936133307845 1688.1064482529819 174.7382586001509
39627853670649163 -3693.1702782015013 2180.4095617611783 208.78816248320652
39627859723029352 -3499.3458380615452 2011.4780700490394 207.68887024763458
39627835563835550 -2934.1747854589066 1693.6457867225663 116.91473238204419
39627817440252654 -3753.2438070086746 2170.860770562537 97.1159259773039
39627871781655602 -3257.8946100427374 1903.5931918491747 226.3791333244498
39627823480047946 -2576.6197839856773 1495.3346096896369 81.5169867761294
39627829540819447 -2983.1270558026717 1638.1513650849158 108.94810122279996
39627841582664090 -2470.5483628004404 1491.7324051308574 107.81373760760042
39627829540819345 -3602.3517626061507 1978.6587176288356 132.0815391157107
39627823484240152 -3268.49973753865 1886.219480646034 95.82062053985497
39627829515653478 -3614.926765734642 2109.8739478864677 123.8363464997569
39627865741854711 -3580.3692711859944 2145.9630842313277 228.48988529440575
39627847639238834 -2990.953259955295 1736.637474735201 154.6673425301151
39627829515650513 -2705.1918664702353 1588.8186755572565 97.58541263350773
39627853704200687 -3770.4324881301977 2066.535321124708 203.77316061522657
39627853670649351 -2653.537568412691 1565.902176916333 152.14886215578525
39627847635044066 -2941.55975140406 1726.615826566501 144.05955570386706
39627853687423184 -2836.529737790664 1620.8708742311137 157.08717107461783
39627847626656152 -2327.724211894302 1392.3800089504973 114.11776891365005
39627811396255943 -3486.821804038041 2053.2312013483843 64.7893717047643
39627847639238856 -2913.871197254599 1691.8266480425207 151.06877637866367
39627847626655138 -3792.326577648707 2273.3528236161296 193.27966970713484
39627847643431654 -2573.464848201223 1484.0210963541956 128.45121335071923
39627817431859866 -2430.628512331413 1444.3994969483185 64.44559527432585
39627859739806522 -3405.546900381804 1876.3634687698818 201.97311450244186
39627871790040821 -3008.1184132996714 1733.2556101685486 215.80537434239162
39627871790040993 -2121.531104651389 1221.9777365185287 152.31940856691807
39627841591052588 -2734.7333146745323 1619.8311433246388 127.14326349613444
39627865767021874 -2953.447576972827 1662.2543296934896 194.8546206230552
39627865767022101 -2518.0086473063707 1416.5163717628784 165.89699391373873
39627853683233996 -3595.306763911155 2056.3952815838543 204.25012911286993
39627871790040381 -2860.7322430093363 1649.8672055320299 196.64956273168292
39627835542867901 -2725.6348849203064 1642.0945061839145 112.4660187065386
39627859735610083 -2906.095476386461 1624.9925645924795 180.98805701696247
39627847630849446 -3692.811831287345 2190.803878762682 187.19200937165544
39627817457029117 -2569.3743813879337 1427.8787494016801 70.13515476990759
39627817457028852 -3335.2976386037417 1854.4605706234197 90.63248806074047
39627847626655009 -2992.5369941706676 1794.304462014846 151.76284729676848
39627811404647876 -2978.203602363273 1708.0396850608192 61.75341117406398
39627811404647877 -2977.3963480823377 1707.569305635349 61.64696068909045
39627865750244459 -2853.125936832212 1673.1357424332311 186.05869706705377
39627817440248577 -2445.1430994727 1424.1804127837788 66.46987744860597
39627865762826684 -3127.4549005097074 1782.0626996226706 208.31570567789103
39627871785848015 -2918.078120675595 1692.9788912608458 206.5686103973934
39627817436054450 -3975.4295274806746 2338.13232888511 102.39705947739517
39627835542867651 -2324.3370598423494 1401.0140609659054 95.36946576124755
39627847639238395 -2299.7783240208537 1336.2943474524 118.17215206560738
39627865767022377 -3591.2102468141015 2019.106203735633 237.34975937859497
39627865758632076 -2563.036486473535 1476.6851237043015 166.47546951434464
39627829515649795 -2652.566668728726 1560.3478811234238 94.99016540606593
39627847622460959 -2863.6178127514527 1732.0864129572644 139.18920180625207
39627835580614333 -3341.983803123899 1845.5589541303282 125.60092534064034
