data/coord/ELG_15_clustering_data.ecsv
# %ECSV 1.0
# ---
# datatype:
# - {name: TARGETID, datatype: int64}
# - {name: X, unit: deg, datatype: float64}
# - {name: Y, unit: deg, datatype: float64}
# - {name: Z, unit: deg, datatype: float64}
# schema: astropy-2.0
TARGETID X Y Z
[from data line 9812]
39633465884281184 22.338576320565313 -1275.0763087092566 3032.05335111922
39633448880572240 65.82098160408215 -1601.8647528621777 3505.1431544319694
39633443771911761 -58.01766007564513 -1811.679729245787 3870.246776889437
39633448867990104 17.72197817403234 -1559.9195997729773 3440.6167008411385
39633451388766525 58.39498765930434 -1203.3811105579005 2666.97286793202
39633453863406638 48.955159819060135 -1412.5442581673155 3162.0031337155024
39633453834043796 -87.99955663135285 -1870.7355906998332 4188.338688176254
39633453825657875 -109.40513870201329 -1776.8088868453208 3991.92430132708
39633458749770412 41.29543212944118 -1205.699124521291 2768.902791799851
39633458749770512 43.01848010246458 -1246.6540812502235 2859.983249264444
39633453855017571 13.26086580339732 -1133.7132936293901 2551.989620017851
39633456296103556 -32.407133230254615 -1458.7268498457202 3300.5077844149305
39633441213386109 4.779838325026714 -1734.3326797037637 3678.0433853137156
39633465875890255 -12.651375694013499 -1148.5871621553424 2755.978379949969
39633465875890240 -11.552876166580125 -1044.7696370250542 2506.965860373543
39633465880087860 12.08761442229938 -1345.5477934262933 3195.9009853747743
39633458753962838 41.7731784414044 -1033.7543678393056 2384.360979673238
39633453863404499 36.39839766753106 -1246.9653457276552 2787.1123037547422
39633463535471727 46.70910153937748 -1287.3315817479677 3036.500052814437
39633443771909144 -51.49347772179873 -1330.1491041784245 2859.2831863288816
39633463522889202 8.154275922847821 -1669.99605021958 3915.9759035231327
39633446330436324 -9.663969914968012 -1063.3321268008242 2311.359632759274
39633456300296683 -23.689480212933947 -1491.0337139532676 3394.407564032855
39633461127939013 -57.12867306260547 -1379.0569772549804 3205.807340432667
39633461144719414 14.59111296034391 -1331.7797150280724 3110.734908669474
39633448884766257 81.76333563833495 -1609.1037002384362 3523.923871277588
39633448884766314 64.08501856802428 -1257.9742406639218 2755.5651269398504
39633451367793260 -14.143121633279977 -1568.3539714624937 3500.1928537343892
39633456317073617 48.4155559302009 -1753.8408958414743 3998.15086237463
39633465888475335 35.860879815194025 -1276.2754608247387 3031.6674658883294
39633458758157490 67.99712437912375 -1304.0720746485617 3016.0578709135934
39633465888475603 26.504342101305305 -916.6531343414572 2176.194090776755
39633465888476008 43.86684851875786 -1457.3482045999096 3465.754554666461
39633453871793034 59.67176205050665 -1186.1265473352632 2652.132341812872
39633451346821548 -104.48740700678731 -1674.846307553917 3741.6359450532777
39633463522887445 -0.3160826591567021 -1711.6079115889836 4034.185646170009
39633451367793514 -13.868691539229609 -1663.2254083700188 3689.1678253530495
39633453834043721 -55.096110755307805 -1165.7712845489214 2608.096685455607
39633451371988731 7.792641819759544 -1652.7581807873516 3673.752152308622
39633461127941471 -42.88558457825656 -1210.609760930337 2835.3803982513987
39633461136327162 -24.325318429745195 -1176.1610094158818 2752.3664723732586
39633451367793531 -13.198750929437091 -1594.2609998751445 3535.891534294335
39633461119551206 -113.43100070391482 -1829.5731923541896 4244.873148629563
39633451342630370 -72.4688539316671 -1115.535985515993 2476.6725200448504
39633461148910202 16.109571061472742 -1279.181332577881 2989.0345035169075
39633443780300553 -15.310312674833009 -1286.453202039076 2743.3831541023906
39633441196608939 -68.85253814762882 -1812.9580883756041 3854.7298552201087
39633443780300867 -18.72275836996723 -1685.227767563588 3595.1480022548885
39633458716214307 -76.88500079918205 -1342.0708775818116 3103.9813786492596
39633453855017575 21.965072991719122 -1876.0928783024892 4220.301627501868
39633446326240745 -36.21551130744531 -1604.4311711529879 3478.8219191261733
39633448880572549 56.905548341194844 -1356.8361928405075 2968.256584774944
39633448855406112 -31.04148675123261 -1419.32362323069 3131.269181464358
39633453871793064 87.8598900311232 -1743.9144103832778 3905.064076179576
39633456317073539 35.218257356547404 -1286.286191278672 2909.272537813534
39633446347213562 55.25435400753377 -1647.0699504838929 3578.5982953486146
39633456312880355 34.024309855894955 -1640.4100460200088 3710.590677124076
39633468207925972 2.8009477666516913 -1055.496452350075 2548.9237659901837
39633453871792863 58.92860408735079 -1183.3678637903279 2648.5112631833017
39633441217580080 15.968543928364383 -1282.6683136484917 2730.924578140827
39633448876376709 40.097939557740055 -1447.2048935402042 3168.326601100621
39633458753963249 51.91478089209084 -1249.3126746003422 2865.6599895509694
39633448876376745 32.560113005643274 -1171.4584647362437 2563.744354895257
39633461123745749 -68.30244325009429 -1385.0957238414885 3217.4289602157983
39633448876376843 30.50148730885215 -1086.006114624627 2378.7335653622185
39633465884281328 19.70022013014437 -1102.5135352899317 2623.543958255358
39633461136326863 -29.083278176355105 -1356.5792707136204 3174.8236651930083
39633461123745867 -54.00440943899395 -1102.8408168650346 2561.2516936798434
39633453859211022 24.82832533402713 -1208.6158213231663 2720.39653642252
39633453855017607 16.068308179532405 -1364.4032199189323 3072.7753911503164
39633458753962743 55.48932803320318 -1382.6286195072532 3186.4351272263457
39633448872183625 30.30482134855208 -1519.3825598802864 3332.5463009300593
39633453859209599 23.083904924137354 -1373.2860969072008 3069.077647418885
39633453842433715 -28.638697863658372 -1321.9549908204667 2974.75089034942
39633441217579952 21.95692575203051 -1810.7928446162232 3853.800430776895
39633461136327114 -31.32669782517832 -1504.4600596903238 3523.00516540455
39633453863405983 37.74139085437656 -1145.0936972950267 2580.057183699715
39633456321266883 64.81353275139966 -1816.7674249134866 4142.651122327197
39633456317073106 40.6129248215371 -1547.0779493095636 3523.9131707338215
39633463518692221 -18.866744167602327 -1339.696258493934 3161.375671856519
39633451388766176 85.3518963111147 -1792.0504578501373 3980.7873324598227
39633465871697101 -32.97128924616518 -1741.5226690462384 4170.938567513265
39633456300296501 -21.806658934191613 -1342.4649715171563 3039.4945419987935
39633448872183412 23.41183061407414 -1207.35904634787 2650.930791861943
39633465871696955 -22.811745252431717 -1179.3204157774965 2824.9094381659575
39633453825658056 -88.82551373922476 -1450.1500417592383 3260.844671789762
39633458724604885 -44.94510430495054 -1492.606781372523 3452.7635177899974
39633451388766130 77.83711898489453 -1640.1834159000007 3642.970953453263
39633446309465567 -93.95670869371736 -1577.879928005986 3433.6586679775146
39633446309465136 -116.5079600792045 -1925.7115094043031 4193.637762148424
39633446309465047 -109.64878131575509 -1807.0348083902234 3933.4755849285966
39633446309465030 -96.2263973966136 -1585.0008521930263 3452.153745797543
39633451363598494 -29.36660348075711 -1414.9993009170255 3136.1578181538985
39633465867505189 -37.71641943215546 -1615.852252711636 3839.7186197932506
39633451363598767 -22.52265096948313 -1128.1193607178584 2498.843370371149
39633451363598832 -30.49038133605737 -1537.4517429274654 3405.784697633845
39633463535469303 30.657315090665378 -1029.4829634863536 2412.0236849626576
39633456300296965 -22.419860943562554 -1474.716836939734 3354.84857998018
39633443771910386 -44.23885437967909 -1241.1469001399262 2674.2437828621046
39633441209192199 -10.838344477310832 -1723.8927144355555 3641.5238281885513
39633448880572103 56.67137298181498 -1391.1477083397508 3042.9963081178607
39633461132135634 -43.45786760742959 -1800.5007573450748 4212.894719634796
39633446351405267 53.97833252993409 -1467.551176409362 3189.8994150793587
39633451388764463 53.9189501923608 -1256.9621304920292 2785.635174810836
39633441204996740 -30.122274628193402 -1605.8676932135922 3424.4210709980107
39633468199537006 -28.333708084094123 -1285.0927001990854 3101.6950175748743
39633448838631148 -76.37879640739254 -1291.533002656905 2847.1566489607585
39633446351405299 48.216455479288385 -1307.467509588269 2842.2545497071274
39633463501915845 -64.15055652876762 -1131.303648426176 2656.4630426655017
39633443771910601 -66.2549816546018 -1886.673814897424 4058.7289881349966
39633443801269513 41.21931132932621 -1200.2672760491125 2563.8933462025634
39633441221771756 28.986867049587868 -1774.8283082165765 3775.011625736335
39633453855015387 6.938096715418557 -1078.993596125773 2412.5808435315867
39633448867988969 13.908939243527279 -1606.6791484457194 3525.847252348559
39633456283519399 -106.97247949896423 -1823.117889069705 4174.200374453526
39633458753963270 68.00203911710967 -1633.9117093740301 3750.0959277870306
39633456283518516 -83.32367928158659 -1370.5572890613084 3133.0029171116207
39633446338823937 15.73808780018178 -1698.2110056340682 3701.1693681845077
39633461157298697 44.07746396156024 -1295.3820535997434 3016.2205887008918
39633453863403866 33.67318342532709 -1227.7037755691115 2746.741268701233
39633453859213273 37.57407112113099 -1412.0620876590833 3159.8921966490793
39633451342629632 -84.23677270001234 -1260.5104881715415 2799.658064910814
39633468199536993 -28.373079156223827 -1285.2356376153089 3101.808311620504
39633446330435587 -14.598375438403064 -1349.2386663488812 2938.4129830310594
39633456283518405 -73.39273429226118 -1202.171271647823 2745.0741215917105
39633456283518343 -80.84703893179802 -1321.5272391794979 3017.7751024828226
39633443767716103 -75.22312905119627 -1644.5254363195997 3540.7414213953853
39633456283518609 -101.71275614821879 -1679.5722398734215 3835.386825834816
39633453855015920 10.535443526352621 -1364.8882253260783 3054.447203917768
39633458712021818 -69.37171922007971 -1100.354847513655 2532.1407605325626
39633448851214532 -28.80961551791714 -1061.6541602999164 2331.666717621593
39633461127941062 -62.37346982035035 -1709.9407524747844 3999.031366280499
39633458712021682 -114.67097938725824 -1809.7463142258348 4165.200250656345
39633453834045667 -63.85801201380159 -1497.941587447779 3367.667351690109
39633458712022092 -101.08089704866298 -1624.2969000463363 3762.320377216669
39633453863406666 46.12772834299045 -1328.4270012044437 2970.822338853945
39633463501917613 -88.03416952765437 -1682.9258472548754 3980.643746526399
39633453867599239 47.727033566933265 -1173.1112691469275 2637.164322281732
39633448859600934 -13.476842909106741 -1339.779001665544 2936.61376294004
39633453834045586 -56.70060086678369 -1322.9294326329964 2973.9022380317683
39633446330436013 -16.005107725656163 -1624.6645862142777 3526.917314615491
39633446317851152 -84.47125612653501 -1853.5371571809844 4014.2816368751614
39633446326241636 -25.757238037598626 -1262.0199906465593 2724.1534399474913
39633461148909909 15.088502349498752 -1276.245406654322 2978.474950069511
39633461148909776 12.403106299543703 -1076.7582209486957 2514.0898040676407
39633441225967392 41.0595970741565 -1376.336159773512 2925.9529201997675
39633465863311597 -53.32646316385354 -1526.5672068385552 3641.4735089542814
39633458712022089 -81.33333517629733 -1306.7706009622352 3027.4540228040432
39633451363601139 -20.855291342964478 -1492.3444679551778 3311.1007223880288
39633465875893378 -1.6233009394468656 -1248.9486741550515 2985.2585047525477
39633453863405900 54.14160688208377 -1651.8655829223835 3702.4262812385855
39633446330436584 -15.476778480751827 -1841.1730309567697 4005.895073418675
39633446317852911 -69.02904335181321 -1652.124729890496 3581.424463703494
39633446326242886 -27.806935686098065 -1590.8736170077489 3457.1759877398026
39633443801269310 62.90253362545894 -1861.993370606018 4002.817728327586
39633443801269258 46.9249559995244 -1395.085105346518 2999.381809855934
39633451380378386 34.546300940436964 -1230.7491234175236 2744.086354946925
39633446317851756 -81.95736078620735 -1848.1168803400349 3999.1146279916584
39633448859601018 -15.791426585791612 -1606.5572443123247 3521.3082047409534
39633453825658910 -97.72656176611017 -1640.3817745047536 3688.1398689172865
39633461123747559 -60.41385780797735 -1361.8699532271762 3168.7386526221467
39633458724603049 -53.423525520820405 -1537.804758660506 3551.7055065858453
39633468207925626 2.217990736538879 -1332.3598171273393 3218.2990008755755
39633446326243499 -25.74975238092608 -1622.7112143742693 3535.870353387418
39633458724602880 -48.759934388041565 -1383.5445956442654 3200.7477453569168
39633451363600214 -20.29624083811254 -1233.6526883210822 2728.3611088807306
39633465888475540 36.485705648017735 -1271.9559990162552 3043.5450752601632
39633465888475609 50.92442704596511 -1759.153468532642 4208.102747098572
39633461119550467 -93.83001364628163 -1472.1224588797995 3416.5291047482956
39633461132136175 -35.02836763649419 -1530.675181217327 3564.0199442773755
39633465859115726 -60.500860348702616 -1235.6601622127423 2941.9177009289883
39633451342630195 -77.91352720117983 -1190.7796155163626 2663.757820104518
39633465859115119 -86.5838769452275 -1715.8192759238807 4087.54245404468
39633451342629753 -92.17249029132972 -1385.5067492550568 3094.495215641884
39633465859115359 -84.30823081143666 -1690.4808738548254 4016.714890354019
39633465859114914 -60.219963605482654 -1183.598214642293 2819.4330085905754
39633446317852695 -70.66754430099239 -1674.1067105665104 3625.8125061234678
39633451346821613 -84.93302636080706 -1366.0622212610267 3054.607416302796
39633446317852689 -55.47529221584396 -1313.763021051667 2845.029453737769
39633451342630367 -110.12132563481669 -1694.9458870364522 3781.919244273127
39633463501916851 -71.41301236384827 -1316.8197016828915 3114.6537895228344
39633451346821372 -87.96891750147758 -1400.4177269178108 3130.497035986786
39633463501915811 -64.51832987299858 -1136.3441118547885 2684.5585076818625
39633465859115788 -65.75827668257696 -1347.0192272784234 3209.399086703133
39633465888474894 33.6110640757678 -1251.9736526077243 2984.373752419295
39633465884281494 27.842563021227193 -1523.328370289527 3629.6657380302977
39633465884281524 21.509392560915373 -1172.0984753941289 2792.5103980099498
39633458716214411 -87.28753838515611 -1531.6692741565653 3543.0623005252996
39633463501917341 -67.22540652762382 -1265.8047010885139 3001.905177306762
39633453855015284 8.461315979472335 -1367.6155969528154 3089.8393738285563
39633463501917094 -56.313532396058974 -1049.5547246520416 2480.682950700462
39633463501917522 -87.03451195204917 -1654.0984935098122 3924.551865028667
39633463501917607 -86.5435859154385 -1653.616024510835 3924.394825247129
39633453855015116 8.993584708026045 -1556.2167443634376 3514.874364924524
39633463501917170 -74.6821512355021 -1396.0145838554959 3298.827843535284
39633443801269307 42.07539873986452 -1245.9508490088049 2675.785655908035
39633443801269087 51.930538255518854 -1564.280051166807 3360.5983597002046
39633465863308072 -56.36789521524522 -1313.595311818601 3137.926455153956
39633461127938155 -56.602306704901864 -1292.962564436363 3009.007103755786
39633465859114329 -89.93408749121504 -1718.188806018408 4085.219683683872
39633443801268998 46.005809838987865 -1396.339940733706 2999.734647674435
39633465863308307 -47.134680345884526 -1113.7066082708266 2661.668947247794
39633456308684994 9.597060462199963 -1575.8381219169135 3565.1221404208736
39633458749770361 43.544464766182585 -1276.2822899760054 2944.681430885474
39633463501915908 -73.44301507143531 -1298.4600551504534 3063.33190667618
39633468199537804 -34.48389931375453 -1749.5913193838862 4235.1946180817185
39633465863308211 -67.98315599126414 -1597.2858146912793 3829.820578728537
39633456312878148 23.4487547807515 -1694.4793188004764 3848.331983848296
39633456312878161 22.221943274946483 -1602.3808620697964 3638.9922976357743
39633453867600241 64.4132583682292 -1494.2171637976528 3347.849844404634
39633453825659086 -82.9806153115678 -1403.3703930221836 3167.4613196063588
39633448842824659 -71.97269341878904 -1399.789483469025 3058.239084165202
39633443776105006 -34.67785914821607 -1397.5122958922689 2984.09656981031
