data/coord/ELG_7_clustering_data.ecsv
# %ECSV 1.0
# ---
# datatype:
# - {name: TARGETID, datatype: int64}
# - {name: X, unit: deg, datatype: float64}
# - {name: Y, unit: deg, datatype: float64}
# - {name: Z, unit: deg, datatype: float64}
# schema: astropy-2.0
TARGETID X Y Z
[from data line 12231]
39632941239765580 -2227.895713320452 -1776.5669305525498 1850.2852521444888
39632966422367942 -2285.148841363093 -1784.0194888546564 1982.321481605412
39633001071510415 -2280.4482033619947 -1741.9685153873293 2077.9912216723296
39632976400616935 -2332.368357541463 -1814.9622122047135 2055.0530880256238
39632976400616793 -2567.036462647089 -1996.7290375912276 2261.3119142708633
39632976400616923 -2297.3032833854636 -1787.5999188823173 2023.0899281455374
39632971434559536 -2827.1275357372533 -2280.509576910366 2499.298177850319
39632966409782628 -2666.8742165802487 -2001.0881736283748 2277.276551738586
39632991252646665 -2691.18620699461 -2115.678663843846 2440.4912279819428
39632971434559595 -2825.1439842900368 -2279.2969708061096 2498.069913238617
39632991252646619 -2274.809041180388 -1788.092154864573 2063.806411798424
39632966409782684 -2642.7029996728265 -1983.2660003824117 2256.9170536650568
39632971430366051 -2529.3968122267715 -2022.5508838224898 2228.034252737539
39632966409784689 -2440.60831756128 -1841.1443754492166 2086.351241187689
39632966409782601 -2641.0545496385994 -1981.5849257910686 2255.156122706204
39632971430366065 -2133.097374122371 -1705.7232415426877 1879.0146553387256
39632971430365993 -2788.2281562537846 -2229.1639667274103 2462.070842213269
39632991240061454 -2131.1115531719884 -1610.9101387765832 1910.525124097038
39632971434559448 -2563.1798114820253 -2067.038562481037 2264.4763875877607
39632946285512811 -2664.708513360702 -2020.755971897478 2196.005715139114
39632941222986248 -2111.653041248724 -1604.4674222075344 1724.7817378934171
39632991261035749 -2047.2741314020047 -1649.3536039519286 1868.2241428750417
39632976421588331 -1854.1564811790947 -1523.6435708497277 1661.2590804781098
39632966426559680 -2010.6334542942254 -1574.414495144477 1742.9864464219934
39632996159982569 -2681.6696829162042 -2029.5275868845424 2430.9173554245885
39632966409782577 -2782.2910475545605 -2087.411414114136 2374.6322256593285
39632966409784646 -1926.2632924557813 -1452.935842692707 1646.870316654386
39632961393394263 -3037.8766448472356 -2244.9379572348726 2551.9923665060373
39632966409784657 -2441.0465934144167 -1841.2786869044487 2088.213550120629
39632966409784664 -1926.4531036199496 -1453.1547574969593 1647.0983022352561
39632981375061950 -1960.4833790015473 -1568.6425235760626 1755.3116242636163
39632971434559758 -2291.248723793763 -1849.4866834908407 2025.1064528437123
39632946285511270 -2558.0529004527825 -1931.8158218536364 2103.5764010013204
39632991252646888 -2284.809754505348 -1797.3579902217361 2072.318357751174
39632941243957739 -2316.7482952152973 -1856.7658873385747 1931.3423676499833
39632971438751996 -2314.18354677527 -1876.8394197422924 2049.322063400598
39632941227181898 -2534.3815750021777 -1954.1666076789288 2071.491421474169
39632971396808787 -2685.483908217092 -1951.3786909032578 2278.4032509122203
39633001075705658 -2940.453314343619 -2276.27409709546 2700.6620131975255
39632971421977243 -2065.772525102875 -1613.839665101709 1802.010955158584
39632996159982773 -2254.978925047394 -1707.716324537347 2039.0866700831966
39632976388033336 -2030.4451491817788 -1527.7653855368092 1758.7917160045533
39632961389202367 -1709.3891479088986 -1257.846458362977 1430.4998464313105
39632991256839448 -2016.8175745262536 -1596.555722002931 1834.0993216782488
39632996159983069 -2516.712759447889 -1907.5529202293785 2282.934658769289
39632966422365602 -2384.549078597948 -1850.3034113723008 2058.3876196706246
39632996164174021 -2651.409787073975 -2011.3051605775618 2406.26310020768
39632986290786679 -1928.7386977930914 -1418.6131364629534 1689.8446840906745
39632971421976396 -2697.421916838094 -2103.03113648496 2341.0559762523794
39632971421976503 -2411.904704320487 -1880.9135369557496 2093.640640413758
39633001079898756 -1922.7330428746925 -1500.463743678001 1767.296019427163
39632976375449639 -2663.9833737054337 -1933.0342744319305 2288.9345246366765
39632991231673291 -2798.4148043246546 -2069.271704204641 2493.3425217647264
39632956360232106 -2437.2668072301 -1768.9482015194053 2004.1835861843535
39632951322871759 -2426.8844763505886 -1766.1092136482598 1987.3225281575583
39632986290785225 -1954.8123357236955 -1433.1598910379284 1717.6458500234917
39632946272930579 -2010.4473223481557 -1479.972553359539 1635.0192664824456
39632956360230695 -2081.017657536546 -1504.487313929801 1722.3561986561901
39632961385007172 -2339.483456114219 -1697.9864402841772 1944.0336957322597
39632961380814623 -1714.9250815632975 -1237.4894451964763 1431.4900102925637
39632946277122200 -3081.61105130535 -2274.4169919993114 2514.94634229066
39632941222987717 -2356.7022147216876 -1797.5327702877053 1917.7022990359937
39632941218792395 -2286.9835567351715 -1720.8489762245815 1860.9014923011678
39632981362477152 -2372.824727739525 -1827.5305052895426 2101.795531056851
39632961385005744 -2035.14894941504 -1471.3694867232527 1692.9077794291914
39632961385005901 -2342.192278352457 -1694.1514464948245 1941.4933528303036
39632946277122606 -2901.72186262829 -2144.20487563217 2366.201950777532
39632986290785896 -2491.1620847012846 -1829.0351168507823 2191.13858545603
39632971392616850 -2920.8781958456625 -2110.673610863405 2483.4654965560517
39632956364423203 -2556.4588276327286 -1857.43374387654 2105.783579205824
39632956364423704 -2220.354362803371 -1615.238821506293 1834.15344759853
39632956364423637 -2119.036788403214 -1541.252966304314 1747.2062428530699
39632986290785880 -3015.053195630024 -2213.616784671725 2650.402531651932
39632986290785989 -2832.210758702464 -2079.958390772364 2491.560828109959
39632986290785954 -2833.5071903003454 -2080.7483890793173 2492.883920671944
39632996164174172 -1904.7760101209574 -1445.6973956899492 1728.2632374913637
39632986290785752 -1964.0666863293293 -1441.597243310368 1728.9507884514653
39632986290786057 -2568.584214708729 -1886.7177389222675 2257.761185633578
39632941214599802 -2262.905668161088 -1692.8418228973217 1837.7431388194493
39632946277123152 -2486.090410543834 -1840.8778403602987 2020.3301589219795
39632941218793842 -2612.753481893706 -1973.5719590925826 2117.2390300031498
39632936143685853 -3030.951034660586 -2331.2892363839505 2469.8293634996726
39632971396809216 -2281.3202022914634 -1659.4103729496705 1939.0504818713298
39632941218793826 -2448.6399930486723 -1849.5289085313248 1985.3283605388096
39632986290785594 -2358.06405468953 -1730.2038843957923 2070.1867646019723
39632981337313796 -2100.019712081893 -1521.4993842552103 1813.2638424182637
39632986290783910 -2504.7429489524447 -1830.5243174968869 2195.597380011325
39632986290784468 -2500.306426346553 -1829.7141549037037 2194.715394631609
39632986290784550 -2509.110635385491 -1836.5092544697948 2202.4612029329924
39632986290784423 -2500.1751566159805 -1829.4317288213563 2194.3190205417422
39632941222987385 -3045.193716487414 -2320.6904455567087 2474.9941140161927
39632941222987703 -2671.756265638098 -2037.7892773035144 2173.9427255645824
39632976404809170 -2704.5401023310087 -2116.0305672827126 2380.158886590417
39632971392615597 -2190.482609044299 -1578.000344115419 1853.426714668693
39632966393007889 -2700.6608361149265 -1949.9862846889985 2262.292886078367
39632966393007801 -2320.883743758393 -1675.3235073849444 1941.962691986654
39632941227180257 -2718.887779683494 -2086.3713113900944 2216.6837188376144
39632966393007342 -2450.643679272499 -1767.0911321502108 2052.6973229187006
39633001067317591 -1900.9109414798463 -1442.7792978292914 1728.7768999390612
39633001067317353 -2523.406976651153 -1913.821451734427 2294.668822249499
39632966393008546 -2914.1500196756365 -2107.7906192561863 2442.7910809228724
39633001071509624 -2193.1151686519784 -1670.9721537510138 1998.7278994607993
39632961385005237 -2811.0082485600465 -2029.753372936168 2332.0451576456985
39633001071509540 -2901.2049294245994 -2209.800124967702 2642.917491262166
39632956360231538 -2643.875144778657 -1916.1384892122924 2181.08674841018
39632986290784923 -2480.4156781888637 -1817.2239868364966 2181.678968815196
39632981341506809 -2338.5544253479393 -1707.7793103741951 2028.6735597109018
39632976375448385 -2201.5692773471123 -1592.089223570787 1885.9281591130139
39632986290784358 -2828.140739072991 -2069.0978896444058 2485.1949030198916
39632976375449452 -2772.6969592872083 -2010.8998918086095 2378.9245536153267
39632966397199518 -2183.5588542012583 -1584.0090419745297 1829.1928456034354
39633001067317015 -2000.2709870572896 -1515.319383090988 1817.4786809699872
39633001067316691 -2941.2539075559653 -2226.08428439835 2672.2941813383713
39633001067316753 -2004.695780755097 -1517.528538919311 1821.0231700287727
39633001067317189 -1855.7604590207557 -1406.620031736231 1684.917515778355
39632966397198868 -2678.768307623636 -1940.1011292357252 2256.4534802824082
39632941222989124 -2189.395939485111 -1676.9979312494734 1783.6447708959834
39632976404809232 -2835.689279071432 -2218.979722910502 2495.04129091226
39632986290783557 -2830.3052866214566 -2066.885129505616 2485.480880388706
39632981341504489 -1991.7678540891416 -1446.9371890893149 1720.6904299321293
39632946314873834 -2461.5119813249116 -2016.8495483984502 2086.6904836758445
39632941218794726 -2663.247062880443 -2016.1883727034467 2159.289792518562
39632936139491622 -2295.8139696544977 -1745.5640369626346 1861.3433946669873
39632936156269571 -2815.8592047737816 -2236.7118955015617 2315.2471596806436
39632941248153402 -2799.2691381096133 -2276.0746779612005 2350.383942002931
39632961414369257 -2411.253114130215 -1898.5097894926391 2075.257378742498
39632976413199009 -2029.853855368547 -1628.750509893079 1811.217093759947
39632981370863789 -2366.595748149114 -1854.5403196454947 2112.757911566694
39632956377009628 -2081.0221013076803 -1579.4695386821636 1746.838283468084
39632986311756349 -2008.9198171460175 -1555.1795734857526 1797.674988564282
39632991248451315 -2078.684096400624 -1610.879245866511 1869.4994882443084
39632946281319558 -2148.12531565628 -1614.9756852975759 1754.4921598342862
39632976383838675 -1846.148997481637 -1371.5668401329908 1592.2823887722666
39632971409393708 -2260.0077980347287 -1706.447349523835 1939.1355437289355
39632941235570134 -2712.3790528976556 -2133.2737226516383 2241.2577729893846
39632976417394666 -2396.679956214247 -1951.5478710325615 2141.15395020925
39632986294980369 -2714.4067566896097 -2016.3317953466155 2397.6262261378756
39632946281319476 -2514.000165275919 -1889.6871381853068 2052.9868844196244
39632986294980564 -1949.0143961341737 -1448.5453746336793 1721.994556399335
39632961389199652 -1831.2987786502051 -1337.437195780885 1523.5209597104977
39632971413589490 -2375.4301069124863 -1820.209570919973 2048.285143059846
39632981379254535 -2726.6356573943976 -2196.8623051499767 2462.0159264963536
39632961397590058 -2360.2712930572884 -1771.2906851140494 1984.2747387735901
39632956389593175 -2180.601840260795 -1708.2671751712344 1855.053920633924
39632986315951577 -1820.3947385373565 -1430.3956109847336 1639.253516204499
39632956389593320 -1988.59821196526 -1558.5183342394014 1692.1669419771733
39632971434558245 -2068.344776522556 -1662.3291055792617 1830.8009013879673
39632981379254829 -2761.249613998193 -2226.5213770642767 2494.6639255764417
39632961426948718 -1851.0557180322305 -1492.3880883535248 1607.5557230658337
39632976417391184 -2349.410434985233 -1895.3332684341167 2086.062468141848
39632976388031985 -2817.1293562960896 -2111.1878846916165 2446.268613275532
39632991261034798 -1946.3145964263795 -1563.1150988685938 1782.3552305664398
39632966422365364 -1983.001687127633 -1537.6491900828723 1701.6490425271638
39632956389593309 -2272.6928709134295 -1781.126579728266 1933.8058768062772
39632976388031836 -1938.9422040077181 -1452.422716041214 1682.7491631979092
39632961418561666 -2854.5627831720863 -2261.4239889946193 2456.652511369493
39632971401006098 -2369.3316390267605 -1756.6312191008633 2020.28199321017
39632946293900753 -2215.3394948313708 -1713.5185717142112 1828.7151459737624
39632961389199522 -2586.677800143383 -1888.304531856895 2151.9747032282353
39632961414368934 -2573.273644750451 -2024.4496138818292 2208.872171936163
39632991240061171 -2282.13024243112 -1723.6532032282437 2037.6897766937245
39632976409002099 -2305.654819447021 -1817.731289039086 2037.2225209606172
39632971409393543 -2127.3858536215153 -1605.6574564718524 1824.485835761526
39632961418561703 -1933.5626923350333 -1531.8852034162105 1664.1550157493677
39632991248451619 -2607.0307817369667 -2021.7418850727945 2345.675706797958
39632961418563031 -2007.2862253670894 -1595.525108573469 1725.2419645286204
39632976388031762 -2823.091204091251 -2114.253087020161 2449.7675243093845
39632981379253110 -2470.400966413391 -1982.8969899547976 2225.1705765224096
39632946293902985 -2445.572875624244 -1902.4308399093763 2033.210432115906
39632966422365417 -2128.1427562694785 -1650.4714660576951 1826.757548632385
39632986328532583 -2718.986096322029 -2197.4765405754683 2460.185706152831
39632981379253143 -2044.6865667317643 -1641.3340929948713 1839.527601195658
39632986324340041 -1821.6752952929144 -1464.6249647453951 1649.951899062529
39632951343843398 -2652.366354239652 -2038.1305185380677 2218.924584427379
39632966443338392 -2795.8024631985486 -2294.380977407675 2453.1798718469445
39632951343843314 -2690.4405271516594 -2066.945127546227 2250.6550174887325
39632986328532227 -2276.2501494880357 -1837.6214253238288 2059.5102214752596
39632971413589678 -2163.910614456017 -1658.8993348825268 1872.5121402129453
39632961418559965 -2914.41502668752 -2298.660826698343 2506.941491205163
39632971413589636 -2604.6875898059507 -1996.5965120014666 2253.520882417325
39632976421587925 -2232.3681169810307 -1832.4156658394395 1999.3170066462258
39632981375061608 -2474.5076809941497 -1978.247961830616 2226.9448551892383
39632946281319224 -2395.7271273193815 -1799.7471749217827 1955.80970685164
39632941235571497 -2594.8138244553197 -2047.5552544441118 2147.391436637192
39632961414369396 -1910.626879654056 -1504.775817970774 1644.5340076848233
39632961401782399 -2695.4308507096584 -2033.5062269186249 2273.811283308202
39632976421585626 -2825.792479332758 -2305.6640654138246 2529.130125604146
39632961401782445 -2561.105029371054 -1932.3877539694345 2160.125028833316
39632991248451936 -2308.2397955915194 -1791.5192560078315 2079.1208391998916
39632991248452206 -2832.1342716019785 -2199.5405995584656 2553.4060204007815
39632966413978602 -2068.8807579637896 -1577.250861265021 1765.1091637121613
39632991265228914 -2670.3019603521193 -2167.346793884716 2445.5137682741997
39632961389200012 -2218.8908244618 -1622.273509861454 1851.2621629575508
39632951339648767 -2317.59077938854 -1759.466857256424 1924.850274766053
39632976400615147 -2556.489008726841 -1981.0655183721085 2243.5593215216545
39632961418559563 -2360.4367068210536 -1859.5883738550751 2030.8553813111141
39632981370864255 -1569.3323014527625 -1231.3845776870116 1401.1870053926282
39632981370864060 -2098.6067626365766 -1645.9307974426176 1874.396916919866
39632946281320272 -2214.2580639018215 -1667.8148311292834 1809.440183210037
39632976409004915 -2522.640688402994 -2004.7285630650592 2231.359918046841
39632986324339967 -2520.5446793367823 -2026.1630382058065 2284.50859971203
39632976417391566 -2641.7552391958675 -2133.4690729596864 2347.4935985827037
39632971409393894 -2970.3699609314885 -2243.998884644775 2548.5654064677597
39632946298098062 -2134.444929295996 -1680.1289043663476 1780.1537856279015
39632971401004230 -2272.5600699697293 -1675.4581411824774 1938.7402542056284
39632996172565454 -1765.5665504956055 -1380.6153619634003 1617.4575423693118
39632966426559004 -2419.4775685833733 -1891.5729453852107 2086.5128282853107
39632951343843474 -2099.234454759485 -1613.4176239091098 1755.6594457779026
39632951360621871 -1777.7924159261593 -1429.818521045793 1503.3443629659537
39632951343843504 -2737.7495979654736 -2104.3431994543703 2289.487899007643
