data/coord/ELG_4_clustering_data.ecsv
# %ECSV 1.0
# ---
# datatype:
# - {name: TARGETID, datatype: int64}
# - {name: X, unit: deg, datatype: float64}
# - {name: Y, unit: deg, datatype: float64}
# - {name: Z, unit: deg, datatype: float64}
# schema: astropy-2.0
TARGETID X Y Z
[from data line 11707]
39628422523128225 -2521.4114826082177 -623.6319322160195 1340.9937552543192
39628427929586217 -3816.306928265973 -1107.0594785000826 2067.8902308012584
39628427891834994 -3139.446844287243 -754.0234969906583 1673.9347761627475
39628454571805922 -3490.1759426704602 -880.1711715797805 1971.7395315184654
39628438595698761 -3641.422509741597 -859.6227628746783 1987.3113712712852
39628422527324287 -3226.326139146797 -819.9948088524033 1718.7646402612133
39628465154036109 -2629.7156836909035 -667.0327463247819 1511.9340641798067
39628417137640449 -3974.103545527752 -974.5397057462433 2079.57684747897
39628411739573705 -3419.376138345933 -845.4448501725813 1781.8910224260667
39628422514742214 -3479.829504756668 -832.2848723498732 1848.9536494396536
39628417137640463 -3589.6631616456643 -880.3186659443952 1878.302781062117
39628443951830597 -3171.6744815921725 -849.8371869025913 1756.8609262165478
39628422514742437 -3385.593012169886 -810.534931903131 1798.8927054566188
39628459894376411 -2289.105604722941 -647.3572034483145 1312.1742901078746
39628427896029641 -2527.7503802254987 -621.349825081541 1360.333121261095
39628411739574497 -3684.88949814188 -913.7794906555545 1920.3626800773477
39628422514742177 -2896.7724943382386 -692.697529913504 1536.567797033434
39628427925393801 -3203.789124271872 -919.4926865675546 1740.4015818954329
39628443951824933 -3708.112735992826 -975.618353617497 2067.1550313929056
39628443951825542 -2495.8415401175725 -657.9529473148028 1392.033440735913
39628417158615169 -3527.663592692879 -967.3004414477706 1873.122092029908
39628459869213358 -2162.641277922089 -547.9023555446518 1237.5527007971602
39628422544100394 -3208.0141957287915 -880.753820577248 1709.0725231779943
39628459869213050 -3303.379563458281 -835.8755053416073 1891.464360671629
39628422544100527 -2286.0402797030088 -628.0461680791148 1218.8580633921524
39628443956023178 -2901.2423691643726 -790.4265366947759 1611.1719513188905
39628443956023153 -2351.0034198953563 -640.4455578581557 1306.7769278815588
39628422544100293 -3958.7432673870026 -1086.421782865846 2108.881253365212
39628449249234541 -2423.0460494243794 -571.505697610981 1347.3815891955846
39628459869212879 -2996.0533774300893 -757.6015942000735 1714.9259611911043
39628459869212889 -3176.7237103644484 -803.3195886233398 1818.2900264811028
39628427900224667 -3124.9028912206218 -785.9585690536624 1681.4843329192774
39628417154418510 -2559.78511880529 -683.9172946574341 1346.7401853922072
39628427925390502 -2573.9801591703185 -729.0310092813214 1388.3151737928106
39628454592777426 -2836.4822425455272 -791.011035155172 1607.9114874398272
39628465175006940 -2262.5986011228715 -633.5066107537776 1322.1756309807413
39628438599895051 -3167.5046826924063 -772.2264346365968 1738.6049261564756
39628449261816194 -3545.968665693592 -886.9321436598657 1986.8423096697718
39628443956023412 -2803.4863633413065 -764.5986580352061 1558.9828103000043
39628475694317911 -2306.5293566289884 -604.403729873139 1360.2643539033838
39628427891836235 -2778.64879298911 -670.5281095797658 1488.3912760849032
39628417141835009 -3042.6027649103685 -763.4494096927839 1598.9522864368082
39628417137643844 -3572.4494286660783 -887.1492955454115 1884.0940705501548
39628417137643809 -2916.95771290407 -724.2499107643206 1538.6906378264453
39628427921198272 -2658.7202562831767 -745.4444718403382 1443.4246793655407
39628443964408020 -3398.3965562722396 -949.0167701463292 1904.6632101491284
39628443930854870 -2625.9892536452057 -626.5647168643218 1457.0356222205621
39628465154035077 -2685.2882707914932 -678.699659065735 1557.0488166766818
39628465149840066 -3823.783517418354 -943.7462814949405 2197.615627479739
39628449261816439 -3948.573190444734 -988.5324478536567 2209.4065233474826
39628449261816719 -3198.4551905001476 -801.7113071438058 1791.0260755573104
39628449261816378 -2732.7170275610806 -684.0000719046686 1528.7823229032322
39628449249234597 -3508.997298477232 -827.9008596529496 1951.6604484360657
39628433277324678 -3480.227268657713 -960.8154568572306 1891.363502443815
39628417154418707 -3687.763930624925 -986.0285572101792 1944.3823547764387
39628417154418664 -3301.7003752752144 -882.6653230731354 1740.0097780818219
39628475694321195 -3487.0493755891116 -927.1026032041384 2063.512082647852
39628475698512104 -3337.818008441343 -892.1741081423364 1975.1024747223066
39628465183393258 -3277.87427609271 -947.2736041907217 1905.0091045304696
39628475698513823 -2888.592891801022 -777.0267591936232 1703.603124026708
39628465183393075 -2261.074525666898 -652.9584629450727 1312.5719618349465
39628470438859715 -3773.1133368418236 -1023.2250138412486 2211.8626933023043
39628470443049723 -2514.4063929355757 -684.3161227282428 1473.213360015922
39628470443049194 -3007.3901969711646 -817.1425223910314 1762.0144995683468
39628470443049731 -2916.5640623911872 -793.7911720399213 1710.1146619803735
39628470443049969 -3858.1283023424953 -1050.8795351141796 2263.7576534243535
39628454605358252 -3177.355149123445 -928.5256139493449 1809.7449411131543
39628443972797923 -3847.259317006128 -1122.5598670135687 2162.7418206710718
39628465183392606 -3157.9383725378725 -910.1050927504602 1834.6636341176024
39628470443049787 -3275.164904408727 -891.5532540143447 1921.8659556239675
39628470443052706 -3246.987292369705 -892.8332200615993 1901.8866337577401
39628465183393677 -3791.548148423184 -1097.5344723197027 2204.803610060778
39628470426273462 -3172.987291961565 -798.4563832762046 1849.8091081671207
39628470451439031 -2773.007688807111 -786.4594406364632 1627.9077135868931
39628449274399071 -2927.829726335265 -780.2025118571851 1651.597905855904
39628433260547879 -3138.435431306818 -802.9801925115028 1699.698502872051
39628422523128009 -2841.7423220777055 -702.195519439532 1512.576714576008
39628438637643456 -3086.173717780218 -898.2391584004274 1716.3873599440274
39628454592777278 -2616.012529948399 -729.0818731385493 1489.0663377959954
39628449282787101 -3349.2001976370816 -925.545605193782 1882.8321184523409
39628417137643847 -3382.18585606589 -839.9136825700158 1783.3388018104026
39628475694322149 -3153.5051238397386 -841.6881671645705 1859.2674947612002
39628449291175307 -3081.7036501514986 -883.3016295218241 1746.8259510359753
39628427921199206 -2723.031538253482 -766.3583824706676 1470.5813579016456
39628438637642303 -2933.6847706217363 -849.340376870865 1630.4168554503538
39628422548294951 -3278.5128206851746 -917.7817671744491 1747.1292315289154
39628422539905439 -2153.5526593541567 -578.4956777852935 1143.0200715520423
39628465179201995 -2831.00432109129 -809.9959010259261 1653.3204320090206
39628449282787549 -3814.0768873559155 -1055.9549787829799 2144.436861329707
39628454601165127 -2643.2809435444283 -762.8278167610379 1512.6421557943488
39628454592777235 -2445.7152782404664 -681.4757764897189 1386.8220920938638
39628417137643505 -2716.468159448619 -673.6237488585108 1419.1448850948102
39628454592777468 -3521.455569096914 -982.2166055418515 1998.112961296842
39628433260545208 -2379.6771331650007 -601.1987106274046 1285.4633018670393
39628465149840121 -2816.468385098366 -695.2555269225958 1616.6519370472276
39628465154032115 -2330.6561123939123 -582.9906529126274 1343.6250447369946
39628422548296219 -2662.19889063696 -748.844089539328 1418.375556288431
39628422518932538 -3783.5152963454157 -909.7825269702663 2010.0020653010756
39628459865015689 -3494.6767993621816 -855.9379823433989 1994.076888578363
39628443951827999 -3504.984736901878 -930.9890099065614 1956.9470394649443
39628438608282829 -3176.0179826976705 -803.7000539419056 1748.5939636625285
39628417137643482 -3245.9557842326253 -804.8428637237314 1695.2178255708636
39628422518932700 -2869.5475973248454 -690.3048436075309 1526.9342056514715
39628465154032055 -3282.8977149018488 -820.9730497698027 1893.4116124890138
39628465154032074 -2806.793401827027 -701.948525637713 1618.497619387136
39628475694321371 -3106.0351409948717 -826.4920880083534 1836.3408974050772
39628470443049171 -3584.917250105914 -973.9856295540052 2102.135799685639
39628470443049025 -3598.0466531838624 -977.0955896546333 2108.9736809147576
39628443972798838 -3538.0040191506077 -1036.4141553771738 1979.948025926193
39628470438859966 -3608.11706441967 -979.3130359732113 2115.392212642543
39628454592777217 -3719.8712099937984 -1036.4146836758393 2110.7997967736824
39628475698512014 -2888.508153312702 -771.7928528323976 1705.234053475097
39628411752154185 -3070.3747584607327 -799.618456459192 1595.0271386279858
39628411752154766 -2843.9399449572184 -742.4783380548375 1477.4240052207658
39628411743766111 -3533.6772478981593 -884.515961127474 1842.2451213315442
39628422548296179 -2898.0930340722934 -815.1028919088158 1544.7179457423342
39628411743766254 -3423.0883625229476 -857.3522469413526 1784.2806873693664
39628475694322211 -2495.0987353660885 -666.2028264115189 1475.967647515223
39628449274398526 -3762.383951924846 -1000.1199553025349 2105.7654740258795
39628449274398805 -3955.022339437599 -1052.6870812784198 2212.7574466668525
39628449295372176 -3741.400812313631 -1101.53647474615 2127.9327497920863
39628449295372280 -3024.4768962091944 -890.7979574756602 1718.9015110213427
39628443951827591 -2354.245303767095 -624.5352286093729 1309.680480452135
39628459856629207 -3043.2158471405496 -719.2473234569684 1725.6082675565845
39628411768932948 -3284.9672503769334 -927.1191260067583 1724.9944151372988
39628454567612339 -2539.3982636731052 -626.8283085967447 1430.4109198822932
39628433247961656 -3173.643474414201 -749.4301313650809 1723.0781642844686
39628454580195522 -3470.76771968398 -916.9039485462067 1959.7785159549528
39628427887644988 -3088.25476630708 -737.31482174792 1654.186517459219
39628433247961629 -2846.4486055431876 -672.10817194735 1545.1062425681573
39628459869212939 -3177.170612069029 -803.6316765431019 1823.6370544556098
39628433273130487 -3612.977295954822 -978.668258338382 1968.0256588754276
39628449286982689 -2998.131820246544 -850.6141801001842 1685.6151171029246
39628465154035366 -2822.405245181986 -714.0289293305352 1629.918418450371
39628433247964622 -2742.1062658523006 -655.2170359320019 1478.7288036509344
39628443930854596 -2961.0916688796888 -705.4792858161112 1630.5396366690572
39628443930854662 -3466.663734638632 -826.2444358624592 1908.2452211094496
39628438641837516 -2573.4558447882514 -761.5947408114384 1426.5730811357064
39628459860824241 -3751.136197194486 -910.0373384402529 2142.243861353255
39628438641837418 -2574.3653492701505 -761.5802301094586 1428.05639455291
39628443947632672 -3719.0098285158087 -965.9575103148434 2068.7150300356197
39628443947634329 -3682.3915292175675 -962.1695234548264 2042.4581698129457
39628438608283644 -3209.2117359232257 -815.2936279207819 1759.0399261497837
39628470438857850 -3395.7846460041023 -914.3719860692778 1986.6797089937586
39628449282787957 -2848.329590127553 -789.825816875421 1600.2623401817982
39628449286982658 -3404.21624619571 -965.6874098498238 1913.6985194220053
39628454601166020 -3151.3654285304096 -912.4319054035703 1798.4369100891674
39628465158227592 -3309.7279384246676 -850.1574094432527 1909.4232531124599
39628449274397930 -3767.353252204522 -998.7316619979327 2106.376346405915
39628449274396879 -2991.6466015539654 -789.1538524687612 1688.3704019788918
39628454605359290 -2200.7860403864447 -645.3096493322937 1253.4931705829379
39628459860824285 -2649.051282862554 -642.8295094837196 1512.7385646459627
39628438612479121 -2155.257940966314 -560.8331638771931 1185.350215250861
39628422556681281 -2984.3582424145684 -859.6852929935442 1593.4132192511845
39628417162809483 -2727.3175169831775 -760.495061841774 1434.9945983810853
39628427929587557 -2853.883304299318 -831.7925109875141 1550.4977003829777
39628443943441714 -3639.7839799897324 -937.1397424029938 2009.0743841276258
39628427896029652 -2893.908662015723 -711.3965738753368 1559.1470384074337
39628438612476056 -2645.18289329897 -680.1020880544336 1459.6409600573033
39628427896029548 -2752.264167868047 -676.2642045476057 1482.6030669465815
39628427896029625 -2718.1723800437017 -668.1109573641419 1464.729597266237
39628438620870065 -2835.6700950668587 -772.7640545118129 1557.1131870342979
39628433268936134 -3103.727640393429 -823.9247884224527 1690.737675050833
39628443939243807 -3681.8944969911504 -918.2787902047686 2044.8153938880575
39628417171194659 -2443.9783332091056 -700.6461821963769 1300.7726129532691
39628417171194671 -3284.767001172258 -941.7280822985108 1744.08743912064
39628417171194677 -2447.6417044986842 -701.7443636438834 1302.8465284854374
39628417171196660 -2904.2741236112215 -838.9761727610118 1548.2713986090307
39628417171195038 -3954.5311354242813 -1135.2176152545853 2102.051391043227
39628417171194109 -3874.616619062554 -1108.6387652858748 2056.670248888346
39628417171195262 -3081.0768503437016 -885.2426586883636 1637.4965268768044
39628417171195813 -3205.9377363049834 -922.9885942564127 1706.8581993252465
39628443972798644 -3669.730927485619 -1073.9919247215946 2060.054846749801
39628417167003259 -2456.8053644514903 -698.9397402004347 1299.1243059172905
39628417167002523 -2345.999348989075 -665.6590841510344 1239.3882052061167
39628417167002174 -3530.2845042817353 -1000.4309879276268 1866.0661517768417
39628417171196078 -3104.7273098397686 -894.7409657462341 1653.7896420716404
39628411760543096 -3586.2194113341616 -972.8314391648967 1870.090388545152
39628417171195896 -3086.524893551664 -888.8605223761849 1643.2618538222218
39628417171195822 -3529.0034033271104 -1016.0311601779662 1879.849113807359
39628417167003754 -2789.4727980069697 -795.0317711723657 1478.9389776152016
39628438641837713 -3291.761550260288 -975.0981768087001 1825.2253505984147
39628449274397866 -3639.759385944719 -964.5740286508653 2042.8275908466894
39628422556681113 -2433.615788675901 -700.5636771684822 1297.6632845094064
39628449274397687 -2839.1373589095733 -751.7530763523256 1593.2257754501386
39628422556681701 -3715.58494738403 -1072.246146930293 1982.190804946398
39628449270207542 -3127.160060552716 -823.1390203746491 1749.338427142405
39628443972798587 -3463.897935744626 -1013.5444510648744 1945.1079370192535
39628443972800041 -3294.2300567096827 -969.7975568273506 1850.8033377358431
39628443972799999 -3208.436189000612 -944.4128047463234 1803.2647243063066
39628443972800036 -2720.6017315246318 -800.9157737444182 1529.4819314963859
39628433281518384 -2487.874598362549 -699.9092655404733 1357.7428542600865
39628427933779751 -3570.5893671065 -1050.8824278900588 1941.7130838886605
39628454605357834 -3133.783486160416 -914.7434435393204 1788.945660157413
39628443972800287 -3649.1096105318043 -1075.2909390810923 2051.4091924323443
39628449274397865 -3674.51921231433 -973.7773703130981 2056.4522289791794
39628449274397984 -3325.701425431525 -881.8866366358136 1861.165175336411
39628438641838459 -2832.414639393644 -841.7329503174725 1569.0927784008154
39628433294100361 -2879.4962792806587 -851.4864358168325 1572.0231652054306
39628433294100742 -2597.4398253118316 -769.1376327079829 1419.9485629188403
39628449274397139 -3111.4873568655316 -821.7673330803459 1754.8394410428284
39628449274397230 -3929.9008813017404 -1038.3298429382423 2217.6981381893097
39628449274397150 -3108.87293136744 -821.1220403888656 1753.6500872766085
39628427921198781 -3048.7190526485547 -856.5299139644859 1642.297999181216
39628427921198708 -3480.9935322770143 -977.6778299785208 1876.3919066466347
39628465179200535 -2883.9936581229276 -821.6233343111671 1682.1438369080447
39628427933779917 -3702.6481276345216 -1090.3009114410102 2016.9831823005575
39628433294101145 -2712.461842750545 -804.1802110013969 1489.686866562468
39628411760543502 -2595.3277445747476 -705.2116153045137 1353.7285005706697
39628433294101084 -3725.286209314255 -1104.2635293014816 2040.4992526643787
39628449270206592 -3651.956798221545 -957.2430497582747 2041.8404334539348
39628433294100903 -3204.933290228678 -949.5113005180327 1759.601256145043
