data/coord/ELG_2_clustering_data.ecsv
# %ECSV 1.0
# ---
# datatype:
# - {name: TARGETID, datatype: int64}
# - {name: X, unit: deg, datatype: float64}
# - {name: Y, unit: deg, datatype: float64}
# - {name: Z, unit: deg, datatype: float64}
# schema: astropy-2.0
TARGETID X Y Z
[from data line 12246]
39627799870309245 -3994.4711545817354 -176.9723482626199 35.03866438476396
39627775715314541 -2623.2310948463874 -132.2581584062584 -27.105637230740594
39627775736286258 -3153.567840799813 -227.49238825317286 -34.25432003432093
39627751547735783 -3471.9053229653546 -147.66499852964697 -86.22660581193882
39627757583339561 -3832.43940876808 -147.4154656823452 -84.84661291155359
39627757587529885 -4157.266503580028 -163.77285091635463 -97.30431980345827
39627757583339936 -3281.444820334463 -127.18784261270267 -74.64216082938965
39627757583339535 -3169.1350730031327 -121.82683945885731 -70.12286317595664
39627757583338123 -3836.5175837890447 -142.51264736240884 -84.23256409898968
39627757587530236 -3036.895036871293 -120.55475818975412 -71.54364357771284
39627757583338234 -2546.5723323930847 -94.86355797157826 -56.744779195801
39627787773939778 -2920.065081694513 -86.53582859242495 3.785529156516247
39627757587530422 -3370.1517495228263 -134.35716927284918 -79.71652488400332
39627799899672144 -2837.5672338267827 -219.0416472793829 20.923627121302207
39627793847288914 -3272.4814685181295 -202.95917860341942 14.807426889177316
39627793847288846 -4148.688922886159 -257.0650512461139 18.68655169159483
39627757591728888 -3665.9036146444655 -172.70055217787655 -85.42060586938109
39627775702731005 -4347.77898615028 -159.90463286417835 -39.3264696720083
39627757591728677 -4414.369168396026 -207.41506160649715 -101.26598684756478
39627751556123922 -4600.8846728698445 -232.14788817731394 -123.37894492288622
39627793843094815 -3120.1421021179226 -180.85815377781304 18.6958325984944
39627751556124115 -2887.8444634504167 -146.15546306263738 -77.06086111601346
39627757587533354 -3236.2637338939558 -136.07579066862874 -77.17187183913262
39627757587533551 -3792.8230523601032 -160.0086781611846 -90.14219297850678
39627787799105702 -3627.446610134538 -202.08058623760277 0.21546866931894146
39627787811684947 -3203.683240798896 -211.32430083595034 1.2038287856913434
39627793843097705 -2882.1952925036026 -174.59457711504336 7.5536173817312084
39627787803295998 -3034.578900833941 -173.03051489608606 0.32139672548385595
39627775711119510 -4564.009547568941 -206.13404786855438 -41.24211084126941
39627817989705570 -3603.4133683166892 -169.1826647841634 80.60552839029705
39627799874507957 -4065.0199374210592 -210.76762313134418 38.063519969866064
39627818010676214 -3351.291900147495 -229.69218945949154 72.86810548451862
39627769662934649 -3278.412308232579 -123.54209423570707 -47.543498951404516
39627805905914017 -3827.677425165637 -156.39315774109417 49.29860848971826
39627787820073183 -3749.9186758330034 -279.17273247292303 2.301515021469777
39627787799106237 -4426.549221864307 -248.5451995891698 -9.0884530558257
39627817985507429 -4223.527167900613 -166.27707541415302 91.4632083475824
39627757591724631 -4416.117845969693 -194.67272664376665 -102.02534176660158
39627793851482731 -2975.2696783255506 -196.34645916176385 13.871867248125355
39627805910110960 -2879.9065359697115 -134.79284603837507 35.43854879201233
39627775740479321 -4122.987634108535 -311.9416289935224 -34.11927934809156
39627757604309994 -3605.6575674624573 -214.55424199969983 -85.62499747529067
39627799895478469 -3498.764145181151 -257.98550674665364 37.942229281598195
39627799899671844 -3131.1494124782002 -241.04183338834997 30.90404353770555
39627763656689008 -4299.760658361104 -306.05239701693023 -73.06918464812621
39627781742529321 -4319.09834823537 -161.86799657877148 -12.06523941567721
39627781742529144 -3907.2822735734553 -145.7882415752389 -10.097563708734004
39627805935273698 -3732.565089589595 -266.80329402255785 55.439401685564505
39627799882894347 -3228.819662224685 -191.63790530490144 28.669706270986477
39627769667125514 -4203.0208306293 -165.85004976710152 -61.69391959315727
39627817993898814 -4146.936069819352 -208.5578805139954 89.27758782623641
39627769662936399 -3079.8650007356746 -120.4712091477227 -44.517440757514564
39627805935273642 -3197.4015536374113 -228.35288111886598 46.69847243927818
39627787794907794 -2698.6376559346704 -131.0111750565451 -1.5994576949718433
39627787794908027 -3331.9800427118107 -162.4681092968784 -1.5312952181941497
39627805935274023 -4288.791205619813 -307.71227884962514 63.83970173208889
39627787794908080 -3569.8490547598267 -174.23284971138287 -2.296465570694682
39627824029504506 -3335.501619013911 -159.07033214846032 85.8092274599078
39627824029501551 -3455.1915748107804 -156.97356014406645 84.72244569039682
39627793851484106 -4323.283997262038 -289.30143728799425 15.1914701084205
39627781763498737 -4647.76038499539 -266.7479259286536 -12.87331147122465
39627799857725517 -3507.97769373144 -107.2958946533704 31.609648926604027
39627769662934030 -3492.1261279675814 -129.69124715719337 -51.83907809295971
39627799891284059 -4314.428754070111 -296.530188146297 30.772519211718034
39627805914303646 -3626.1647973622416 -182.33034852752436 41.52536774664253
39627787794908390 -3168.9772734581993 -155.45781385662488 5.928864961116655
39627787794908370 -3169.348404009178 -155.4186801762575 5.854032346405687
39627817985508861 -2734.1213233425588 -111.10509820877702 64.54030799017104
39627805922694262 -4257.475815700515 -257.88151396527616 59.751214934602054
39627751556124808 -3372.60948749552 -172.43503800950572 -86.92151167192895
39627751556124760 -2470.1436994068576 -126.2088779221619 -63.418382596887504
39627799874507764 -3215.5464091486956 -166.3074110341924 28.861086970081463
39627805922694446 -4275.2308057056825 -259.50947568358663 59.901512950998224
39627799874507716 -3258.175859524751 -168.38382847054345 29.549037878575298
39627787782327069 -3267.1168974684592 -122.32203327825077 -5.175572102537522
39627805922694279 -4266.185443475321 -258.45452389160874 59.951332596890154
39627805922694494 -3540.1679107922123 -215.01431120717206 50.569519340061085
39627781771888436 -4647.376076214003 -312.1043647254039 -16.4877932755811
39627781759304309 -3330.6239686332724 -176.23812953870703 -11.20150604391163
39627799874507055 -4421.548325614093 -226.5166219365938 40.057715522777066
39627769667125920 -3499.980716381966 -139.06090206365172 -50.85349563609546
39627805905915884 -4368.017074343167 -184.3300415673453 62.814147655029984
39627817981314582 -4141.2465772389505 -150.4545515921398 83.47794400287121
39627817981314583 -3127.385456895581 -113.62126683212523 63.262969515581574
39627817981317837 -4502.429920196881 -175.25937490626444 101.6204263627984
39627793843095870 -3286.9510374728648 -193.54747131347355 9.16906499027807
39627781734142439 -4473.006421252236 -135.18534417223663 -11.013562734379715
39627781734142102 -2840.2640101827 -85.07027720674976 -6.6843484090650165
39627805897523679 -3437.4941202360824 -106.18116630276975 50.80101621386971
39627824037892679 -3152.79687904095 -177.79805481859486 80.03681629540398
39627757595921553 -4167.661412127269 -208.87641395366447 -91.87047220882366
39627811949908843 -4317.450486598962 -203.34580950011596 80.83831931046012
39627799899669780 -3233.971618773166 -244.0314137416352 27.40633135536881
39627787811686483 -3710.069699886678 -249.3816306401901 7.88524482492799
39627799874506100 -3149.9247763297985 -158.96915535316973 34.19353465392015
39627824029503537 -3445.604188512106 -161.63143569525485 86.2941086929809
39627824029503111 -3435.125467974456 -160.12476885433918 85.74598604784462
39627787773937592 -2885.1146543461023 -80.32678627480982 5.42560471811442
39627817985507561 -3239.4638862162246 -127.88952703346035 74.77695346566975
39627799891284929 -3713.186029130348 -257.95957126794224 34.79043936526097
39627781734139060 -3886.716273913574 -105.98214408592932 -11.427068468788748
39627793813734515 -3847.779485718892 -104.10245570965978 11.275255358289991
39627787803296278 -3771.4321343622796 -215.87600629404642 0.674477781516299
39627793813734365 -3893.9155805877863 -104.84794905821292 11.680897379747918
39627781734138332 -2601.4193522802816 -69.13392632114756 -15.704342106177059
39627763618944314 -3312.591890385591 -115.08354620224199 -62.19806473893935
39627793813738423 -3185.295560560336 -95.31281535194428 19.168250829446773
39627799874508110 -4069.127913435127 -211.398654986003 34.94615221511115
39627799895474400 -2583.073045208943 -181.17822593296114 25.53891878823755
39627763635719413 -3708.102565835114 -185.9699181105806 -59.59988903849374
39627799882891480 -3303.185296611152 -188.16507722959778 35.228675823635434
39627763656689521 -3998.5316879550596 -286.33163194590304 -67.89370813592924
39627787803297045 -4525.312486424228 -261.93383828846527 -2.463412336747901
39627781763498776 -3003.8748992702303 -172.50534930021976 -9.997523084787202
39627781763498485 -3832.1137558384326 -219.14606755449248 -11.206481050066502
39627781763498456 -3844.6192158709855 -219.77040838038636 -11.704249052362652
39627793822124531 -3098.9645211595625 -115.54019168182627 10.342533727953665
39627763635717143 -3296.526501030216 -160.45506190232 -51.3014407249393
39627793847289459 -3774.550541712364 -235.84394370567955 15.455318675314295
39627799899672688 -2802.82376981111 -217.5973367610935 22.645596333324
39627775694342156 -3191.388695741323 -88.4204977916081 -27.983189112179502
39627787769746043 -3583.150807577587 -92.87929325782166 6.515058814692465
39627763623133577 -3648.146910740889 -128.31826720147544 -70.53212767322177
39627781734138594 -3476.9996092091937 -93.25002931556259 -18.52921299958079
39627763623134095 -3554.6905832116086 -126.41226568159618 -69.53083178073855
39627799874507442 -2970.9039730357367 -152.94282033942295 31.7720256338185
39627799853533971 -2719.0622783322733 -76.36423038760793 24.1039721159625
39627799853533820 -3690.956351638897 -103.32502003904976 32.39256941026094
39627811937323870 -3529.4144784828295 -117.13490547111846 61.1629538521017
39627775694341473 -3806.7849676538112 -103.40436955016771 -25.749875597575414
39627799853533459 -3997.103194215346 -110.97123378634815 35.59364856781135
39627775694341164 -3393.8139661426367 -91.38368518917387 -27.754782636954353
39627769654546290 -3678.5499793618787 -107.5640865587216 -45.88345463700699
39627769654546271 -4176.140218114514 -122.03348273889489 -50.16449463495302
39627763623134223 -3452.0137982305732 -123.09743998932191 -67.19265618980445
39627787803296420 -3292.0379104068143 -188.84337665426122 1.1559528004011184
39627769654546440 -3431.6639172912096 -100.77212642095978 -42.260930432481835
39627763618943686 -4051.0104010660875 -138.82810638814348 -72.9582754776714
39627763618944209 -3612.816714841082 -125.19592998290379 -68.02769435326881
39627763618943016 -3866.830631413398 -130.5235154394196 -68.88828174841507
39627757583337132 -2675.5211213204884 -97.0466209529499 -53.14315556720394
39627763623134555 -3822.9856599550435 -137.4135875188317 -74.93668698170943
39627757583337346 -4085.036855995465 -148.97648737070648 -85.52408718830081
39627781763498606 -4641.074646926043 -265.94270405049747 -13.088481221066226
39627769696486594 -3625.658045166123 -256.56849043050556 -55.13033759490494
39627769654546801 -3692.456495732413 -109.36284442088463 -45.31406714981596
39627799874508009 -3267.3959054658767 -169.53468071160856 28.415399938262322
39627799874508101 -3258.7983704718786 -169.28636827421178 28.983911639697578
39627763652495662 -3206.6950423149733 -215.88038128829183 -62.803862717214805
39627751556124708 -3692.5956207258823 -188.50752127445674 -95.47056193823838
39627811937322953 -2576.9471693096666 -83.47980470896408 45.260141802540694
39627799853533583 -3715.270258494064 -103.46522917458717 31.601528200316313
39627793813734866 -3313.9847245257097 -90.63848398597214 19.423239359748717
39627811937322745 -3747.3468235470423 -120.72430935279291 64.88999959960582
39627811937322724 -3397.5436324107536 -109.40098629401787 60.709596133665784
39627793813734761 -3111.100434353927 -84.88027126918765 16.77321138456858
39627799853533597 -2816.995836344834 -78.4739235466994 23.76747948458853
39627824029502230 -3449.720149864132 -158.48287730868608 88.08116162130933
39627824029502807 -4039.1396868426987 -187.4668327399493 102.74192193589052
39627824029502439 -3738.579520524146 -172.45589505348462 96.88196791720011
39627811937324351 -3473.31351870107 -116.73403909541948 58.24673011447263
39627763618943021 -3567.059128994429 -120.41899890012753 -62.635038528710076
39627763618944086 -3088.499099751541 -106.71378184625185 -57.01165901359462
39627787773936528 -3195.3039108619173 -86.05967792414981 5.871180015545877
39627763618943904 -4183.614477711948 -144.03067873718052 -72.89471663021969
39627811949908861 -4252.874438468189 -200.3460192464546 79.02272380044313
39627775736284876 -3842.926858925064 -273.50104250415035 -36.14377956896287
39627793855678489 -3344.857027973272 -240.30127401756647 8.586244147082711
39627811937322898 -3653.7320383744195 -118.22460379998132 57.093881175521375
39627769654545496 -4172.0931492836 -119.45898340967021 -56.34650265961575
39627757583337200 -3262.980724010221 -118.60135291368546 -71.68008426109435
39627775694341996 -3117.1048473375276 -85.94694729445955 -33.59638868325301
39627769654544812 -3269.208166680396 -91.87166801337943 -37.5307139668063
39627769654545132 -3843.406674483606 -109.00405343952993 -50.86044157746584
39627781729948561 -2600.2915170241995 -67.50777932967405 -13.773660198858911
39627769654546580 -3875.931796110361 -114.2258792500409 -58.56953673748297
39627769654544671 -4369.906397248797 -122.38330314078799 -56.05285193948091
39627769654545194 -3981.432012073937 -113.124918445923 -46.44286187798652
39627769654546914 -3337.9258960974053 -99.17471283627054 -50.12226415168158
39627787773935928 -4043.585075771344 -106.93857172346674 4.0545327829923
39627811937323749 -3470.667642939087 -114.83596395039685 56.13100148348487
39627769654544774 -4376.612170694358 -122.85891417393381 -50.05448844551698
39627775694341576 -3728.5876897619573 -101.62589403272686 -36.239379750599745
39627769654544768 -4040.000625015366 -113.40280787506 -53.15797960454905
39627769654546280 -3874.2549839097455 -113.25762696325127 -51.51831037352286
39627811937323876 -3464.9526471399613 -115.01674088476307 56.088318065181674
39627769654544885 -4358.410862282502 -122.74802680952106 -49.82169421018986
39627751551931839 -2921.020472492429 -139.78305994033394 -75.74303292521599
39627757587531036 -3712.4762743259575 -149.78173903665987 -88.14313733588732
39627763618943766 -3215.3113623048266 -110.3714948070107 -56.87659116777362
39627751551931907 -2741.230946470653 -131.32632876937615 -71.09101827242274
39627757608506152 -3839.104504922634 -251.44539752238725 -83.24135856187907
39627751547736632 -3398.530280320782 -146.70132533153964 -84.229888064973
39627757583337019 -4476.273702810254 -161.9574778013805 -94.77091142306645
39627787773937434 -4005.819855258516 -111.0392996339221 6.501928553947005
39627757583336990 -3698.0432361521343 -133.70445227276315 -78.06916427805172
39627751547736472 -3060.1607552421865 -131.7390371498207 -75.4632686393252
39627757608504466 -3305.6550075996797 -211.67928272757248 -77.59972344119147
39627751547736039 -2869.1180348767975 -122.63155504295328 -71.98778965140625
39627751547736062 -3020.594352826204 -129.13234265782904 -75.58291091855581
39627751551931589 -3070.930674494607 -146.37845839322102 -78.54262275475676
39627751551931337 -4203.2835082861275 -199.56860880062072 -106.45057432626803
39627763618943831 -3612.9011484738844 -124.21144497727607 -70.23007947029089
39627757579145744 -3360.0185739822373 -116.0748566699263 -66.52746204373689
39627757579145585 -3759.5647178606027 -129.42828383269446 -74.06396431195752
39627811937322733 -2782.113159791667 -89.60070831583569 45.576810838421146
39627757579145313 -3569.7345829683177 -122.01771178092721 -70.48066294943452
39627775694340602 -3933.0323444648147 -104.31530748807383 -29.71908506316176
39627793813733921 -3533.1997392859084 -93.94467077567556 11.847015211514464
39627793813733900 -4130.372757151679 -109.7612534922798 14.65919434729226
