data/coord/ELG_10_clustering_data.ecsv
# %ECSV 1.0
# ---
# datatype:
# - {name: TARGETID, datatype: int64}
# - {name: X, unit: deg, datatype: float64}
# - {name: Y, unit: deg, datatype: float64}
# - {name: Z, unit: deg, datatype: float64}
# schema: astropy-2.0
TARGETID X Y Z
[from data line 9098]
39627872947667146 -2930.3155407129125 -2378.200727694345 233.49683856018956
39627860842910101 -1827.0143858360773 -1374.5785096900408 122.1935257867743
39627854845055014 -3020.3635327151346 -2485.782725316407 189.3818229945161
39627836725659002 -2940.03374448228 -2407.491959328368 128.53456360305717
39627866916259664 -3049.216398608148 -2480.426936341704 226.80616970771172
39627872947667535 -2869.801599797127 -2330.663949486355 230.64741913751854
39627854845054950 -2620.332779502697 -2156.3101296952905 164.19352707153055
39627824641872075 -2576.084680955981 -2100.796753053134 91.51189944056786
39627824641872039 -2394.0907866064385 -1952.288228693343 84.70492239403399
39627872943478285 -2393.5841851474643 -1940.9037268559653 192.54962242326042
39627878949718329 -3676.3520229149317 -2810.394038767698 307.11332515974044
39627860847101145 -3161.843499484225 -2387.130620893287 208.5743003371523
39627860847101201 -3174.935711256633 -2397.211169279284 209.8935573012323
39627878974885528 -2777.7838816812955 -2245.627768785066 232.09966076542352
39627878966498804 -2599.6233875675066 -2071.446112155908 216.89020343350688
39627872939279674 -2389.840053561112 -1908.4289093297166 193.58081524048464
39627872947666970 -2394.158564079775 -1942.5122100851736 195.18501662459008
39627878970688819 -3601.7016434748057 -2876.3903686103968 298.2864698353893
39627872943478414 -3140.8625409222996 -2547.4405410478016 255.6465087561096
39627860884853528 -2642.7783296648736 -2177.7986496016665 185.8748728201311
39627878966496317 -2665.9327747871057 -2116.599237848508 225.02074764965508
39627884993714169 -2906.571421831812 -2293.076021862459 255.84750658068694
39627884993714236 -3106.889895818758 -2451.312974465323 271.3434615901848
39627878966496212 -2902.806958252451 -2304.278030976087 247.70827381926816
39627878966496176 -2814.8498718716214 -2234.2929843786233 240.02522492573468
39627878974886833 -1809.3741109946327 -1465.6287682636673 151.76643055343303
39627878966495888 -3141.214359224684 -2492.093996102209 268.0196118017211
39627848809448559 -2079.5464018457155 -1717.3434941287144 111.87983747218465
39627848809449212 -3495.5835012480597 -2889.644432916385 189.1234895588536
39627878979076564 -2997.839227493319 -2434.640076389023 245.86791879085123
39627878949718956 -2195.57880783692 -1680.0155018379246 183.22748199798633
39627878974887456 -2589.637488488919 -2100.0752409686243 216.31339492837566
39627878966496357 -2668.6162072729317 -2118.8644167879916 225.4383051365626
39627878966498146 -3270.51026227883 -2603.3999890866726 274.7942298649682
39627872947667784 -2590.2959766375975 -2104.5146658772737 211.34627835797704
39627872947667284 -2352.002958165212 -1909.2714614778527 191.89389305416685
39627824641873023 -3132.1480584252777 -2558.6019747928613 107.73854651082064
39627878979077251 -3287.1568963855493 -2672.7200472678846 269.87083180148437
39627878966496814 -3611.9823079733487 -2870.0991474933935 304.0161353421631
39627842769651307 -1837.8476398238136 -1519.229750263393 98.81909969154997
39627884989516427 -3384.7789479781686 -2635.847693118722 297.3994414452398
39627884989516450 -2577.8681637338177 -2007.558235133931 225.62214441388295
39627884993713784 -3051.8177823235847 -2406.4986628241213 274.0794373500374
39627884993713128 -2610.1596205929327 -2056.592385093374 233.49736640686174
39627878970689134 -2777.454686409891 -2219.2122050623334 231.7087909479044
39627884993713163 -2608.728072610818 -2055.5362448553547 233.32613498406295
39627878970689503 -2598.0845823424906 -2076.873724083982 215.62036204631602
39627878970691503 -3450.695397396926 -2766.1628277847026 286.53180845900397
39627878970687826 -3603.848255383903 -2873.48102781332 296.59281666240213
39627878949716503 -2259.4105598277647 -1722.4829257366298 187.73502326213597
39627866878510506 -3176.5406808483135 -2382.231826858334 216.83014970776458
39627878949716233 -3074.887733429685 -2343.3536237089093 254.5819477599903
39627878970691725 -2976.3011094358953 -2386.7314402721036 246.6755025403694
39627866878509194 -3145.7231947633745 -2353.9127743432023 218.5719507092946
39627842744487056 -2878.605716105024 -2259.460527131234 144.38340711720602
39627878970689712 -2598.0033734679237 -2077.4276302932153 215.4964502521884
39627878949716350 -3154.2848352388087 -2404.240400921907 265.4605480919592
39627878970690896 -2117.9132677260127 -1696.3934469528037 175.96544145959808
39627878974884785 -2781.891914310239 -2246.564251098599 232.2157412165926
39627860842908095 -3381.0086069883096 -2535.490221357694 230.72349350814702
39627878974884320 -2182.307002643458 -1761.0369608106864 181.89292816040646
39627866878510046 -3232.2558112615607 -2421.9205623628295 221.59877538353405
39627884989515960 -2903.959145889959 -2259.709584170506 257.3527169182911
39627878979077086 -2589.3435586388896 -2104.859315120649 214.56622403830247
39627878979076508 -3082.944860437466 -2503.433331254608 254.1707196384622
39627866878509464 -3678.725887158283 -2754.0190212498114 254.8750364674838
39627860842908018 -2307.4496979950404 -1730.1653940317346 153.6110065176657
39627860884850962 -3231.7604002907833 -2650.582276380436 224.52993853958182
39627878949716088 -2928.769914453289 -2231.566061871679 241.30215682130023
39627830660694355 -3073.6769896715973 -2380.9830088247495 127.11320157627499
39627854845051822 -2133.649288766917 -1745.992573034539 132.75122764406768
39627818593683829 -2494.625116264219 -1993.6956935258104 67.28634929832099
39627854832471464 -2491.649095617705 -1993.4173298975072 157.32274060533805
39627884993714437 -2877.9492348440585 -2271.344075417529 250.5949901838462
39627878974883617 -3202.8901513186493 -2581.946561658884 263.49481916094254
39627830652306955 -2662.4498487617825 -2029.0685765936778 103.24070096150292
39627872947667414 -2393.7160644500004 -1943.675721910196 191.7468558860538
39627878949720605 -3326.6758641527463 -2552.784495240031 271.1991089672577
39627878949720479 -2640.539237561387 -2025.8547072424772 215.22047475121374
39627848784281996 -2439.41862535082 -1906.9470683053016 130.76265131264898
39627848805256548 -2707.874069898309 -2225.689430623104 153.0484443681772
39627854845052127 -3197.2360919605235 -2617.928981918683 199.01302888541295
39627884993714777 -2968.9999230177623 -2344.3388481154316 257.9571121966947
39627878966496213 -2951.9631193572204 -2343.3015988167986 248.49259111585778
39627878949718153 -2267.8236008775607 -1733.1867085332071 190.2891028134165
39627878949717763 -3155.755985990974 -2410.2430161658103 265.26740412705334
39627878970690448 -2742.894034775151 -2195.5673835047664 227.4632384270022
39627866920454303 -2640.5397554287524 -2169.5467629655204 187.98876142200635
39627866920453772 -2991.364705470794 -2455.679336725047 212.80440986413575
39627884993712848 -3398.095858756014 -2676.4821346510985 305.17336681809593
39627878949716673 -2535.4825185993905 -1933.3568209610464 214.14247267929883
39627848771703351 -2296.6612165418605 -1760.3339406139592 126.04372620078686
39627830660697854 -2643.099751239844 -2059.435968082307 100.71537368358688
39627866874319125 -3041.947140028592 -2274.5396048382754 208.13936580600748
39627860842907648 -3177.5714155209985 -2381.0175587674557 213.92739158777613
39627824637677160 -2092.937161588137 -1691.3324101509802 68.49095677499041
39627830652307069 -3341.646335443276 -2547.102947959337 132.8311316813622
39627860847100110 -3183.905264951915 -2399.8523642017044 217.41999870320066
39627866891094726 -3018.6332240938355 -2330.4085215617965 213.43711547430442
39627842752872504 -3011.856181344093 -2395.7672309590052 156.22810521901678
39627836713077402 -3065.410687358098 -2450.5346631753305 131.386957746084
39627836713077136 -2433.549598989417 -1944.415957504996 104.18028199632361
39627848796865764 -2384.642261726907 -1917.743881602541 133.46428274238772
39627866891094939 -3012.798779661624 -2326.6727788910275 219.90332873062903
39627848788477304 -2793.759805873808 -2206.597143950877 161.44776489843662
39627878945526889 -2931.6736887219017 -2232.2084704850645 244.60771483326522
39627866891094687 -2522.06685573164 -1946.9453765657586 184.15252682946002
39627830652307139 -3673.209552582537 -2800.1181863003358 144.00335194917758
39627872914113439 -3251.6644531725096 -2458.6108452120193 257.6569795275984
39627848784286189 -3494.9692508624626 -2749.484701471204 189.46414737820518
39627848784285977 -3535.5053935414535 -2780.4165325282675 191.32239743375294
39627848796865663 -2555.822030389504 -2055.0228309033014 142.84062732643935
39627848767506941 -3083.3038526273754 -2334.081463153531 163.79618471483295
39627866891094852 -2430.05940937473 -1876.3511247875233 177.18741705032906
39627884993709920 -2421.8010044659854 -1900.5635170035068 210.30986595563843
39627818589491786 -2991.267412175244 -2376.8739342513572 88.51481504624702
39627854845054934 -2110.1469067841253 -1736.4251687877384 133.01926269165386
39627878970690116 -3389.725444129657 -2712.130918306334 275.7417739088056
39627878970687564 -2396.0764306352658 -1909.6412968758127 200.42196591298566
39627848809448558 -3370.12238944313 -2783.128626202312 188.46678628890197
39627878974886346 -2991.510328250803 -2421.251875512838 252.93479634753325
39627884997903975 -2606.0485668184583 -2063.112227605371 227.01351784895567
39627884997902491 -2713.343757312247 -2143.412398760749 238.87121938241557
39627884976936687 -2821.843515099521 -2149.5331806846725 241.3671768125769
39627884985324028 -3244.225425862945 -2510.737024044393 288.69663904348573
39627848784286880 -2853.238152532174 -2247.199266366573 163.6564466757027
39627878970690161 -3555.9544754010417 -2845.261017757616 296.36445010396267
39627878945524006 -2694.206567313227 -2041.585344533115 226.0813995347708
39627884985323695 -2815.8133018219205 -2178.1026861716637 250.5509427650392
39627884985323242 -2328.202391322148 -1799.7774893212747 208.81929881378844
39627860884852475 -2269.092062309892 -1866.090528509734 154.08300838002006
39627878970691694 -3004.0434296549925 -2408.8494677557483 251.4886068192456
39627878970693094 -3469.479204323356 -2787.6836219706793 284.3669068981245
39627884989515593 -2816.6032193253154 -2190.611917204907 254.85522390754838
39627884989514657 -2609.3418893973226 -2026.5739828924827 234.34777456092294
39627884989514332 -2433.543667683255 -1889.2495554965897 219.52277638338006
39627884985325008 -2386.7319127743845 -1850.0165528732705 214.56061330490527
39627878970691585 -3606.8157006004126 -2891.684956930745 300.98241848191356
39627878970689914 -3188.496225080335 -2550.4107283134517 266.7102633742715
39627884993710914 -3412.7844096933386 -2681.7450110914297 307.0411329525807
39627884993711103 -2471.553144602139 -1942.5849965285233 221.81433690351892
39627884993711848 -2965.6794058698456 -2333.0044581910133 266.3984618328177
39627878974883162 -3052.1480096025116 -2458.950866359955 253.79929851564847
39627878974883463 -2683.7115171583496 -2163.0091659807426 223.81370409311123
39627878974883540 -2009.8183477410196 -1620.0085287340337 167.64842648822335
39627878974883614 -2110.1352599235584 -1701.0289459462776 176.72726428510666
39627878970690185 -3005.602796362826 -2404.9709726235455 250.59536136901193
39627878970691461 -3315.3220051152307 -2657.4908776307084 277.3548919928832
39627884989518781 -2870.8225790954198 -2244.456037827147 259.31026026021715
39627848759117364 -3080.18864255319 -2284.893801024033 174.20661962189757
39627878974883970 -2813.5916621231813 -2269.2362538609973 238.40548213726552
39627878974882981 -3390.4044153464592 -2730.7654298437533 286.27115936246355
39627878974883251 -2611.7182156780414 -2104.3831632067304 220.74336560342272
39627878974882436 -3255.357521843939 -2619.9055329412013 273.0566387501032
39627884989518250 -3023.7926667793868 -2362.02015687954 272.35408045092936
39627878979076284 -2152.8633132454675 -1747.3133353584926 180.5036005507249
39627830652306781 -3346.4698822225178 -2549.703137278098 131.61282400223726
39627878945526322 -2346.1239849479207 -1784.8999507003873 195.23650691720042
39627878953912905 -2820.6704158742673 -2177.404683052618 234.10864369065743
39627848784287169 -3083.369157002693 -2429.658664055184 165.85915037834684
39627842769650533 -3373.8583401634305 -2785.669478801102 180.21703984483688
39627848805256420 -3023.0389165597885 -2484.2386314286014 169.72474895479533
39627866920452851 -2983.075147014404 -2444.976557635342 217.1160498300116
39627818589491781 -3377.2949866246054 -2683.585338262785 100.41442002897836
39627842744485953 -3190.409669369024 -2499.983498926344 154.4258709696314
39627854845051957 -3045.9940512011635 -2493.267597987783 188.76824645075172
39627866878509451 -2511.7023533231136 -1880.299230611963 171.99148812949178
39627884993713260 -2247.2913184646686 -1770.9390804171817 196.07830421782094
39627848788478332 -3623.4793896182478 -2866.064882649088 207.70082468393483
39627878941332898 -2953.8624702996162 -2229.259784628551 236.83299594673184
39627884993710152 -3028.447235068707 -2377.4379078698535 271.70104479861857
39627878941332534 -3486.021016095771 -2629.33573308932 279.6407469442533
39627878949719931 -2975.9238231295385 -2281.156879631631 249.99856687271483
39627848796864752 -2845.225794753399 -2284.36056301047 156.93547200475865
39627848796864611 -2726.392073469357 -2188.4042199582414 148.36601446225916
39627824608317702 -2452.985938187242 -1865.2263265608142 87.09042257773314
39627872918313038 -3476.921541318473 -2671.994947863731 261.3373404596881
39627872918308839 -2249.1525357076157 -1718.5759958762599 175.7799224612866
39627824612510555 -2807.8411664018704 -2145.6644517906702 89.30585985928663
39627866916258627 -3079.639902952966 -2501.357382270035 225.93003932043408
39627854807305261 -3163.1368136008273 -2396.7674242291487 184.78451127623345
39627872918308772 -2419.7598339606757 -1848.7653150572644 189.03568255150927
39627830648114798 -2338.570927932526 -1774.0881531380605 87.11431044609398
39627854807304943 -3346.2531846344905 -2534.299439509258 196.00013241884923
39627842757071684 -2975.497492325247 -2409.118193334114 147.83509466150235
39627866899482909 -2165.8623542666314 -1701.8483338402743 150.5767279372145
39627824612511683 -3151.8499222180326 -2413.1787488381074 106.63774393773232
39627836683715827 -3284.672343991165 -2458.0935636487816 136.76679017328178
39627842761265181 -2696.868469111669 -2199.112048823043 133.69778631301452
39627860884850182 -2306.113695940109 -1888.7004283553945 160.40124026268077
39627860859685775 -3298.0344113558335 -2564.6541832727466 212.6630521734942
39627842765456871 -3166.620383731651 -2594.9744568624033 152.1012891425959
39627854824079659 -2334.330697710554 -1824.7002227476064 140.30273820883468
39627836704687475 -2481.6764468908227 -1943.49139364775 110.29760449580016
39627848780091062 -2827.80396963655 -2202.3791836311048 156.30955376127372
39627836725662491 -3259.419493172035 -2684.6578585982093 141.7657933881125
39627836725662260 -2055.5208615720558 -1692.3558806554715 87.75215541589517
39627836725662373 -2591.098579390714 -2133.680691401043 114.09581418536183
39627836725662219 -2590.3511166042167 -2132.570576133929 113.04852347365767
39627860842910322 -2609.761897352898 -1964.1635521087153 178.17737801773765
39627842748679043 -2494.543691323133 -1969.635688995558 120.0822254240168
39627860872270163 -2572.189496519567 -2059.8795391893277 165.62721456809984
39627842757071685 -2723.8773050668206 -2205.394135087004 134.6647227398551
39627842748683099 -2923.366964876273 -2323.826620976913 142.74489485413406
39627830652306638 -2964.1866621445056 -2257.9430487016534 111.49060191060852
39627878949721470 -3465.7691252588666 -2663.561455778266 286.83708858916583
39627848792674579 -2308.623686439099 -1850.009330015307 123.7376884352235
39627842761261169 -2914.926789563539 -2360.8052165530944 145.86343595803493
39627848796865325 -3443.37337358399 -2767.2245522830513 189.7595284638905
39627860859683840 -3660.2696828549233 -2838.1844381768306 246.11641042615497
39627866916262911 -2295.889484341234 -1877.9510523567237 165.74630271437385
