data/coord/ELG_17_clustering_data.ecsv
# %ECSV 1.0
# ---
# datatype:
# - {name: TARGETID, datatype: int64}
# - {name: X, unit: deg, datatype: float64}
# - {name: Y, unit: deg, datatype: float64}
# - {name: Z, unit: deg, datatype: float64}
# schema: astropy-2.0
TARGETID X Y Z
[from data line 8186]
39627770183027239 -2220.773009265124 -1448.109534677374 -30.53185864927159
39627806417617043 -3060.07029214114 -1968.5453935208857 47.926352325041286
39627746011253516 -3038.627048082482 -1928.0265110830062 -106.93623692667776
39627746011253548 -3879.918246099558 -2462.003848734594 -131.10560826238878
39627770174640128 -3266.2374139884905 -2095.887514244861 -52.927483969628625
39627752051053489 -3046.84153653458 -1940.7544932600729 -88.33251037078256
39627794321246738 -2594.434601527661 -1613.887302632263 7.695895112111384
39627806421817379 -3469.384613640322 -2272.8920423332975 46.5711149418371
39627782245843173 -2561.9819974938328 -1601.3491759635267 -9.230336645958205
39627794354804068 -2477.765420059854 -1669.9079201453833 17.287584391654054
39627794354803875 -2893.5665136171774 -1949.5337181395146 21.027416056827064
39627794354801788 -3538.9781399088893 -2377.12671382303 19.26032184704935
39627794354803855 -2910.8423014040663 -1961.1144326351068 21.134106975933697
39627794354799740 -3433.151993607335 -2298.250624493958 25.160949108694364
39627794354803759 -2838.422661174639 -1912.0367283061466 20.125003592237572
39627776239604716 -3433.025931321979 -2333.4484163382863 -40.85047077095292
39627758086654929 -3218.3461067258304 -2022.671582151948 -89.14947893879987
39627746002863789 -2310.249031683957 -1434.2496961803276 -78.91256757238877
39627794321248375 -3768.5610482737966 -2351.2373035939404 14.053000091326947
39627746015445998 -2810.234063311419 -1793.649666528256 -102.44313271322382
39627800369432560 -2744.378741808071 -1737.8608858150344 33.87845353918417
39627800369432811 -3020.521143448144 -1913.5573546398923 36.29033502592814
39627794321248191 -3590.103325165363 -2239.188858555001 13.262927891163935
39627746002863950 -2862.0578413158705 -1777.3753965012327 -97.32128649009962
39627758107627799 -3575.7139319152693 -2361.8125347405385 -89.77037734145499
39627806421817039 -3500.612985794197 -2292.306713469933 49.604873684683795
39627800373628352 -3749.7030999916997 -2406.611497994145 34.56741474473167
39627746015446331 -2757.6459706199744 -1761.271276438786 -96.46566262890467
39627782266815982 -3721.7406726864297 -2447.701436030022 -28.13950328123133
39627758090850928 -2713.6992102622617 -1726.686469477948 -63.78190235446733
39627800365238251 -2404.279296242473 -1508.4356809859994 22.979941541643583
39627782275207465 -2701.9724482276206 -1818.22468265999 -9.885708532531028
39627800373628405 -3009.641503027191 -1931.8689501601698 26.034869111968842
39627800377820416 -3077.1915973145174 -1982.8991458616847 38.84942866227494
39627758086652060 -2900.332485745033 -1812.7895700253769 -72.53739738519926
39627752063637093 -3058.559707909994 -2004.6913316006248 -88.31904309708194
39627764147422937 -3218.778617964132 -2117.073658155607 -61.09573021782353
39627752067828816 -3011.551851325715 -1984.4542974616916 -92.84754249536621
39627752059439554 -3772.6146439484355 -2437.5990275612285 -124.29810145705073
39627752067828344 -2612.5425290662747 -1720.3178084079443 -80.57077469707878
39627764134843181 -2678.8746543926122 -1720.809873352556 -59.092779394430956
39627776210244636 -2721.5715267139403 -1733.1395558337285 -29.779185583132087
39627746015446112 -3869.3794446734687 -2470.1490177495116 -135.60104527656765
39627746019644113 -3051.7057965637578 -1978.8743280726972 -103.52741235567152
39627794317053481 -2830.96074723057 -1747.3165381231183 20.037438774529086
39627752067828380 -3581.9028524658097 -2358.7533762583043 -109.58613120754352
39627788281449583 -2403.368537953366 -1494.2098681762166 6.052068460124451
39627776227018594 -3110.333184056409 -2046.0017917651817 -24.424724962844994
39627746023834208 -3483.7346102788947 -2264.417211606597 -119.33231952218357
39627776239602364 -2859.7558155038573 -1937.0149246625726 -29.815830451833595
39627752059441629 -2665.6358368687643 -1728.255648655168 -89.25473922407953
39627758086654318 -2498.6508264287363 -1568.483122030707 -58.793899279877095
39627782266814628 -3094.4318401012165 -2029.3883651254118 -18.115263274589122
39627764130647357 -2936.5663231392004 -1863.916844314459 -53.36492446099476
39627788298228360 -3489.163695219577 -2265.523884339277 -3.3165091171209347
39627794321249217 -2465.9956733316926 -1540.707685241887 13.241151515370376
39627770199807386 -2306.008863768723 -1569.0962900704217 -30.686761240604508
39627770199807515 -2574.9430251662557 -1752.5274383583617 -34.330013969211365
39627782245845602 -3802.1698765103947 -2385.6394931873538 -22.66440597488369
39627788319196269 -2649.250201439866 -1789.7099316291822 5.699190573262915
39627746011253391 -2996.0551516721102 -1900.4415593196009 -104.92175695693483
39627788319196314 -3375.4964464585623 -2280.4965141805196 7.15223366342699
39627782245845199 -3204.89708082873 -2009.5260606637423 -19.938494085829788
39627782245844990 -2732.5301672276273 -1712.7832195497524 -16.737938238693364
39627770174639240 -3770.648954206795 -2415.581372327302 -51.661199589149646
39627800373625558 -2517.9176732166197 -1606.6903258250559 22.97633506893698
39627812457417981 -2568.166089387438 -1661.5382167498003 53.70121896220292
39627794354801234 -3591.848502201485 -2410.44473458308 21.24648684735545
39627770203997056 -2561.8053305395842 -1747.032750119927 -35.86349934446296
39627806426006214 -2747.5517831463917 -1803.304477771716 36.920438758602536
39627812453225329 -2889.4181641052064 -1856.640552679045 56.42295463669281
39627758082462041 -2349.778322605535 -1466.8111487261194 -65.17681082017792
39627788277254856 -3518.0617814918087 -2169.0530487240044 1.52629500617247
39627788277256488 -3717.931270576686 -2299.681938238898 4.447589326213041
39627764143227766 -3071.8394821327597 -1997.5072862501843 -56.12929659770408
39627806400844954 -3759.323199573231 -2348.960921456001 50.933431801648624
39627788315001722 -3783.603225825887 -2531.156434528486 -9.355910978292716
39627806405036476 -2401.240660300333 -1506.4573442262604 35.984950533099955
39627806405034088 -2535.760395912139 -1584.6533303740875 33.94954148671847
39627806417619317 -2333.418541785158 -1506.1090378819101 41.41888597471254
39627794358993207 -2428.741653363764 -1638.9033025518893 7.279975006849476
39627788298224650 -3528.9799153559384 -2274.189069112046 -4.750149381834517
39627788298226453 -3422.5882399430034 -2213.3483995482943 -2.075211366197105
39627770170443535 -2208.775900533113 -1397.8732459196433 -31.390064001530835
39627770162056333 -2682.679981924341 -1670.2651186767587 -38.42623728708265
39627788298226575 -2848.8278657426813 -1842.7894966489573 -1.4028723952098534
39627770157864230 -2576.4167483666047 -1593.9014884432295 -36.00629990159272
39627770162056696 -3154.7675711347206 -1965.5178552148805 -44.75533044899497
39627770162054595 -3181.0980809096277 -1974.0778109876917 -50.11295825721455
39627800373627588 -2418.1978124367747 -1549.60073857052 25.080593016639988
39627764134838961 -2684.576526133255 -1712.021924580035 -52.88484143186409
39627776239601607 -2659.2609546112594 -1799.0578363500958 -21.820438997094293
39627776239601018 -3396.2514832741076 -2295.5637248116727 -27.912127822579667
39627758078263675 -3277.4937086190193 -2009.777393982926 -85.31037998089079
39627782254235472 -2779.1640672867206 -1782.8287485164703 -16.88975465957699
39627770199806219 -2089.4875821949327 -1418.721650299786 -28.855703834877843
39627800390404693 -3321.5989053541284 -2210.060077843042 41.43634213084197
39627770199804053 -2354.7205711363313 -1593.1617341760502 -38.39589162790798
39627764134838445 -3540.049589249821 -2255.781070521158 -70.49490209407696
39627788298226275 -3905.742639575764 -2524.9066497886542 -7.119218520808121
39627782254235957 -3421.4593074912323 -2196.6699302827756 -24.2091930343914
39627782254236011 -2480.460542739192 -1592.6593525052444 -16.977622380165748
39627758082460005 -3431.8545352466454 -2133.238971182392 -95.10236507051494
39627758078265912 -3173.8239535328066 -1955.1167507646994 -84.24108237920727
39627806413429136 -2523.0750692229267 -1622.7522253760737 35.30995473564894
39627758095045987 -3866.3083029135187 -2486.195264973221 -106.23401728866517
39627806413423484 -2546.914468433469 -1624.6129890391214 44.4124540504546
39627746023833733 -3816.5435242638832 -2478.8954415011585 -144.24509397820304
39627806413423190 -3702.9258910423446 -2361.063550879432 63.589463816310534
39627746023834136 -3743.426651849586 -2432.9657740521334 -142.23705454622706
39627776197659633 -3212.4594630492347 -1980.6196254091171 -27.567540189589725
39627806413423095 -3133.2641621874623 -1997.5784680127347 52.894292796759466
39627776222824452 -3151.126769515692 -2054.2029201367745 -37.067724267439694
39627776239602015 -2570.5164043291843 -1740.154869595211 -27.60668008152385
39627752072022612 -2234.5513463890084 -1485.3748851036485 -67.48454849944795
39627746023834283 -3004.3514189800844 -1953.1019697233708 -113.71412272070211
39627770166250027 -3720.606684810192 -2336.9578532597047 -52.11771638000022
39627752051053116 -3569.4045766205336 -2272.082174291399 -108.10426095504737
39627800394596473 -3627.2609701129504 -2424.1379395298945 41.083742325470425
39627758095041415 -3587.0833460576305 -2288.6206149668365 -101.32873345124263
39627800361045540 -3662.470657098135 -2283.360285302095 46.81784090851945
39627770178833546 -2579.007296379507 -1668.454901266951 -44.56282777409202
39627770178833450 -3213.0910679723347 -2078.2236725371204 -57.13628925371591
39627806417617255 -3005.989197812305 -1934.2337037382617 41.230529045812325
39627770178833435 -2675.191848410018 -1730.2392586017463 -45.43607271517728
39627788277253236 -3321.697157335032 -2040.5221434253851 -0.6125090744666206
39627806421811426 -3138.259588808512 -2038.6674277468687 42.58552300885112
39627806417617232 -3179.849534597207 -2046.0489221143541 44.2821811899556
39627758095045612 -3362.721572421195 -2161.1466865550756 -92.3730158939537
39627806417617347 -2877.7553332736857 -1851.960456782919 38.952833890087945
39627800361043594 -3201.691913810616 -1988.3818911209994 32.470732027018265
39627800361043426 -3203.4182127093836 -1988.680528773981 32.415404058059394
39627800394596424 -3540.284962640197 -2365.792836537621 40.713908134984656
39627770166251548 -2946.053339380636 -1856.2044939093412 -40.18656967975486
39627758095045998 -3616.5157728405093 -2325.623632280868 -99.23251018311322
39627788294031783 -3195.7084076724122 -2043.7392038412243 -1.4605774304638601
39627800377823650 -2976.9526428188888 -1928.8868864573353 35.81793325879943
39627800377822571 -2974.109614879505 -1923.5510762497743 33.44582638710078
39627758090851146 -3831.740303122643 -2438.9047270275055 -101.32610573177334
39627800377820477 -3481.2497065912776 -2243.5522170007625 39.41625175316314
39627800377820350 -3680.459498372583 -2371.3673302282614 41.941622934506896
39627758107624038 -2757.6438322451354 -1810.0122849961676 -65.45079104075934
39627800377820219 -2849.183105391659 -1835.4335975836448 32.09082235990301
39627800373627443 -3772.736969438469 -2416.9782781469175 39.45558921461478
39627800377820552 -2789.1073198386016 -1797.7074375269622 31.297887827343818
39627758090850761 -2708.2896123330547 -1722.7578875123354 -68.35186550982675
39627776231213621 -3423.3098583575443 -2275.247232975327 -36.7241597460843
39627788302421043 -2134.476867176904 -1393.8049563045654 -3.50477825616025
39627788315004133 -3397.3238478488747 -2280.2521484092586 -4.575459222754575
39627764139034949 -3294.883141270402 -2128.026019941952 -74.29036739931652
39627764155811646 -3710.250260649073 -2486.3890453282725 -79.02088634529592
39627764139034758 -2580.34417945806 -1666.019243411617 -59.23851115978409
39627806417620038 -3107.663725361392 -2008.0564567299893 54.33700859347983
39627806417620707 -3068.4490529203704 -1984.621668555437 48.10430465744081
39627794350607827 -3048.088171534423 -2028.9536409870702 16.51363850771498
39627794350607768 -2445.2328822750255 -1627.5314340281493 14.185692053047175
39627764113870487 -3203.7701533876393 -1959.2459886725478 -64.53885175926051
39627794350607625 -2464.0921747997304 -1639.739577213241 13.824553826700873
39627758116016445 -2867.8790049003906 -1931.0961655056924 -71.17749561593112
39627764122257722 -3716.303391405527 -2311.4202765855507 -74.93366401958414
39627752076217431 -2666.067050370158 -1790.791387010431 -80.88936886390077
39627752076217394 -3230.5854210578404 -2169.84173316273 -100.43932816766505
39627806421811669 -2935.8620920494923 -1907.8767178409648 49.925116093822
39627806417621459 -2370.5502618868827 -1534.849428120108 36.07911651764636
39627746023835640 -2749.6567790937906 -1791.3405681752038 -104.97733825963358
39627752076214606 -3031.544317625751 -2026.568833392777 -88.95742630617488
39627746028032783 -2707.0469045078703 -1789.288941358396 -102.68160904959525
39627752076217520 -2833.115902949495 -1903.3056660854768 -87.63947587097394
39627806405035961 -2594.744872259729 -1626.4925877097828 36.47820384572022
39627752076218061 -2704.0180703385627 -1818.316807608914 -85.0831518400919
39627776222824281 -3091.4860717413626 -2014.60841827353 -36.16081364111761
39627764139033338 -3126.1316760389595 -2013.5937907274838 -57.411076319092686
39627758116012164 -2886.7608099784234 -1929.2077427867957 -82.09214593890269
39627758111823274 -2591.2730468149125 -1731.27676412924 -73.38588832627745
39627752076217943 -2705.67687588979 -1819.0033097467604 -84.88298854430232
39627788319197021 -2856.579578977124 -1932.1626505874565 3.215401098790338
39627788281448882 -2461.848053365632 -1529.0438437030568 3.8870720298268515
39627776239600787 -3812.645050957462 -2576.1602820302455 -31.60151420063425
39627758120210163 -3117.5158470650745 -2116.784194957546 -74.78604228731817
39627746023838424 -3537.5534611987987 -2313.998128378366 -130.3339131587772
39627782250042065 -3565.4954310983258 -2265.749853164107 -15.324989810243537
39627764139035178 -2493.6468110865803 -1611.2631481730182 -56.9891653420674
39627794329637444 -3384.977150755723 -2154.384945721359 16.6023915749268
39627794333828103 -2862.5598719596965 -1827.0257283668584 10.693236613834852
39627794333828105 -2860.7562593920334 -1825.8786521768066 10.727632574137564
39627794329637688 -3306.2755824189057 -2105.393557992935 15.518565915168239
39627764147423561 -2917.587395624352 -1921.0599906158038 -59.14531081772552
39627800365240176 -3654.583125600145 -2301.4365653957857 31.400473053745113
39627782250039175 -2744.5399146801606 -1736.4310467421467 -9.34278808706765
39627794333829292 -3092.8748991424463 -1977.95348138501 15.567879949791209
39627770162054101 -3646.624778971973 -2260.813004599937 -47.82571761115625
39627770191414974 -2538.9244551006705 -1684.5105294246623 -34.53244056846959
39627806413428998 -2719.005997797064 -1748.4711683823587 37.996740289128375
39627758090849835 -3357.6179136063106 -2132.482511457552 -95.05842043621747
39627788281448299 -3194.5248453771774 -1982.3426819216816 0.05765893793239204
39627806409228615 -3483.8455511213997 -2199.2725034326336 50.02176754254739
39627770178833300 -2957.9215799536487 -1912.6014039370914 -47.02025821878162
39627812453224268 -3367.84889902969 -2160.3501507585506 66.34280546500976
39627788281448376 -3193.804607276245 -1982.1629042254067 0.4963649504257906
39627770203997312 -3143.7205786977584 -2144.7240990839337 -42.828964255697116
39627770178830513 -3744.041803455715 -2408.955967222792 -60.709193853791255
39627806409229701 -3415.953331779932 -2160.533055238986 47.010798710085204
39627806426006445 -2447.9540332950373 -1607.2512337044493 36.02039755268677
39627806417618752 -2754.9544098732335 -1776.6845121972822 48.85208210326528
39627812457420005 -3145.865110691493 -2042.3264363364299 62.9703397920167
39627788281448032 -2989.4921720360417 -1854.3234558538982 -0.4965619020419657
39627812457419366 -2985.0798960494317 -1935.7233245706218 60.23590381237178
39627806409228552 -3017.1817836306614 -1904.455311371922 48.63117453805675
39627788281447779 -3195.3556940925932 -1981.3161943741668 -0.6739266280832336
