data/coord/ELG_10_clustering_data.ecsv
# %ECSV 1.0
# ---
# datatype:
# - {name: TARGETID, datatype: int64}
# - {name: X, unit: deg, datatype: float64}
# - {name: Y, unit: deg, datatype: float64}
# - {name: Z, unit: deg, datatype: float64}
# schema: astropy-2.0
TARGETID X Y Z
[from data line 8887]
39627866916262729 -3427.1351440414805 -2802.508037778727 245.7273459878497
39627866916258835 -2475.6127332325523 -2011.3280545505654 182.8566806348677
39627860847101596 -2338.8951969765426 -1767.0800956070243 155.5813545193694
39627872922501577 -3489.145189834697 -2684.2660144248725 266.4868542115976
39627866891095052 -3447.740389123871 -2663.0955752387213 238.18870826200148
39627842727709128 -3042.1697305866996 -2302.213892244453 156.4610224736326
39627860842910431 -2497.2637252881723 -1879.8897377293 168.65965792541644
39627860884851380 -3052.1985787606404 -2505.142308325471 208.07994172894777
39627842761265050 -2527.538432255768 -2060.598332192364 134.43651755282488
39627824641872818 -2412.638219970131 -1970.1165117099008 84.59195129099007
39627836717271490 -2350.6282804213215 -1896.4269143679294 107.44961607026262
39627824616704202 -2308.206762999659 -1777.3410717023585 80.55409628974812
39627824616703961 -2310.9428669853655 -1778.8076795389165 80.47365016379874
39627818589488615 -2737.952914426562 -2163.4841874942554 75.9948248202429
39627878966494110 -2184.991950988354 -1728.3101551449442 179.64655368100748
39627818589489117 -3124.1855663406723 -2470.8783419684137 84.18892236846686
39627824616704039 -2638.749991685461 -2031.389122844309 92.47370819269837
39627848805256094 -2643.9160675495414 -2171.396711718322 150.52237926942945
39627848780092902 -2188.905033045192 -1710.0282233500202 117.91251724122228
39627824641872264 -2376.8837788946935 -1938.9401238719902 86.30870889301919
39627860884851963 -2647.4398702743883 -2175.13217511505 180.38202875722874
39627872922501314 -3433.570555701763 -2640.314471773606 268.14948194808204
39627830639727397 -2479.0166625833963 -1849.0393771828064 99.08852705095626
39627842744486585 -3199.4908616430935 -2509.5285445746454 153.6624453262694
39627866891093730 -3251.8063095782795 -2506.5118263450245 235.8995389970463
39627878958109805 -2187.500307428239 -1709.9346455814994 186.3541062739317
39627842731903080 -2251.372170137285 -1718.355629451666 115.7640444401682
39627866895288113 -3422.6819265386816 -2662.654761884881 248.8444718251171
39627836704687396 -2373.3857351642305 -1858.4334538432408 109.23215715729357
39627836704687585 -3593.409597686797 -2814.6762511367424 165.39657164726668
39627836704687559 -3369.3071855857283 -2639.0132268803372 151.72885370922802
39627812532916501 -3523.887217397654 -2698.9828429242793 85.51037221598092
39627860876465362 -2228.33411685192 -1802.6326367215336 149.00256770538368
39627860863881157 -2535.7274949726384 -1994.6973739714815 173.14881673457543
39627860872267467 -3509.300745459315 -2798.8837804412483 229.4664649041703
39627830685861998 -2684.6930554967826 -2200.8845829413503 108.28538623812769
39627836696301406 -3255.1884410191165 -2513.9375368785572 142.1217265504357
39627830652307766 -2908.4102320505554 -2219.4707061937133 108.02876528563587
39627854815694937 -3509.107046462602 -2709.0481536772554 207.29841521718956
39627854815694996 -2357.028265303694 -1819.8105293744059 140.29962803519635
39627830673278778 -2749.805265730023 -2194.6699626212157 101.3799886028761
39627842736096534 -3446.8177029337135 -2650.5623511307285 163.10933284740432
39627842736096530 -3445.7378764413575 -2649.7157939307954 163.25497821347085
39627830685862178 -2741.140958046005 -2247.864163445642 110.7477366748872
39627854815694748 -3073.4805086103497 -2372.0204849275146 181.78457083230904
39627836708880439 -2526.999446439091 -1992.2472884907681 112.94880165090579
39627830677473112 -2677.8163586119977 -2155.8476450199237 110.02425344133033
39627848780088699 -2274.780420650808 -1765.0009320534814 127.86011077931524
39627830677473249 -2498.7137035627625 -2012.1993345874341 102.81856548779068
39627812549693273 -2204.8288589890453 -1750.0006701214056 55.06519213104877
39627878966493820 -3020.303275540915 -2387.884268111858 249.5475653607367
39627860876465223 -2412.3031756953274 -1951.1398175264583 161.17111292393795
39627872935084526 -2593.7966431259356 -2050.211584606299 197.8393399065487
39627848763311895 -2661.1300163279657 -1993.2826470911882 143.52955336563812
39627872935084201 -3424.6885341443663 -2705.484531243533 259.87964487565364
39627872930893785 -3285.237001076151 -2587.79146312083 251.21229294394433
39627848792674017 -2607.38813909758 -2087.1594277091563 139.5932248017977
39627830652307512 -3561.227821636645 -2716.5975023576943 135.38310741971142
39627866907869779 -2216.3856399624096 -1767.7532979362431 163.4081849010833
39627854845052673 -2633.702315927612 -2158.9241450718964 161.38474081117292
39627866907870063 -3073.6249334823547 -2452.456237387402 226.5399269352534
39627854845052626 -2870.2898912623837 -2352.575999204638 175.86072515034786
39627860884851652 -2252.117467881697 -1849.4061576090046 152.80063403391875
39627824608316863 -2420.938532268657 -1838.1275830389698 82.45949827213984
39627824608316971 -2522.261785712532 -1915.4767572102833 85.11892921172203
39627866895288277 -2513.952008979488 -1956.2016419157042 177.0361201015967
39627860884851516 -3451.321907023172 -2833.494774998382 234.92163982573834
39627848775897979 -2794.669338964919 -2162.076466331991 153.65553533028677
39627854824080471 -2607.6158276176925 -2041.490147784245 165.21261158302323
39627854824080368 -3635.0223042262037 -2845.290491064518 230.4684336081124
39627824629285674 -2785.2677254324612 -2198.270559964038 87.38840253340325
39627878949721224 -3212.3079495317556 -2467.4520443938245 257.25698453732656
39627824629285708 -2897.968653276667 -2287.363785933189 92.03990040790498
39627860884851787 -2635.808825565218 -2164.9833213136094 179.7479798166644
39627860884851719 -3423.7762599432453 -2811.9218453874655 233.20789124861065
39627830652307161 -2102.6078350684124 -1602.9008216948405 80.08938966931137
39627854798915778 -2158.078821645772 -1603.4091035313709 127.60064159655589
39627866920452393 -3177.280176980661 -2602.2570519003243 232.26003859200117
39627854798914382 -2333.446204073639 -1729.1472709267427 138.60954006414866
39627824604124614 -2821.262108352994 -2125.91819297013 91.6458890504105
39627842748678755 -3634.276238130777 -2868.0835114671013 176.50841699221996
39627866886899351 -2403.1786833259093 -1835.3664026080662 174.37369904801244
39627848763310580 -2521.777574592722 -1884.7778946807466 132.43449583707073
39627848801063325 -3002.997191366772 -2450.921603324757 176.07251238461916
39627848796864562 -2441.0795813330024 -1959.2276590477707 142.4126526924373
39627884993708924 -3291.231047948173 -2579.315827991188 285.04050735766043
39627836713078436 -3211.780863999164 -2572.549434754592 151.26774073028994
39627872935087519 -2591.010587453283 -2058.474519940836 196.38047447247337
39627836725658318 -3222.647054732103 -2635.9917754124504 146.66448986543793
39627848780088356 -2484.0442100820114 -1926.3752021638857 133.21218982717946
39627872930895467 -2555.5468271054665 -2017.9286210701391 195.78179449332893
39627842752872806 -2975.4020167417057 -2367.6948443676815 155.6716595960939
39627842752872959 -1950.1302800082449 -1552.12019384611 102.10976259062777
39627830652308995 -3493.856547768859 -2671.892890826463 139.7678464912738
39627836683718844 -2957.4097648541197 -2224.8548459845415 122.8107503331441
39627830652307277 -2165.7882568697296 -1651.4129654994672 88.38106594654415
39627830681668030 -2917.135047969291 -2372.244616738951 107.03897935385137
39627848796865671 -3158.0028378431703 -2539.2437547878085 175.6007759322502
39627836700492959 -3297.335860246022 -2557.0078827766506 143.28198053220405
39627812549690204 -2692.690596493629 -2125.6654558724304 59.92537242851493
39627824620897969 -2565.6607596522713 -1992.040234204719 80.26736268322986
39627842761265425 -2731.417000984433 -2228.3676984866097 144.67023218738802
39627854824080218 -2331.1093251582056 -1824.071300194254 147.27022819597292
39627830648112487 -2707.8035815384096 -2046.10827102165 104.92473282538953
39627830656503774 -3320.250350425363 -2564.387366816995 121.13541823163933
39627872909920494 -3458.8054133336204 -2596.1521679284233 262.02729738246416
39627854798915866 -3255.2869786373567 -2418.9764745659822 194.79675440965372
39627836679522375 -3437.269720407395 -2552.8218834099102 149.023864742549
39627866878511008 -2439.157282707418 -1830.6720555562845 172.8223556670208
39627872914115641 -3349.49506186614 -2540.3680828056104 264.996769236323
39627824633482436 -2486.9354123456314 -1989.1053702679706 79.57921060157122
39627824641868974 -2573.448994803423 -2087.9904707490177 86.70893014354678
39627854803108019 -2488.6883549924323 -1859.018274467079 147.19410348766806
39627824633482342 -2487.0859462420353 -1988.8418417233142 79.68048956788851
39627878962298967 -2207.551272018673 -1728.219490934578 182.31996156039978
39627878962298996 -2688.444907711173 -2104.8192434938555 221.45501768570554
39627824616705187 -3449.2033422099416 -2660.2171708197798 114.09037674429976
39627860847104257 -2312.5552605642097 -1754.3787994011159 153.97791694976394
39627824608314470 -2842.637953844586 -2147.6702654511314 89.90000427738259
39627842752872877 -2492.529081846135 -1983.608124032347 131.33217134553206
39627848780088456 -3290.8800264453002 -2552.451683404715 176.2951377782636
39627842765456015 -3133.7312707947763 -2563.618810208775 167.2003728095656
39627848780090719 -2750.3423802678276 -2140.76149098871 150.45062300998788
39627866916261601 -2768.1575498100215 -2259.3357127550044 198.327456082342
39627866916261957 -3432.8082130480934 -2803.600327763483 245.9733317958527
39627872930895665 -2799.3244877212373 -2210.992142706119 214.53238502010407
39627842744486581 -2550.414782670832 -2000.414945953286 125.91909210298755
39627866916261930 -2958.064718334849 -2415.7417963596827 212.20616762217782
39627866916261431 -2959.570970654697 -2414.865866436447 211.27198551221983
39627860876465744 -3449.114563825245 -2791.594780246115 230.91675698915236
39627836713078287 -3096.754796692481 -2479.769510407847 145.7543809917879
39627860876466034 -2955.641945297749 -2393.1307064659577 198.59170293260908
39627860876465980 -2931.207740779419 -2373.1788697716524 196.93637137047395
39627836700497039 -2981.642565337188 -2328.5247374745 125.04411166064847
39627836700497161 -3329.31876441146 -2600.623971333744 138.64914568986129
39627848801061089 -3010.5136578298907 -2447.368670212911 168.9411949473624
39627836700497195 -3470.881807861682 -2711.3129346548876 144.77639726766972
39627866874318604 -2362.389323237803 -1764.786899325859 168.61609378761352
39627824604124567 -2821.6911373703942 -2126.0195192020333 89.32907891158776
39627866874319060 -2562.6963724118714 -1915.9913896957555 181.91168016509647
39627854798915841 -3052.443264498103 -2268.1719968570997 181.40607868672723
39627848784286646 -2497.138395188445 -1966.0238488759685 135.27078905966897
39627848784286903 -2636.725097540289 -2076.7374989200416 143.45558360579636
39627848784286485 -2461.045988092833 -1937.0459561293117 133.43055117474074
39627878953912636 -2325.950607594178 -1794.7527321707921 193.3899467890895
39627878949717516 -2510.475206007504 -1916.7869262116953 210.00920194539282
39627884985325206 -3459.253898213319 -2682.0815368131116 306.86821031369277
39627866878512081 -2264.8616517828996 -1702.7486443082928 155.56270840055865
39627866878512089 -3511.7350211459834 -2640.2003502016782 241.12045967415952
39627860847102965 -3512.377099349997 -2659.4088139057085 230.34072048669503
39627848788478099 -3263.201555440006 -2580.318346502238 177.06016900663772
39627848788478282 -3104.4611005554316 -2455.4003009023786 168.62512441827482
39627860847099958 -2674.19182112062 -2015.1997588185197 181.89679017501274
39627854845051724 -3596.2059612103662 -2942.2297263060195 222.8763431523813
39627860847100038 -3701.643073138649 -2789.7894830000296 252.64937052043908
39627860842910308 -2738.2435877950384 -2060.836178072764 182.71041722606648
39627842765459799 -3049.761613976332 -2513.8856194511345 151.91723705808843
39627860842907877 -2819.3523795431083 -2113.451872883126 190.9977206873261
39627836717271238 -2829.793059062544 -2281.615430282127 128.74256990336542
39627860847100449 -2948.3400723559885 -2223.4237816226114 201.4121378137062
39627824637675415 -2915.6115893346637 -2348.269355785862 94.81854222312325
39627860847100506 -2884.69532535665 -2175.6185617514893 196.6047381949822
39627860847100198 -2232.8387287846513 -1683.1930276273727 151.91698864569705
39627860851294307 -2359.8368109624894 -1794.5583380403057 152.8548199629771
39627830677476123 -2624.604470915845 -2124.0782208568526 101.93105389134591
39627866886900603 -2465.671911371359 -1886.5385592617931 181.25694923740082
39627860847102696 -3322.228613467761 -2514.498541992237 217.4775938345127
39627878949721248 -2829.6344812215716 -2173.6374359984907 231.1694376518004
39627836683715818 -2853.816446914194 -2135.6397186839445 117.98383861633208
39627824637675595 -3405.948750206373 -2744.066723557275 110.4571900306907
39627842752872623 -3135.2058062791784 -2494.245050295928 162.29437809186223
39627842744487316 -2624.0137317031317 -2060.506566931465 131.9966392232713
39627860842907376 -3372.9280018340437 -2526.2803428710135 227.32858975430855
39627848788479403 -2369.8260593648506 -1877.5926771656968 128.70501731102243
39627848788479440 -3106.12615948205 -2461.1258480857664 169.2299644592232
39627836721465682 -2880.001545220582 -2342.297059497468 130.59040264901765
39627836721465769 -2438.4894286047725 -1983.483179051182 110.42267129288365
39627830660698455 -3362.7610298772247 -2622.454600736811 128.83646052724487
39627836700496435 -2980.9612485336206 -2325.3322117639736 135.45508305117605
39627866899483224 -3097.688777889016 -2435.24609039912 220.97918072668864
39627836700496121 -2634.8289634116836 -2054.273498941273 119.66819469575496
39627830660694278 -3184.5480772990745 -2466.5778062515983 131.46226415087065
39627860842910665 -2875.772976287674 -2165.6625149458373 196.22807377242495
39627836721465686 -2431.5825133154785 -1977.6078507901523 110.36467551990096
39627878970692304 -3140.756329606249 -2520.8313635652976 261.5158069346741
39627842740290635 -2258.550698209755 -1751.6834679095177 108.03722299583976
39627872918311518 -2227.1919758382273 -1707.8250316792626 166.05319959188841
39627830639727582 -3144.3767333908017 -2345.9736905040977 124.46893969066237
39627878974884175 -2728.750604158598 -2201.49939322624 224.09106440839628
39627830685862804 -2734.838439574205 -2244.994884582573 113.84779804212475
39627866886900928 -2475.404582336338 -1894.8584219080437 181.21272192997966
39627860842910016 -3117.329340509397 -2345.0975671050437 207.16476577095975
39627860842910035 -3425.863241859639 -2577.2597546516304 227.15913273410203
39627878974883869 -2171.612858071144 -1751.2000283707755 177.98807886205557
39627848767506910 -2675.051549673617 -2024.8652322100518 139.29725169841055
39627878966493718 -2763.9417494783693 -2184.8031693661305 230.81700144829085
39627872914113748 -3283.3992412967564 -2483.7618932140103 257.6051326412993
39627878970692321 -3606.406716746782 -2894.6342034700083 299.8896086318234
39627878949720956 -2078.4562886186295 -1595.8467071262082 170.54155639720912
39627878970692332 -3125.2875199564446 -2508.500351707914 260.55493695662784
39627848792671270 -2413.7990366758227 -1923.3487858359454 128.44097464613267
39627830664890168 -2423.0966544608295 -1898.238801927316 94.80447423102142
39627848788479274 -2783.1716189860895 -2204.639322289367 160.95000057080557
39627848788478992 -3075.6889599621904 -2435.3103684661883 177.15650240275755
39627848805256766 -3434.313943644939 -2823.8030365686477 203.08997970864004
39627878979076488 -3036.645787616178 -2465.7036269811365 251.6587342326726
39627884989516597 -2173.6008875465823 -1693.1825286680394 191.81640775126803
39627878970688408 -3584.77619287635 -2861.05003003562 294.0846380803082
39627860842907103 -3150.6591857698713 -2358.6491641698826 212.4924995854375
39627884989516933 -2616.807700950794 -2039.5998644232386 231.23104109914718
