data/coord/ELG_16_clustering_data.ecsv
# %ECSV 1.0
# ---
# datatype:
# - {name: TARGETID, datatype: int64}
# - {name: X, unit: deg, datatype: float64}
# - {name: Y, unit: deg, datatype: float64}
# - {name: Z, unit: deg, datatype: float64}
# schema: astropy-2.0
TARGETID X Y Z
[from data line 12764]
39628384573069010 -3482.0345877427635 -853.8216758368342 1709.1986834612562
39628351639390363 -3008.120742601235 -844.0709035784963 1388.3136607139663
39628362678799453 -3893.6623754853313 -1122.308057645125 1843.259894976812
39628340553845921 -3151.6129552826637 -838.6054050492176 1417.669405834733
39628368152363891 -3279.139546466211 -838.5860836704412 1564.9274003258645
39628384606621507 -3350.9283267044502 -958.4060230674047 1665.2295038154261
39628384610813942 -2736.2602341513284 -792.9433154435312 1353.7667217248581
39628384573068919 -3165.1525653301314 -775.9635563611085 1554.1581395984108
39628368181726092 -2867.0384769577213 -842.3774055093754 1370.8206563805336
39628379149828969 -3109.9430653846916 -911.4175713486048 1528.3305474317121
39628395495034448 -2674.6721360552056 -724.5304446640358 1349.0860145772792
39628395495034285 -3683.5030545057302 -997.247922738948 1861.2176093662752
39628362657828885 -2792.8694559184837 -737.467812469559 1313.1380958964635
39628340545457962 -2498.046769049847 -639.1104126725355 1119.6365939179375
39628362657828875 -3682.157173320789 -972.2481574099604 1730.8638382092627
39628373646901622 -3653.8879183238623 -952.1922962517523 1750.7880540141962
39628351610029194 -3854.4802228183357 -941.96857965282 1775.0991974341412
39628362653633157 -4099.287417353472 -1053.6302934598814 1939.4795098506597
39628373655293933 -3412.6839266690413 -938.5073256371777 1645.6483300800576
39628362653633101 -3946.3931815302885 -1014.0831594274131 1866.596081678739
39628390038243357 -3783.266587535857 -958.1294713612746 1882.7141099757719
39628351647777126 -3469.0387714659805 -1003.2398492900378 1612.3452901296941
39628390038243369 -3135.142069527411 -794.0177133320511 1560.8453389859435
39628379137246147 -3779.465368016181 -1049.0969388313363 1849.2307201459
39628395486644814 -2929.3039110916184 -763.4275042940578 1468.963103962916
39628395486644750 -3558.4288771422134 -927.1252993791669 1784.0177334462512
39628362653631168 -3116.667717859133 -794.7204291646362 1459.2664948407241
39628346107102066 -2770.2713649104694 -772.7081990935288 1259.51784317783
39628351605835513 -3918.800997734222 -940.1627206772588 1791.1661463583514
39628357129732887 -3242.7541718713337 -775.8834807897898 1510.0346316562589
39628379137247335 -2619.863947648117 -730.6748976835472 1284.0937108953246
39628379133055622 -3327.0460945364493 -919.0253327516868 1623.2279647280434
39628379133055383 -2626.9888074292417 -725.0230647341381 1281.3828552809578
39628395490840739 -2924.8875755454333 -780.5489154176214 1474.427671644159
39628340549651015 -3574.4665322277674 -929.7003964086482 1599.5863946939273
39628351647776831 -3054.712573468821 -882.6342747883336 1418.7898049509806
39628379133055416 -3758.8496054424154 -1037.5193284287598 1833.6298352631375
39628390029858119 -3423.1227779576184 -840.3118548625747 1694.5050902349053
39628384602427223 -2480.793617807411 -697.6644030374514 1226.4863456379526
39628362636855552 -2995.372073728014 -707.5586033740307 1402.0137960922705
39628340545455828 -2684.1394890709653 -680.9487152174211 1205.0811801819257
39628390050825273 -2843.8765385896054 -762.3615386735971 1424.803941348619
39628335004782719 -3648.3649105520635 -987.8452199473163 1624.1013040270002
39628379141439776 -2733.1311969030253 -771.0453943659671 1346.2830361161193
39628379141439566 -3347.6507691125976 -943.5185887433805 1649.0441858276706
39628335004782556 -3469.536021351947 -938.8784892534835 1542.8223268661277
39628384610814260 -3367.9989581381074 -977.2572977754661 1668.9962342372162
39628390034048872 -3407.8332310509286 -845.8260924716222 1693.6085614852516
39628395486644539 -2444.2726291893973 -636.202939365232 1226.441263373141
39628373659484414 -3063.2180296390275 -845.1340860246797 1476.979552992515
39628373655291370 -3231.713588756806 -879.3964902438341 1561.7607908685331
39628379137249670 -3009.261326796928 -847.4368648057326 1482.3827846231052
39628373655291430 -3326.4014906495177 -905.4051930604472 1607.505916939799
39628346081938628 -2754.365327890925 -692.1747529389296 1252.759877480284
39628346081938705 -3765.4848518569684 -946.6289029936435 1713.2398892342974
39628384589842941 -2853.9294185499284 -754.9903640630494 1408.951646051724
39628368169142145 -3633.6512782269488 -1007.4062468678695 1744.3920759150753
39628351639390961 -2501.51446535767 -703.2474015571592 1154.1552731088764
39628368181726195 -2594.8104415804 -762.6795685037456 1241.1776684918361
39628340553845960 -2650.28241031104 -705.2875856633266 1191.3386145838715
39628351643586006 -3756.0729440604778 -1079.8681814948202 1742.4172600043705
39628390050826531 -2906.5068327583895 -782.7172532553894 1453.5882409561184
39628357129732326 -3939.955640756874 -940.0364483155122 1820.659337201518
39628390050826239 -3008.289416267807 -809.3260087119759 1504.5462165508736
39628346081937403 -3461.3969417302064 -864.7603936847179 1573.4620538547
39628340541260904 -4129.703043441333 -1025.4123167370292 1839.258979545858
39628384573066952 -3230.63687732046 -787.2561824597644 1588.3416788861439
39628384573066850 -3970.221503082997 -967.2124814594405 1952.2565065672613
39628340545456879 -2879.8813674376 -733.2342989028054 1292.923686843374
39628384573067012 -3169.17060603977 -772.39068547492 1557.397792932552
39628351610031766 -2638.3272997259264 -652.2254863813308 1216.6466976987847
39628379145635000 -2954.828622869619 -852.2087047767742 1453.9923477038315
39628362674607107 -3720.5943781475116 -1059.6725007032499 1772.5671413602756
39628384573068504 -3480.105538372703 -852.1032168776251 1707.642389391742
39628357146509583 -4012.536898104849 -1038.4606658990253 1859.4559071572828
39628390046630663 -3964.9949865339277 -1041.5228128960446 1974.289644406004
39628390034049584 -3371.1168711065634 -838.8853983509955 1677.4790587757961
39628362666217810 -3056.1420327420283 -838.0628312340241 1442.092334137186
39628390034049582 -3798.5367190937454 -945.2401916735911 1889.9258282769792
39628340545456861 -3684.4175530614407 -938.0338582440991 1653.2878515933014
39628368143975637 -2872.1862432557373 -706.2756238099029 1367.9108505881973
39628351618419937 -2942.221251863329 -754.5567687149711 1344.6828016920456
39628390042438868 -2660.752008372642 -694.0852168014559 1333.7424857355445
39628384577258557 -3623.855672780997 -895.401956916093 1788.7647718692247
39628379145635010 -2251.1449603552323 -649.28854862499 1107.601338387447
39628357138124389 -3341.2967744410034 -841.1517989897908 1555.740771452014
39628346098712755 -3881.412713022901 -1040.4559482191771 1762.1358232428252
39628357138124218 -3986.033705693253 -1002.8705339152867 1856.0674163861547
39628390042437617 -3454.29890020373 -895.8126467956263 1721.9548841674402
39628390063411252 -2585.066512325844 -742.1318455054475 1291.2153299106185
39628390063411266 -2585.702597139682 -742.3517424480497 1291.489946483287
39628351643585609 -2964.5311369610126 -851.2265904841744 1375.4454625176927
39628379137246130 -3003.365054168525 -833.6106184013315 1466.6265613150408
39628368143975610 -3319.0920681738635 -816.0790054209983 1580.4697286687172
39628334996392631 -4061.18971356742 -1053.3032520575193 1804.0743382578692
39628340562233592 -2914.3306654910307 -801.7981228327986 1307.8014883226538
39628390034050177 -3421.688779568107 -853.0450915677416 1703.55993393481
39628335000587540 -3315.7594050924645 -880.1976184681237 1477.3666519784367
39628335000587454 -3718.183186769544 -986.65092375192 1655.598444088798
39628379116275298 -2338.2313343584283 -590.7929962501777 1133.7700640285218
39628334988002925 -3746.1727216976633 -929.5254456700342 1667.5779092608088
39628379116275178 -4035.9926235854637 -1019.1120084181192 1957.1204140934822
39628346073549339 -3112.8049293544145 -748.9123054114826 1415.9070356262873
39628373642711598 -3549.2783326014946 -923.129809780208 1704.385735194189
39628373659484902 -2446.6624423869735 -676.1927914994455 1179.40267975292
39628373659484827 -3870.614812484276 -1069.4478610053227 1865.954591636751
39628368156561017 -2594.844938220179 -684.584441729857 1242.2053929801218
39628368156559780 -2904.0633720297797 -762.0187306943385 1378.1546133422123
39628346086131914 -2859.4464646274564 -728.9978351707002 1293.3576330273313
39628346073549411 -3072.9299917500944 -739.6425417048819 1397.0490413027467
39628334988003087 -3430.9404722979743 -851.9623163006663 1526.8970703822056
39628340541260092 -3176.396482658794 -786.2312219673803 1414.3411296393485
39628357142318637 -3880.595492035039 -996.5002535617228 1797.641605101483
39628346073548034 -3498.7030845413833 -836.3328685804601 1586.9942199926563
39628373672068152 -3426.391657472475 -1002.844580287736 1659.0100240933214
39628346107102448 -3968.8345611378095 -1108.389317906785 1819.3516973934802
39628357163289261 -2847.70644716833 -801.9904237748717 1330.2420407061193
39628384573066813 -3707.4438078928124 -903.1160925740999 1823.710283639921
39628357142318463 -3130.9870301894102 -803.5398255687765 1450.932950120863
39628390050825629 -3094.388307255124 -830.7015478651185 1549.9885900009954
39628340537069874 -2700.424370707524 -665.1159052623402 1204.0347107842772
39628340537069870 -2865.2910503632647 -705.7171676614705 1278.3885031454008
39628346073547794 -3093.891774642038 -738.7238433982976 1403.2164848205364
39628335008975853 -2837.5033301890016 -781.3805579915561 1270.6520660878282
39628335008976230 -3443.999856599746 -949.9180113808565 1543.4856381015563
39628335008976277 -3444.223963533683 -950.1164726422238 1543.6960961147295
39628334996394462 -2682.9897648627375 -701.2260441760404 1186.7376405380928
39628340562233517 -3959.8181225109374 -1089.186518812847 1776.5692390205181
39628335008976093 -3519.445472208126 -970.2034467588109 1576.3123537778647
39628340537068420 -2781.8557076466996 -681.3257218140575 1243.8671899392205
39628373646902021 -3810.304832666142 -994.4919385735486 1827.6790903629067
39628346073548451 -3948.44094648209 -945.837914726119 1791.4602801992073
39628334996394527 -2887.5054772459566 -754.9044554286202 1276.386466731193
39628373655291393 -3763.359238530615 -1024.1534994548495 1819.262167876164
39628368156560681 -2840.8657481249274 -748.2772677728086 1358.8063400546887
39628368169142255 -2860.214659480105 -793.2594518709228 1372.846229288966
39628368169142120 -3734.0952608578414 -1035.1595977284767 1792.1438397747181
39628357154901155 -2900.0041023493254 -788.793584488153 1354.0563322043636
39628368181725868 -3816.612986708212 -1120.398523170571 1825.4516854217786
39628368156561307 -3351.9855209005373 -885.3515824114697 1603.7524730761977
39628368152364348 -3687.00834856505 -945.0446724337455 1758.4890042232648
39628368156561327 -3351.9025054153003 -885.4022697714121 1603.7989915975866
39628379137249484 -3028.9905223058277 -852.406967000705 1481.001511498509
39628384610813917 -2597.1707225278324 -752.5605422416634 1288.4006393282334
39628395482449936 -3290.21422282626 -837.3576007456683 1650.8120856973626
39628335000587055 -3765.3853653416195 -997.3339013499816 1677.5310979284775
39628395482449853 -2657.1481166297717 -676.0009360801943 1333.5842269686627
39628362674606043 -3428.046179775331 -972.5696113702903 1632.826804699268
39628373663678722 -2713.3698954698616 -762.6961332414096 1317.8473501045096
39628395495031346 -3950.873827978769 -1060.3569640250244 1994.7016197153223
39628395482449955 -2423.4166092951577 -616.8236060590891 1219.5501600092678
39628395482450589 -3790.617656466064 -967.3541990180643 1908.0463823190385
39628384585647578 -3532.5146898478115 -911.6718014037509 1746.7776414542739
39628379145635116 -2868.5795426599852 -827.7866222688467 1412.346223409895
39628400914076356 -2879.4796939303997 -741.4681371655525 1461.2879669387164
39628368148170252 -2638.6397727567105 -663.9099109561942 1247.3198019998847
39628400914076578 -3477.5044981394185 -896.1530401260904 1765.328864837121
39628351618419746 -2784.851438338197 -713.7690250620017 1284.0620473281358
39628390042437323 -3378.8987250958726 -874.8906733355325 1683.4890261248975
39628373625931622 -3313.7261696270716 -784.0022433131467 1588.3454465573755
39628400914076587 -3426.286661236327 -882.9763071253105 1737.4934395832731
39628340537070807 -3177.1410554200647 -785.0300646959925 1428.4699247810727
39628373625931638 -2797.4476601922656 -661.9007258160217 1340.79471351173
39628390042437404 -3454.549650340737 -894.8646387892053 1721.7863021432242
39628395482450051 -2702.9229353710293 -688.2118246181129 1356.9954827203399
39628362674606367 -2465.113508406385 -700.1676349051678 1168.7768852920667
39628340537070474 -3563.597797702465 -879.5606815422233 1600.9110525025035
39628384585647072 -2893.8825024569064 -745.1312180484194 1431.1860970594107
39628395482450019 -3337.8988206130293 -849.7951975869695 1675.3496790469455
39628395482449953 -3231.851274286075 -822.5842340009988 1622.040528587484
39628357146510776 -4092.905539813852 -1064.0726639027566 1907.965744568452
39628368152364749 -3608.7323224341626 -926.687320138095 1723.1752785096899
39628373625931558 -3426.6726592858863 -810.5137596413798 1637.8206380511767
39628357146513131 -4059.9214888528095 -1063.9768916855026 1888.127639916693
39628368169143568 -3474.9314590837716 -969.0415427625677 1671.8926695039738
39628357146513109 -2250.706622918536 -589.7997528331475 1046.6718668698793
39628373642708863 -3321.1042352003924 -854.2367329264479 1600.8306102508875
39628384610814304 -3009.326581458018 -873.3251786391658 1495.4175537021908
39628395478258793 -2847.9846714390037 -717.058905805698 1430.7504844216016
39628400914075966 -3425.808146542485 -880.9868888863826 1744.0338536643596
39628400914076227 -2542.1501528306617 -654.2838423717726 1293.3786973344247
39628395478258485 -2859.5082457216763 -719.2281533760746 1436.5506813677298
39628395478258044 -2669.3616408021708 -670.1081926209213 1341.6565644949203
39628362657827002 -2600.90862322437 -681.1460818099363 1228.8046364035426
39628379103695178 -2976.0590635033273 -715.8594890685627 1444.0872943895165
39628400922463303 -2561.1681511765632 -683.6063828865865 1303.6693944833644
39628384577259025 -3459.0283304414233 -856.248730714128 1705.6813257287017
39628340545456273 -3881.6553725786575 -986.199730459403 1732.2758290008899
39628340545456301 -3346.9333248458943 -850.457660428861 1496.4068756887684
39628395490840965 -3113.929048164046 -831.7235164120575 1569.4657050770275
39628340545456388 -3346.246457608431 -850.5323899987172 1495.2613013959292
39628340545456237 -2543.4190856383766 -646.1081534454837 1136.2312059447327
39628340545456138 -2972.8297837938544 -754.9088709857466 1327.9486934239683
39628390034049083 -2529.1693787690765 -628.2447732380615 1257.7390782991831
39628351618419785 -4077.0731207730423 -1045.1170890482722 1879.628150529022
39628351618419944 -2573.346363929596 -659.9719669870387 1186.561745006097
39628384610814216 -3091.7454251706195 -896.9474884121576 1537.0896681371678
39628362653632239 -3331.237701485151 -853.1907502451965 1572.8697345451685
39628362657826276 -2704.4650504927317 -706.13237062372 1280.9603936621597
39628368156558505 -3126.99515229257 -816.3262328633322 1481.5377963647659
39628395503419758 -2861.0576409109563 -797.2864366836174 1441.7940565734305
39628340541261403 -3161.9320477583997 -786.6252480076718 1408.3169875242236
39628390042437609 -2943.020405804834 -763.1875485701923 1466.307904045902
39628379107888052 -4090.822469403518 -996.7808478402533 1982.8039380346952
39628390042437449 -2547.4479424834867 -660.1051564980818 1269.191493074229
39628357163292126 -3703.892973715181 -1052.2220035270875 1727.7890659556053
39628357146512993 -3354.287819904879 -878.6441772589363 1560.956007151345
39628340545458646 -3714.1152109860163 -952.7553890167671 1675.3389626152198
39628379107888047 -3927.326643307504 -956.9333657056751 1903.2733810978189
39628340541261694 -3174.0001738326496 -790.4774868208146 1428.1604957517354
39628368135586597 -3421.446861287239 -804.519718382439 1624.3834983493948
39628368169141726 -3715.554330894955 -1028.3104116479356 1774.1673844566121
