data/coord/ELG_18_clustering_data.ecsv
# %ECSV 1.0
# ---
# datatype:
# - {name: TARGETID, datatype: int64}
# - {name: X, unit: deg, datatype: float64}
# - {name: Y, unit: deg, datatype: float64}
# - {name: Z, unit: deg, datatype: float64}
# schema: astropy-2.0
TARGETID X Y Z
[from data line 8955]
39633411337357459 46.01476006717853 -1959.5771390383654 3671.6738081563085
39633411337357511 43.98930479095839 -1863.5155591350758 3490.6079742878924
39633419772102067 61.670327799948545 -1924.9286130856242 3731.1436274685393
39633411328967708 4.128605826693596 -2125.9383796015 4008.373819783284
39633414143344782 -66.86198795458448 -1601.8470700930034 3061.5966542506317
39633416949336560 -66.75877083265547 -1600.2967203681758 3061.16924835512
39633411345748389 75.36840567818503 -1649.6324593878235 3099.8191441910303
39633411345748055 85.41774441275193 -1897.2916152243702 3580.7370270748097
39633411345748041 74.26572256455894 -1650.2414649540185 3113.7294304796233
39633414143348200 -66.25220605524255 -1945.785594963138 3711.2352683564027
39633411324773968 -12.839411613905689 -2010.0382827150763 3790.7060696000676
39633411324774082 -8.474548459875363 -1367.0985621870254 2580.7689323497507
39633411324774096 -8.972968774568628 -1453.2793746705777 2743.3654982183652
39633411324774183 -8.640954112733906 -1435.7540141779127 2708.9383327997784
39633411345744990 53.08053671650671 -1363.6768752516282 2578.496284309025
39633414139154092 -59.90586612527054 -1414.724957721475 2705.364069980097
39633402671926502 -44.18650775951074 -1518.8769007122257 2779.5401399253697
39633411320581985 -15.229063230625838 -1463.6138394188326 2764.2911598637857
39633430673098918 7.424486282216942 -1566.6503734691157 3188.1458748161044
39633414155930611 -15.474961656034553 -1791.7673310307086 3400.6803940365953
39633402671926286 -48.47722059494264 -1640.1086976598804 3001.8252017290242
39633416945140136 -96.18796804523703 -1721.4754252395967 3327.4542526286746
39633416945141436 -80.73398522318912 -1516.517281395188 2918.8198364217096
39633416982892311 60.233635853867085 -1626.2208504824432 3128.7021781529097
39633411345744815 64.38304892559297 -1665.3067168855375 3142.418491512298
39633430673097643 3.591068983539447 -1770.831046812558 3599.471936384347
39633425249862854 -64.98410584602905 -1825.3111313851439 3629.3125709207598
39633411324772979 -13.62409867325368 -1669.3266771017338 3140.937747084005
39633411324773058 -15.473179536804093 -1930.307751102006 3626.199632908119
39633419734352891 -101.99119134380307 -1850.79789926118 3587.4269876107305
39633405578578632 -23.02059790340547 -1353.1813826252949 2484.9021734447565
39633408460066283 -27.02355476952093 -1798.7642680174943 3348.9415846476163
39633414155930482 -16.588989983977093 -1870.0480040769528 3549.3716151377275
39633427971965050 -33.366037313844835 -1384.6112408909553 2783.3333864739952
39633433340677931 -1.8333696667903883 -1778.6110924329648 3627.1102885361643
39633414168514091 43.188712372043916 -1953.4332172302795 3722.472877267901
39633427963577086 -68.76578589769088 -1623.2045636618093 3259.4453507702096
39633427984548902 11.669083912934628 -1586.2913997025498 3193.1225967439077
39633419751133290 -21.481146042589298 -2010.5179721285215 3898.7043306390988
39633414168513411 37.8655693297255 -1836.9311083914813 3490.1612519798973
39633433340677980 -1.5956830715177386 -1707.1952435951862 3492.982485554266
39633433340677876 -1.9206875355163597 -1692.4016841690939 3451.8538463003933
39633427976160127 -20.61393744877173 -1631.894470453125 3280.984714204459
39633422527759436 11.37386528075324 -1533.6825592382393 3013.493298077845
39633427976159970 -14.920716383944633 -1143.5114694904066 2300.5298943691655
39633427976160043 -16.768454771130877 -1300.9840876734233 2617.427542872588
39633422531953192 26.560239092090136 -1721.722890828946 3394.021883451793
39633416957724006 -34.83365686224161 -1346.5823046838157 2581.2710936251383
39633430668904004 -8.934803553264775 -1331.2001978751875 2703.4331342952746
39633411303801669 -105.19493282531764 -1958.0618427332438 3694.5130632795513
39633419772101759 50.125624616554234 -1603.6868745925706 3122.3265501953533
39633416982892070 52.952647507788534 -1451.6640966396808 2776.1748696489244
39633411333163081 29.369720473212904 -2163.0109109802765 4084.9064296579427
39633416945141817 -106.3634831761384 -2030.534251288911 3904.0005774909046
39633416978694952 36.85977661067296 -1807.5841165288814 3458.6971003261315
39633408481037706 61.19194726762985 -2045.0849001392749 3810.427552586157
39633422536149859 45.2192164749209 -1501.3959918103517 2953.584398196426
39633408481037890 63.11264227300741 -2088.9307047421107 3891.5450435286702
39633419751130252 -20.246386221913465 -1182.6011048994915 2285.0382452896824
39633416970309123 10.74800675198532 -1303.4625369581486 2506.0658549091354
39633419746936993 -31.973271628249282 -1339.7571648533826 2603.506037911395
39633411337357572 33.23247049712942 -1399.1569707341162 2619.586360822227
39633408451676830 -73.34670245484065 -2067.257704135021 3835.5875411525744
39633430664708420 -24.32595434216745 -1287.8678259286012 2603.6850740175387
39633422544537279 93.3075747033426 -1997.4434695992252 3906.6940156512674
39633411324775573 -4.659835715271518 -1370.9924375758665 2580.0138543374
39633419763712704 16.206508651411312 -1474.3144002508327 2852.1601768733685
39633425258252876 -20.80698891103644 -1498.4832508251443 2988.9177531732003
39633425258252874 -20.807383375284363 -1498.3479584998727 2988.9075819056598
39633414155930634 -11.95694708380767 -1391.1476879437187 2648.370107888574
39633427971968669 -31.538107648063743 -1942.1352563180012 3902.447643313519
39633422536150224 41.20433224493976 -1329.5402067296575 2617.838853509299
39633422536150295 47.30856240355171 -1518.5494277410114 2990.135445180305
39633411320578131 -34.909955809936605 -1901.6427338685698 3592.6885997836343
39633427976159972 -25.579252595648814 -1960.6070958333548 3942.061374944769
39633433344869859 5.5858894463895545 -1896.2927834583388 3867.846549910672
39633433344869886 4.961411705558656 -1660.3498069985449 3386.051076639928
39633430677292304 24.046832504050993 -1901.387621118858 3842.5990650160466
39633427984550611 17.299517331302688 -1486.8706786756225 2991.243611861607
39633433344869992 4.141653173586742 -1295.4271069788927 2641.5364543342034
39633419763712925 21.01361685765047 -1824.8369514474375 3530.578401759591
39633411324773333 -9.741498989688306 -1300.5246788151167 2442.358798171718
39633430668903830 -11.019337551605673 -1552.3201091420613 3153.9542453763574
39633411324773818 -9.97591683131044 -1506.4085675395356 2842.0992398158
39633419738547658 -70.87215325540103 -1610.5037661566037 3127.4760644509975
39633422523567663 7.921852940715605 -2064.1947221498167 4046.6988557906643
39633414164318908 17.131317287365455 -1643.9598421317335 3140.393982836185
39633411324773246 -13.821563036320754 -1801.2984661315309 3385.3464671352917
39633425249861881 -72.66196430241843 -1916.5104070224388 3803.1461080751533
39633422544536938 64.44871328523347 -1400.5439430326958 2757.954963057593
39633430664708774 -30.50163572903399 -1677.6060321053942 3391.2506747907782
39633416978695141 33.99794928697712 -1640.2428174328568 3137.5814908232305
39633411303801781 -108.44562849712874 -2027.183553911354 3824.57608743298
39633430660514287 -41.2947188942959 -1463.559933738886 2973.661500346391
39633422536149721 41.55296702300912 -1392.477780675999 2737.535284323726
39633419763713551 16.256525712792786 -1254.4456496812809 2435.3542762886445
39633433336480340 -36.81207552744577 -2000.9965141537098 4103.454579718508
39633430656321732 -69.03521953120243 -2022.9264235243054 4120.3582870000155
39633433336481113 -24.690147755723114 -1501.8330512545947 3082.665440234555
39633416957722844 -56.980375925375576 -2041.0913214868956 3903.119499041315
39633425283419442 57.113040187744346 -1230.7007524528124 2431.6281924793975
39633425283419468 57.21010127116034 -1230.8884240037428 2431.8863255886326
39633430673097757 3.670303790429353 -1605.2119766866142 3264.5747503372527
39633430660518123 -32.87102096189223 -1660.6125092658883 3354.828493637392
39633405595357728 32.847666481005405 -1476.3599672872815 2709.4134826311642
39633416953530648 -52.33474529073281 -1586.5090621989627 3035.49685364499
39633419767907347 31.118386102579944 -1477.0527252843974 2872.1477722332666
39633425283419333 63.820585530570135 -1383.3581087294065 2733.0953907665153
39633416957722888 -59.54404431646056 -2137.6593195122064 4090.041952727334
39633430660518074 -34.47748159470826 -1732.6572847792484 3502.094507481084
39633425266640325 5.511045703059649 -1625.0092077785187 3233.18246531799
39633430681486982 26.723207723921412 -1136.8446619604647 2296.6869392063036
39633416949336254 -89.61597261289023 -2117.997675792251 4052.227570812043
39633414139151161 -87.68942678268195 -1772.342550540826 3388.8206325972706
39633414139151029 -78.49218101628797 -1577.6956554189876 3017.80375943309
39633416978694701 37.15885578439021 -1872.8172121162117 3583.0991777214467
39633419742744720 -42.29139470438515 -1474.9507482043923 2870.2420169804595
39633402671926409 -44.416785384775935 -1516.908596650742 2777.554834270166
39633416945143342 -100.33171474307466 -2039.2828060951128 3902.702866986062
39633419730161100 -87.07911996891868 -1476.2562736206473 2857.676156675219
39633411303801792 -76.87341811933749 -1437.5211702826412 2713.3225426147496
39633416982891745 50.61799784746785 -1415.3355733949395 2707.5195800487413
39633416974502300 22.493499395023242 -1462.6226663358486 2798.778691725581
39633422536149714 44.85373170687367 -1503.4580319496245 2957.153762149016
39633433336480187 -28.214578658933203 -1503.7653840933292 3082.6304115350003
39633427971967747 -26.68474226208308 -1459.7057731291632 2942.0131433546912
39633416970308851 12.861390214992948 -1697.5661719161424 3249.3423607450045
39633405578578380 -24.89615139401307 -1417.9339439970374 2604.468347615144
39633405578578451 -34.20060061692909 -1966.402274715535 3610.031613727919
39633430660517672 -34.00776731000204 -1635.5035768513048 3327.2543057233506
39633427980355335 -1.0387686066485609 -1268.309895985096 2544.8312743381407
39633433336483591 -18.69133544623537 -1784.7254713262562 3662.338775670493
39633430673099029 8.98539982179535 -1819.4601180197437 3704.6881865101623
39633408489423248 86.40684660830719 -2064.4158407126733 3853.8440710860355
39633433336481613 -23.988407310089126 -1599.6281289582726 3275.7719236525977
39633433336481623 -24.62941024334338 -1644.6436918428599 3370.8333873618985
39633419730160895 -93.17684754662811 -1567.7877652657312 3034.876849451696
39633430673099136 8.061631686276998 -1553.354633232014 3162.72319196638
39633416982890163 54.370876922691615 -1688.9529884481583 3241.246181723219
39633411345745135 56.85670416564485 -1452.3542616937584 2745.883809097164
39633419734352460 -107.47041150221841 -1927.9243258560066 3738.9778891607716
39633408447480933 -65.13930349903602 -1360.1510553062024 2535.1526684605933
39633430660517312 -42.42176335392062 -1966.1523344868924 3990.3470864083506
39633402676120170 -32.01162612275534 -1477.812804650584 2689.256328117667
39633430673097879 3.4322559370023313 -1350.3775721037061 2743.4719813061447
39633414143348044 -62.0327853319673 -1805.939157789978 3446.355170091782
39633433344869059 1.5859884101866066 -1224.5651922930006 2508.8302010229263
39633433336481569 -24.8854247083888 -1645.5287284615506 3372.0924342907674
39633430668906464 -3.831492335183513 -1766.3779268904111 3601.6174263831654
39633408460065724 -23.272036550674958 -1426.1561364994598 2667.835182758132
39633425262448216 -2.566677824214641 -1704.0622466417265 3374.5635338101024
39633425258253405 -21.849913286618634 -1717.254476468483 3409.4171716197875
39633414160123921 -1.0695318673112513 -1270.6396861860526 2425.2017595869825
39633422506791058 -46.810107169623286 -1395.258657260361 2744.176730747291
39633433344868979 1.5324442204972593 -1366.4702227963646 2800.136424923907
39633433336483317 -18.942458069355663 -1709.487198476377 3508.192187675366
39633422523566043 0.07565147833467481 -1226.4550952304414 2399.20280124903
39633416957727654 -30.917750355505035 -1619.1717351874865 3096.426652245083
39633402671926320 -46.51405477523127 -1578.0992732604748 2890.744821805623
39633433340675637 -8.905469608424081 -1456.1967754512186 2980.879877116171
39633433336482652 -21.010796547606258 -1649.034871121049 3381.8117755357416
39633430656323642 -51.035373426282504 -1714.8135734870161 3481.4247966187495
39633416940947976 -128.2916748440716 -2103.728967972862 4044.499522875921
39633419734353070 -81.85277635201864 -1492.2210760848782 2899.816204096188
39633425249863679 -53.024449390291494 -1586.3047443103148 3149.353544177925
39633408460065652 -27.21677997117912 -1649.819987895116 3055.691713993881
39633405586968050 3.4198202682264145 -1659.56129063851 3057.3856001260115
39633414168513483 44.746748964900576 -2156.3966392602806 4096.89073778392
39633402680314076 -21.4126297597053 -1572.803162870326 2869.4401678071913
39633422523567416 6.4779377240476 -1970.782297607793 3862.433318553214
39633414160124925 1.9176129466624712 -1497.7812512445844 2858.9946769799667
39633422523567453 6.396921259224217 -1906.5574939756057 3737.1481186218743
39633414160124821 1.8884694805595261 -1761.7443034919797 3363.269371507037
39633422531956891 32.46934156266807 -1422.1839599851487 2781.4591590907307
39633416982890264 62.79389535144591 -1938.8412771680391 3737.9581272451956
39633416982890144 60.346751261006666 -1877.0785700870447 3619.350040580747
39633416945139959 -104.28250076425445 -1855.976602044215 3586.9046020118635
39633411320578913 -20.96433690045432 -1263.7410218112495 2377.827201080777
39633411320579006 -35.36253908856984 -2155.5227103829898 4056.923394315715
39633411320579022 -25.37169722329179 -1549.1107150251055 2915.132701301462
39633425279222701 52.80516468443603 -1712.2004054367014 3400.092483796462
39633411320579159 -31.484075464798984 -1958.9166173735746 3688.0401420090584
39633411320579295 -24.091663750440993 -1533.0510868657977 2885.9880135056396
39633405595356863 39.877799269426006 -1920.2032659618376 3555.6601421387045
39633427963576804 -65.36890568398549 -1523.5761825659447 3050.031338471193
39633427963576527 -61.48536958183194 -1415.0828794525637 2832.8905414669075
39633427963576521 -71.42278414193397 -1643.3154504274883 3289.9095768102125
39633422544535726 86.8406705115357 -2002.8425536032853 3915.6463623716036
39633408476841047 32.554601433048106 -2054.677910889659 3818.6610942770126
39633427963576422 -55.835008405271324 -1280.1151283222569 2561.2794162231307
39633402671926154 -40.87223114045258 -1368.4595689950734 2502.64575119206
39633402671926543 -61.93363863512472 -2135.8591960792173 3882.1530106638656
39633402680312729 -26.514938234111934 -1634.0660715610127 2971.6828849184444
39633402671926312 -52.19275681214155 -1769.5427324503637 3234.517320225848
39633425266642102 15.369183758067365 -2031.4409783046824 4035.1578198972
39633402680312652 -34.43734846615128 -2099.955007399444 3822.5599427732313
39633427984550540 22.92826087851726 -2002.6816691846718 4028.4889604982077
39633425258253254 -16.428969353107636 -1255.7340603609105 2489.2208714991352
39633419759518135 1.7206635019962435 -1716.5802346211262 3333.5495000300534
39633427971965191 -41.44179960911534 -1748.9459674322193 3503.464637167794
39633430656321766 -52.08530939129907 -1529.6108834438212 3114.384402538198
39633416974500099 13.685113084452594 -1377.2583563775827 2634.740175413056
39633419767907244 40.604011091998494 -1947.4811362805685 3784.858115499248
39633416961918946 -29.39077988467641 -1907.2287453742838 3649.1377756225834
39633430660518124 -25.911930988143023 -1309.0587750108918 2663.0768084089514
39633408451674987 -80.85080092223461 -2045.8220556962633 3792.3104304172803
39633405595357275 39.73693411315523 -1846.6283447856108 3418.684526926728
39633399761079311 3.1055893408112407 -1384.6355225769041 2501.597959713559
39633422523566940 2.9972330814550157 -1392.5124492130874 2722.077216882081
39633422523566752 2.7430182722371863 -1634.9676562935238 3196.659711233502
39633422523566745 2.1105133517818886 -1265.8705350643868 2475.7180555085915
39633399756883783 -16.428782029235574 -1788.0833295297148 3227.962824605342
