data/coord/ELG_17_clustering_data.ecsv
# %ECSV 1.0
# ---
# datatype:
# - {name: TARGETID, datatype: int64}
# - {name: X, unit: deg, datatype: float64}
# - {name: Y, unit: deg, datatype: float64}
# - {name: Z, unit: deg, datatype: float64}
# schema: astropy-2.0
TARGETID X Y Z
[from data line 12597]
39627794358995092 -3775.9010759010794 -2555.9704600815485 11.757167000493789
39627794358995336 -3072.7768394450177 -2080.9596233721068 10.373252622850972
39627794333828106 -2734.0526964516307 -1745.0103080701454 12.385608564747717
39627782266816729 -3270.7893469648984 -2154.410946780678 -23.508784445250484
39627800373628586 -3007.990662854896 -1931.4374518693608 27.622950790983953
39627746015445755 -3270.009257828151 -2086.15280500257 -125.04652360379724
39627746032224541 -3377.8744943320744 -2244.965160380119 -117.0966311787578
39627764118061973 -2851.9138758081403 -1751.237840167068 -55.889158981527736
39627776193465707 -3363.8075006534436 -2053.7881502702257 -33.85753577307821
39627758111820688 -2411.8767068443544 -1604.028258370202 -68.34194878075652
39627752038470487 -2687.850744584678 -1661.3662096517182 -76.84888605823991
39627770187221081 -2727.461314698286 -1793.9040443532476 -47.56644999616358
39627764134843230 -3229.8366208458788 -2074.911491259827 -71.75130066854398
39627752072022014 -2817.520018900323 -1870.8368902627183 -88.14334802581064
39627794321245515 -2755.8663817257698 -1710.1942764248456 13.959891331805798
39627800373627993 -2973.066317499188 -1906.821318313977 35.425136971601745
39627752038468517 -2769.9266106396144 -1706.023621650849 -79.36309218975461
39627746011253830 -2468.994093026722 -1567.5694946591432 -87.16697712584342
39627758086652312 -2606.2435300677657 -1629.8323672169472 -63.078410437697826
39627746011253075 -2974.4213189930942 -1885.6053546872342 -110.14262806545274
39627782275206565 -3431.685684058316 -2305.982326250398 -24.550044801444045
39627788306616884 -3585.9569563832433 -2371.4970132357557 -3.181888777927886
39627800373625588 -2696.945910218639 -1721.055659976293 22.70881913809997
39627776193464314 -3529.700517219908 -2149.317612314475 -43.65878777700401
39627739988233482 -3881.886798880507 -2560.568169506923 -155.47577803113927
39627794321245643 -3168.65439765924 -1966.862038947578 15.652307783676974
39627788294031605 -2329.776300755229 -1489.5346844968137 5.0484644672292776
39627739988232838 -2841.717330720896 -1872.505449670472 -113.07224301739204
39627794321245728 -2525.4926508222106 -1567.8900702166143 11.836868913873612
39627788285644622 -2913.203836963245 -1831.7005923826885 1.6477200559217946
39627800373625689 -3020.004329635862 -1927.6974813441561 24.649396335853876
39627739967259443 -3319.8435188906506 -2077.3928690176685 -132.26112822696533
39627770174637534 -3689.421076127519 -2356.696343032148 -60.87856132153362
39627739967259563 -2948.7378628298 -1845.557227159845 -116.95458448580614
39627788310810744 -3288.274423501849 -2192.5969388270696 2.794346314228056
39627788310807913 -3170.441545667718 -2103.5360937441574 -3.4108118777688254
39627782266817041 -3368.5379672584804 -2220.136190104452 -24.27776710799965
39627770187225335 -3200.676831561971 -2118.0162200979257 -45.23274897596436
39627746032224724 -2452.320785775925 -1630.329780750918 -85.4922790465736
39627776227020524 -3069.294962444054 -2026.4737326010938 -24.15325449275737
39627782254234509 -3846.258408226102 -2463.193212474908 -29.015373813314127
39627788319195643 -3724.868601701332 -2514.061307496153 0.31661814360237855
39627794321246067 -2525.724407366382 -1569.00100810999 12.063165660727474
39627752038469356 -2977.825728708503 -1836.808199197829 -88.00197182636614
39627788319195748 -2857.9683398455513 -1929.223352916013 0.23608261168856778
39627770178830496 -3756.2803274241974 -2416.7360385032307 -50.30926463316797
39627770178830597 -2472.7504433298463 -1591.2257160259448 -33.251743208638565
39627739967260057 -2987.1311906508176 -1871.3636902893554 -119.65070472408078
39627776214437304 -3256.600397687058 -2086.645429355522 -25.386290998836394
39627739967258848 -2050.161132371266 -1281.4886564814765 -80.4977746062483
39627806413425913 -2368.0645427904974 -1515.7517148295444 36.71844705218874
39627782258428467 -2261.169275673306 -1461.7353845945731 -8.777041800113174
39627800373627974 -3419.4899756148175 -2193.053126042235 41.32102281570831
39627782258429501 -3504.0073052055286 -2270.0805422776307 -17.02609443209499
39627758120207302 -3331.251475405184 -2250.7638647179556 -93.86452382453082
39627764143232430 -3861.30746413767 -2529.949811988731 -85.04022887995198
39627758120207547 -2968.5245222206026 -2006.4301102702648 -83.56173953045169
39627764118063194 -3335.760366759331 -2054.1308766757184 -63.333677003666814
39627739971455447 -3879.4018330940507 -2459.7321679104343 -151.6883091480186
39627739984036193 -2613.687324358842 -1698.1343312293625 -114.97018931922969
39627739963068697 -2404.7666996782204 -1500.0846480489681 -93.07802766745962
39627739963068778 -2404.7769315445307 -1500.4869756192913 -93.56708060596726
39627800373627907 -3773.2944523042875 -2419.6999693745083 46.96108596553844
39627752038468898 -3449.9750066546876 -2126.332583942913 -105.28640744001545
39627752038468371 -2769.8959250786156 -1705.5808150955793 -84.27854744379253
39627733935853671 -3841.9242563803723 -2467.4692261503824 -170.65023575299108
39627733935853606 -2451.780458632423 -1574.4290017212213 -109.42910452890928
39627752038468446 -3822.0385659630683 -2353.738515172366 -119.46492163199619
39627776218629421 -3249.004042472688 -2095.2642473451174 -31.004158833880386
39627776210244342 -3422.694748347487 -2178.4050527179543 -36.274899221202375
39627776210244290 -2774.635330758761 -1765.8079620097112 -29.396086594280586
39627776218630937 -3229.2244770505004 -2088.5268818464265 -27.075939584322164
39627776218630944 -3230.9129891449284 -2089.6477415652134 -27.125612657501815
39627752038470561 -3017.753163418778 -1865.5138108113392 -91.67951894424492
39627776218630147 -3215.798146580966 -2076.6345307701604 -32.13363309461703
39627812457415801 -3816.112106581961 -2459.419287977103 77.80022975848519
39627794358993766 -3003.9991580384412 -2029.039200795382 17.846225702428946
39627782233264693 -2346.805941688314 -1437.7882149946827 -15.945840045072144
39627739979844823 -2809.069790120025 -1816.6164174042947 -116.41733662091256
39627782271012597 -2586.3783357311195 -1721.9416876114658 -12.77494482428372
39627800377819816 -3177.130508829986 -2045.4279881607804 36.036720820753004
39627806409231459 -2361.9905909228705 -1498.0540167456484 34.376034310287395
39627806409231271 -2992.04069257734 -1897.0668854757214 43.02953672765254
39627800373627453 -2022.9505728810577 -1296.0109729491091 20.9689626265809
39627776206046561 -2998.3616364575137 -1878.2016696667647 -30.29352601970024
39627782279401712 -2371.793185490601 -1610.2596559726687 -10.589998332558523
39627788319198437 -3805.4259177089675 -2579.936474194067 4.38228807352126
39627776206046415 -2810.750023209315 -1760.1337071879873 -28.036594058345226
39627782279402045 -2951.100460815721 -2004.542853378672 -13.687071649354102
39627770191413442 -3052.7972799100444 -2020.906244545209 -50.416320436804675
39627764134843417 -3037.295288783693 -1951.8895618527847 -66.45405610447347
39627788319195498 -2478.357858521292 -1672.4305958986383 1.179226982143208
39627764134843667 -3039.1918244260846 -1954.005098572375 -66.14654190535126
39627764134841545 -3019.138183440507 -1933.658494149028 -61.45789634943112
39627806421812557 -3343.777380242968 -2175.791335188212 49.071951128390815
39627758111820314 -2635.0582611763475 -1751.168023605388 -74.14909113118586
39627788319195344 -3660.038392761357 -2469.299862983028 2.1340909918712465
39627764134841528 -2715.8778794551176 -1739.3771339626503 -56.04597878982551
39627764134843823 -3735.2460841114953 -2402.270557719682 -81.6871917415876
39627794333829644 -3707.928799519365 -2372.6309842527994 17.855876657671452
39627794333830262 -3091.9914611984623 -1980.657482507255 14.202163646453949
39627764118062697 -2782.7758700002214 -1711.73636299507 -63.92353352331327
39627770203996941 -2919.7066297966194 -1990.6750367232141 -40.51187658401208
39627806405039817 -2517.6424447345107 -1587.7549979579287 35.17839694041846
39627806405039973 -2365.517819547317 -1492.2485756394328 33.026686854525536
39627782245847065 -3871.19351482695 -2434.9131661275856 -24.037947465230715
39627806405039089 -2450.147465750327 -1543.2284003954474 34.726925682573004
39627788319195611 -2752.249840658276 -1857.5116369303103 0.7788055960958584
39627788319198409 -3177.557501562818 -2154.168174057696 3.686792618885138
39627788319198339 -3824.6643989070035 -2592.489911549097 4.431062128922418
39627770174641136 -2953.2904578267276 -1898.6247809292759 -44.79148707655702
39627806421816065 -2372.1710100897626 -1551.3360546051824 35.15740071612565
39627770174640961 -2576.4890493044686 -1655.8415247078985 -38.589364707382686
39627770170446012 -2525.0510665401384 -1604.8599634028687 -37.44231597747641
39627770187222406 -2360.5888783688674 -1555.5746659645035 -33.28591608287748
39627746011252841 -2517.809313683197 -1595.3854251331736 -96.56279707903568
39627739971455079 -3157.0488237720465 -2000.5051601545679 -124.73529116613479
39627770187225215 -2995.5717268511157 -1981.9097880545967 -50.0784805040419
39627770187225129 -2984.5739202245154 -1974.404178056364 -50.793524379784785
39627800365237777 -2527.4761602248946 -1584.1949189457816 24.450371550645126
39627800365237698 -2514.690572964921 -1575.9601778309636 24.374595746931355
39627788315005850 -3717.7625744439915 -2501.4888015899833 0.21451271352928547
39627770187225256 -2997.242961097036 -1983.1152294755695 -50.036782895912744
39627758082457730 -2847.4852153214847 -1762.3963549101697 -75.86831805379434
39627812457415608 -2475.1825118033953 -1594.6693960026182 50.21080407377926
39627758082457938 -3063.1449335202437 -1896.658581817877 -81.48496761285895
39627770174640461 -3668.264393279052 -2355.325719052582 -51.16765863988303
39627770174640365 -3890.4306168886214 -2497.472415436117 -54.06350595809623
39627812457418691 -3293.591193969332 -2133.282357306344 62.57842262165714
39627800373626755 -2923.0573848834442 -1870.1619984357844 27.157380898498236
39627739967260553 -3053.66784178538 -1914.6881615757045 -119.95909972391256
39627776214438360 -2726.0114764620375 -1749.8427465667141 -21.554171470646022
39627746007058313 -3472.276331337191 -2177.9759870813323 -122.24140901225985
39627788319200294 -2935.5960154634467 -1996.5106515190378 -3.536087449853606
39627788319200189 -2422.192898598954 -1647.0581388566345 -2.692391349016487
39627788319200290 -3139.8932534376795 -2135.4311350408475 -3.90104740401398
39627806409228943 -3269.798565677998 -2065.3157587644123 54.22846424721923
39627776193463841 -3250.0880548088953 -1977.5744428334554 -40.67051690942057
39627806409228563 -3838.1974001594726 -2422.7436253595592 65.60860883120233
39627770174641233 -3778.9987066752383 -2429.946476658049 -55.088340099978346
39627806417622742 -3155.594245066594 -2047.773353803419 42.68554539040137
39627739967260078 -3165.89669324593 -1983.4245849521335 -126.0487932652543
39627812457419039 -2684.4596283140495 -1739.7812718697107 50.367551292992324
39627788319199968 -2935.8649555754355 -1995.598788852193 -4.209021379023311
39627794358995565 -2172.803510078943 -1472.1019492127025 7.4335845238306595
39627776243797627 -3103.6780119168675 -2124.734829154628 -24.62364472598066
39627739988230619 -3225.659934030942 -2116.622386746395 -142.11725424437478
39627788315006609 -2169.670161063257 -1461.60055183387 4.752790533908099
39627782258427286 -3262.4766772180446 -2104.1622703973862 -12.247069272444516
39627782258427186 -2678.105163649365 -1726.9468962102237 -10.077527271453267
39627739967263613 -3746.6446531223287 -2362.444528784289 -152.92503132948988
39627776206046928 -2444.180359506835 -1532.1217018190944 -24.577035296545564
39627788298227579 -2949.7452893311543 -1912.0970918519909 6.283227611952862
39627788298227504 -2729.8556981662105 -1769.2652690408795 5.679881171266234
39627782279402046 -2670.5938638639436 -1814.0096330749147 -12.88925245619897
39627794350609899 -2398.0407499089124 -1601.4400444454336 10.673547010065752
39627788310809053 -2872.218305581401 -1909.5201102098786 -0.02325740375761127
39627788310808868 -3651.305422010097 -2426.6436793570483 0.2602073118339001
39627788310809110 -3237.3755410077847 -2152.514749049019 0.41361142810223683
39627770157859036 -3784.3171098610565 -2319.7118693369516 -62.063607294470444
39627758090847699 -3205.45018763071 -2028.3070056905535 -87.62986250185824
39627746011252176 -3245.4370188760195 -2053.7249739771755 -113.17591290409801
39627776239603354 -3240.6344322828045 -2198.160484125975 -29.242271466322965
39627776206046706 -3929.6338858305103 -2462.2657186152815 -39.77229083305538
39627782254236616 -3819.093314996333 -2454.979971930694 -24.207768776174664
39627794350610112 -2652.3464376845886 -1771.8872119877756 12.000374372853647
39627788294033579 -2452.1023946636515 -1573.3301248513749 5.007549951169466
39627776235405683 -2282.74922320312 -1526.0302959871979 -20.191576933275286
39627752067827478 -2863.9307011518977 -1883.3558419406863 -90.58104564046171
39627782279398879 -3117.266775448447 -2107.1988005436788 -10.720000245819076
39627746023838522 -2675.281698767871 -1750.1675067912292 -91.68629228274743
39627782254233950 -2474.8955671275157 -1583.2919509906242 -18.54849752726187
39627752072023021 -2527.9192762737152 -1681.7234805002201 -73.24783703691575
39627752072023367 -3039.733447175649 -2023.3441885966872 -88.18506006026652
39627752072022878 -3251.9869573738115 -2162.9234043375 -95.67376914641663
39627794338025024 -2732.2625176514393 -1769.6887316650411 13.71705786513099
39627776197660870 -3542.9180214718613 -2189.2691781703215 -41.82336510519166
39627764164198862 -3743.5365832890293 -2550.7480550019445 -73.51241721163426
39627776197660867 -2900.769547548694 -1792.458055859008 -33.832324426812924
39627776197660829 -2903.5487362725876 -1794.0554381077834 -34.04714485900019
39627776197660744 -3377.2949744850107 -2086.4545738220704 -40.038208174900326
39627782279401349 -3114.153262692624 -2113.2424897900837 -8.540940292132191
39627788310808994 -3234.5124053994223 -2150.136617466133 0.4998517387941507
39627794329637682 -3732.820228300401 -2376.9836303000293 11.429538834222546
39627776239602910 -3408.7516704883246 -2310.7685309616036 -37.715107499401775
39627770187224946 -3209.4329512535182 -2122.5684012289817 -43.52918468114869
39627788298227709 -3109.703446433217 -2016.3263578521337 6.281141031379105
39627794329632990 -2854.4717188877453 -1801.6480317653834 14.781866506510953
39627788310809230 -3501.7571477088845 -2328.8241522618987 0.5450359901850556
39627770174638849 -3753.738737103766 -2403.1347945434854 -59.496541948461655
39627788294031626 -3145.5631247810807 -2011.1929762063244 5.112487336559895
39627794329635165 -2478.442804642192 -1570.5995993328536 16.949029963923092
39627800382014628 -3145.1953592860896 -2046.5706232746302 27.310323695311567
39627794354800021 -2751.258895117987 -1842.779347605576 15.703443648793893
39627782279402889 -3114.5654448023765 -2118.0681852299263 -9.227312855864024
39627746032222647 -2753.4144833986143 -1823.8667632361798 -105.95844124546183
39627788315006455 -3693.549694245395 -2487.5095173124105 1.8426292655261975
39627782279399133 -3118.218761787794 -2108.7010753296336 -10.860717924241026
39627788319200869 -2780.592715729747 -1892.7866912248362 -1.8106020502901663
39627794358995395 -2397.0145602668995 -1623.4838604577276 9.826624441023656
39627794358995345 -2757.6370091684325 -1867.566079809186 10.558486352608172
39627776218629071 -2969.1198939054757 -1913.3109494418768 -26.668516199675835
39627758120211381 -2608.9102506436147 -1775.4929140848938 -68.48757138887999
39627764164201068 -2616.882825266661 -1789.5452015369603 -49.01737413367986
39627764164200878 -2785.58727621773 -1904.3165748410943 -51.84473194058178
39627794350608098 -3623.360932970001 -2412.8715165241274 12.41265806334168
39627752038467010 -2756.6800952884287 -1693.431047735724 -77.91871938681747
39627788319199294 -2653.410762814785 -1801.4089883925 -2.6665405752365294
