data/coord/ELG_11_clustering_data.ecsv
# %ECSV 1.0
# ---
# datatype:
# - {name: TARGETID, datatype: int64}
# - {name: X, unit: deg, datatype: float64}
# - {name: Y, unit: deg, datatype: float64}
# - {name: Z, unit: deg, datatype: float64}
# schema: astropy-2.0
TARGETID X Y Z
[from data line 5731]
39633308396553041 -1293.7088138978393 -2340.6475558983375 3678.223552308327
39633329376462709 -1121.6602281792982 -2043.7137030657077 3407.0263094637207
39633336192205718 -899.56000966399 -1602.9345428410916 2723.3945737467966
39633318999753815 -1109.9022955417572 -2190.4366176277804 3470.6048526824616
39633339572815762 -794.8490124764223 -1441.3168122051939 2456.0596125166767
39633311957517419 -935.6044748661615 -1788.9082503024947 2809.249377339595
39633325966495638 -1118.9912812244993 -2403.8671873182097 3820.791963684035
39633332832570798 -1098.6933110877596 -2347.8784624184273 3809.068465585211
39633322485222271 -798.5738360095121 -1579.886334784222 2535.874617068063
39633304831397386 -1044.8072041119756 -1981.1744684440876 3053.8244470589016
39633308396553077 -1140.9376308750016 -2064.4969117040664 3239.2218095402322
39633318987170593 -897.6853695005099 -1674.8654655698538 2697.713053135292
39633315493316421 -1011.2594881478243 -2001.0752168640631 3151.3759235411053
39633311957517321 -1032.5125668520411 -1973.3562035485995 3081.4045019917075
39633311957517295 -957.8563432008355 -1830.4774791524073 2858.9626497057766
39633336213177967 -796.9910022961922 -1563.1390955549934 2598.7810570025217
39633322460055714 -833.3120810333952 -1473.135852893642 2408.3318338322806
39633336221568340 -940.4529190814677 -1937.2384227988778 3206.393870212886
39633336213178112 -1001.352268980757 -1965.012420918809 3265.6286950354183
39633322460055510 -1159.2764394096953 -2047.69666291295 3350.493618198261
39633336213178160 -796.4985403027406 -1563.3504248873269 2598.949076587104
39633322497802938 -1113.4649663521307 -2308.6690432073433 3660.826852507126
39633308425914804 -1165.876950419255 -2408.722882648922 3679.4464487587475
39633329405822690 -1090.9353996079346 -2264.49196850179 3640.595727442086
39633315489124185 -1042.7314944673824 -2045.8924335969625 3226.900962124833
39633318995558802 -1090.3344920908237 -2106.501259675082 3346.511793149742
39633332811597642 -848.6929757389229 -1635.7350394105372 2711.2397449626746
39633319016532662 -791.6588837682955 -1700.650933317532 2665.1580207064558
39633319016532854 -833.2235916185707 -1791.6934710128453 2805.5734778413052
39633322472638012 -1115.801276092575 -2076.8176605371345 3372.4681812958243
39633319016532573 -636.7996307432608 -1367.467093410888 2142.4553411545303
39633304827202592 -1265.3634492649796 -2354.8124290751853 3649.2758246295807
39633315484926334 -1142.7663346825054 -2166.6299954890774 3444.7231060017452
39633322497803525 -778.0009912867594 -1616.7327672352583 2572.0345212758057
39633315472346232 -906.2025069036237 -1647.2086017767633 2631.179349003466
39633329414210148 -848.2598607750638 -1822.1916595489263 2931.904091625493
39633339593785806 -797.6648355249682 -1577.5071642624323 2644.0829024931713
39633325928746106 -864.0731328975597 -1563.7871463424458 2567.5983247518316
39633339593785768 -1141.5453767669846 -2257.183742309255 3783.1554696781945
39633329368075542 -1144.014363079578 -2022.3192880005308 3372.019883883256
39633336192205280 -741.724544149295 -1318.8366692808363 2239.928875797228
39633336192205208 -847.9728787233948 -1507.1743938270006 2559.649602150078
39633329389046073 -1078.3211218332412 -2079.3402148956525 3406.2522136482626
39633325924549764 -1050.0882639515476 -1849.0707787499812 3061.7027553452176
39633325924549804 -918.828542948706 -1618.1732086328152 2680.2625858374577
39633318982979466 -1072.0349427923122 -1988.3950425843568 3191.810290830303
39633318982979279 -1089.5327383203382 -2019.247344102662 3241.136538191815
39633325932939534 -843.0424836033093 -1546.8656893061689 2534.8293867382026
39633329389045578 -834.5619145750265 -1605.9693452261722 2633.1519846389588
39633304831393864 -927.6802902282607 -1732.204955506387 2690.4102584316197
39633329414210243 -715.0520178782232 -1536.7351585121787 2455.7323312086346
39633329414210466 -978.4150437798836 -2104.8788114782014 3363.6359286131196
39633315484926235 -1090.661417246225 -2066.739240121225 3286.77032175535
39633311944936889 -852.8668382157776 -1562.1464901239788 2462.3081301169045
39633318970394372 -1223.4443710604212 -2136.61992533596 3488.0225193484243
39633308425914773 -886.3730659782336 -1831.0853236202076 2796.046507970599
39633322460055720 -1311.031547796879 -2317.7658534166553 3791.4598261613814
39633308396553501 -759.0892006540986 -1375.8410930356185 2158.068190935133
39633308396553109 -967.0886339566107 -1750.1594887646133 2747.3050172602098
39633308396553197 -1174.5767275431745 -2126.35858679775 3337.976157131473
39633318982978116 -747.9559370137442 -1379.3708355019146 2222.510172028786
39633336221568065 -1044.9971801341533 -2149.6019183284993 3530.835212326289
39633336221567845 -1124.0990741791786 -2309.6790907736668 3796.2219745988627
39633318999753437 -823.1602317307759 -1622.114557098564 2571.910366339737
39633304827202459 -936.903468851727 -1742.3384398201226 2701.6365252437395
39633322485221681 -1145.9059627791514 -2261.6268749660035 3629.241971263843
39633325966495680 -932.8894794148343 -2004.542436340708 3188.176728817338
39633318991365484 -850.5407925001259 -1621.9185156238611 2601.868867124999
39633322489417134 -1157.846391786169 -2344.2957480585615 3745.7636445717803
39633342936647995 -741.2861536410288 -1400.6974674943217 2393.727660769193
39633332803210065 -810.6843797079296 -1513.9857159995943 2521.295881260382
39633322493611176 -894.3494790723843 -1840.9435491249023 2910.132665558779
39633325924548836 -1121.5289206086875 -1966.9694143376707 3253.4076838573174
39633332803210068 -851.1328689691301 -1589.5457090601296 2648.151802560381
39633325924548775 -773.8031791494012 -1356.7821644055637 2244.060214590924
39633329410019374 -749.1497838961715 -1600.7340058232846 2576.748157179025
39633339597982159 -925.4363900029437 -1886.6905355104327 3132.5611252152403
39633332803210311 -1126.5330747204555 -2106.458969128585 3507.058415725126
39633329393239673 -897.966636075196 -1757.2901258976635 2872.1215776060417
39633329393239652 -689.6702221766143 -1349.5284627016945 2205.7935309042637
39633325928746771 -860.415223675258 -1561.492820121582 2568.093338908506
39633325928746822 -860.0681155529364 -1561.1932231519593 2568.187567944148
39633329393239366 -1136.107641578967 -2220.3054147894254 3629.281890785587
39633304843978328 -1005.769002206341 -1996.1303397710772 3045.561404994219
39633329393239320 -812.6617417065964 -1587.935136245705 2596.1761952474835
39633325945521108 -1055.121377026779 -2033.5962379216655 3296.3781461821545
39633336196401199 -793.3244963900496 -1447.2707107035087 2456.2108917381
39633301245264626 -983.512815843817 -1919.3930938185117 2919.038195350929
39633301245264540 -975.6401967291897 -1903.4640444668648 2895.9836310848355
39633301245264419 -1048.1521566839726 -2043.7607464713972 3107.895318673985
39633315484927093 -1126.5293569183314 -2143.7776486685007 3407.2806870012737
39633315493315680 -1186.8581649030527 -2339.8845686198733 3690.8713744274933
39633319003950926 -951.2275709921644 -1934.8880092724114 3054.1132117050274
39633311970103122 -962.1647677527741 -1966.7289785179998 3042.8681817505835
39633319008142493 -841.9543251052447 -1725.4096812921434 2722.52860214923
39633329372268501 -1181.0631978892554 -2114.0174429109725 3522.499857337833
39633311944935674 -991.1940009814866 -1805.8323634976762 2868.9372479007575
39633315489120929 -891.9097508493597 -1724.3944908171381 2727.6346201652577
39633308396556411 -855.2076316746718 -1567.761071165022 2449.4061163402785
39633325937135113 -1131.3312447783517 -2124.5749536057174 3469.4846899559116
39633329410016377 -726.3452703921324 -1532.7507567150758 2468.9752851554667
39633318982976544 -748.4939500070319 -1372.3149819702544 2206.011504576796
39633318982976582 -912.0001578495747 -1672.411308826373 2691.5048082621493
39633315497511110 -1147.6535324608885 -2313.622444772707 3615.9240352670645
39633311957520063 -828.7281986735209 -1603.3700387404745 2508.168856907151
39633319003950790 -860.0419635619021 -1748.1932182074233 2757.866697393172
39633339585399670 -774.9294181907444 -1496.0145771703246 2533.232067570517
39633311949131558 -1091.3923856041686 -2038.1771496806825 3202.652596035737
39633315472346022 -1246.5927594045231 -2264.489030916506 3637.166509147218
39633308396554056 -1252.4881419634385 -2275.65121058921 3578.9621949611264
39633329372269205 -1146.9168301573236 -2059.804776273312 3443.595026087168
39633308396553705 -965.2735938710808 -1751.117190797934 2744.7902110441455
39633322502000256 -680.4508098321994 -1459.9033522038505 2303.97425120004
39633329405821763 -1044.5644616642373 -2159.1379104877974 3494.3328399880747
39633329389045107 -658.6289847832003 -1264.8284594458516 2067.317769948321
39633329389045137 -880.7120954287969 -1691.5824550004975 2765.3536755657533
39633329389044989 -783.3617740223024 -1503.522442075958 2455.6725518110275
39633315484929020 -983.7978725708626 -1889.5425366266952 2993.8578969272894
39633318995561175 -867.3425672882704 -1696.3370451820558 2696.3633500196383
39633332803209843 -752.0731521512437 -1402.8274195552526 2333.429182584431
39633311953323045 -873.0557562589308 -1638.6559206857671 2577.695402799939
39633336208984955 -798.9831411468554 -1549.657879905324 2580.4883766697158
39633311961713466 -942.3837637552524 -1845.6040772520762 2884.613275752952
39633332828374775 -1134.1262967288642 -2358.104255870415 3855.8344197592446
39633329384853292 -822.5078607647234 -1567.064734326614 2575.6905298308266
39633311949128749 -815.5138731677852 -1504.210844217425 2373.6464394619334
39633311961713425 -944.3979706885581 -1849.2541160668736 2888.4599493830915
39633318974590630 -912.5704597807519 -1636.4190323185146 2639.4820805269646
39633318995561182 -866.9700191969126 -1695.6628033630348 2695.3195380377356
39633304843977063 -957.71898795295 -1888.934197243766 2889.2478237323435
39633332828374923 -927.7468697887593 -1930.4732025136893 3155.52999698987
39633329376461458 -864.0470803502049 -1565.2444034895825 2600.5375953244193
39633342940842956 -1127.7379350739564 -2177.833205749825 3688.057809100239
39633311944934969 -1304.4803176591292 -2369.1102091031626 3755.137046882805
39633318995560956 -1126.7705035769538 -2201.4558165960457 3496.4367529324522
39633318995560970 -756.5854846236077 -1478.3473474919099 2348.1658335444117
39633311940739703 -723.3276676997198 -1285.27731431698 2055.041595442591
39633318982976656 -1046.533104666361 -1919.5944587807262 3085.496011085824
39633329401627160 -947.5222663268836 -1918.0297986872731 3116.1384984255806
39633315476541618 -690.7637463167466 -1283.1590487726153 2034.9453119445436
39633339593785384 -660.2548010771113 -1303.4476673207018 2195.9507511398847
39633318978784149 -784.227566399625 -1427.0818031817173 2313.734233645133
39633311949131459 -1121.6482465253957 -2093.7277317882695 3293.375630905323
39633332803210288 -819.2788744940657 -1531.7248288176804 2546.4086979253443
39633329376461515 -1133.8352480894916 -2054.5197319487884 3414.757210885159
39633315468149530 -912.498868546514 -1613.7536691319401 2593.876971208684
39633339597981162 -769.7752319002017 -1561.7060124927157 2596.5286196745856
39633332803210112 -798.1659482405533 -1490.9803989030304 2481.3197370218704
39633339597981495 -774.5130766319395 -1574.1177260000477 2617.012628085115
39633329376460847 -865.1193146628779 -1562.5076286132214 2600.3537842681403
39633311944935647 -1163.763554011133 -2119.953955883333 3352.484440055278
39633336221565374 -893.7938843647943 -1813.1554640767902 3011.060853185014
39633339597981187 -769.4777325329363 -1561.3537414195466 2596.8010956832954
39633319012337648 -793.6710201186805 -1666.0901247121637 2615.6844632291645
39633322472640225 -1032.1450091494096 -1939.0287496306573 3123.078013632204
39633319012338589 -901.2300909449827 -1900.4524395715223 2979.732145422769
39633329401630575 -709.9689508389675 -1461.6540556682662 2368.4873427500966
39633308409135494 -1165.0375805168958 -2218.6947229463613 3434.7959523026116
39633311957518210 -980.6173035746582 -1881.1635294225937 2945.0278419776746
39633318974588383 -728.7979430003777 -1293.378238273696 2106.6221560623694
39633336221565247 -1108.3518905813444 -2246.869259835769 3719.341198027982
39633318974588419 -1252.8711119747431 -2223.7146361451787 3622.259867964197
39633336221565212 -1085.9060388171824 -2200.9832551322525 3641.981724106106
39633336196401022 -1098.9682675378535 -2002.9272247244296 3398.287950220252
39633311957518188 -952.7512674689415 -1827.5646827830699 2860.708450447569
39633332811599222 -919.3731618876946 -1785.1284324907663 2951.510608803523
39633311970103409 -926.428902939023 -1895.8613833097747 2939.0620632403493
39633329384853398 -1083.3013533477563 -2064.9846684126333 3392.4489014577584
39633315468149820 -1159.4755106870068 -2053.128342365613 3299.2175522059115
39633318987172625 -871.9351712153988 -1642.7421305707385 2642.3767148740103
39633318987172524 -1193.8089325623432 -2248.13244267739 3615.2900245223987
39633325966495899 -1017.190684418172 -2188.0181341667526 3471.8594802773987
39633339597981933 -701.9998801294287 -1429.7076311921633 2376.1994606584303
39633322489413963 -1181.9925605268036 -2356.2858798839025 3764.7324068147923
39633339602176058 -572.7056145449872 -1187.2272151052553 1966.6208181265351
39633308417526923 -1109.3558923895241 -2217.3794531342996 3413.011122020756
39633329376462272 -918.7679013066503 -1670.2157506328494 2777.3006099844306
39633339602175961 -754.9351226657993 -1564.298291688286 2590.9669149177685
39633342945035567 -1077.8185008048251 -2101.6970591524596 3564.5307442332564
39633342945034489 -741.5232790232852 -1438.5851638505262 2436.283567307182
39633339602175972 -761.3843864231286 -1577.8083467860292 2612.330218773165
39633339572817133 -849.8130695271901 -1552.41539239043 2646.874587746529
39633339589594985 -916.1387271685485 -1804.2604051047688 3036.1238154411003
39633315484927027 -1161.4733515999128 -2209.522770615548 3514.0638017429515
39633332794818667 -1118.0487663382505 -1984.1716860085667 3330.6711260390766
39633329389045189 -732.0440482850125 -1406.3969424086342 2298.4148504166265
39633339572817031 -849.7119232344112 -1551.48287736217 2646.773366922842
39633332790627872 -1208.7610422876473 -2142.802508061566 3598.810874713356
39633339597981425 -895.2483261539641 -1818.86139948335 3025.904759244691
39633339597982710 -764.4896255958196 -1563.4379956382302 2598.0214893371835
39633342936648367 -900.2905812861326 -1704.5794627982448 2911.5926936868464
39633325924549219 -1220.5485295096876 -2144.035746996764 3543.9991823061755
39633339597983375 -986.0439643824251 -2023.273155421672 3359.402922261075
39633329372269633 -1276.3265541426092 -2297.2997284716043 3833.497593659185
39633339593789294 -876.9899079648048 -1764.1538199928004 2939.3154944941143
39633332815793826 -816.7095610620596 -1618.624405437483 2668.7838315160993
39633329372270110 -1130.7895193242937 -2040.4173097070093 3404.9868021242673
39633308396554484 -963.7248047461301 -1754.1502640972708 2744.046899862247
39633332815793723 -1039.5411245357027 -2059.457875410611 3395.513937005878
39633329372268944 -902.9748718832567 -1619.979602116175 2703.629317315911
39633329372269478 -781.0916110296002 -1404.716995698455 2345.3951764221015
39633315480734190 -1239.6522411988942 -2329.8183466878395 3699.3007866873895
39633318991367121 -903.299963398562 -1737.0598756059906 2769.240178447985
39633332832570211 -834.1875862265075 -1777.8333139857593 2897.089268391305
39633342940842603 -840.916300421028 -1621.1808823368674 2764.4193601688644
39633342940842861 -661.4367109014347 -1276.7934378937396 2175.3765046889257
39633329372270151 -1037.034544449567 -1871.5580404977688 3118.1264423283696
39633329372270004 -854.8610442281956 -1541.7132790330256 2569.3559031670193
39633301249458953 -1053.609051810751 -2093.7591612999454 3181.020915638322
39633308430110668 -840.9473105007951 -1783.5758479118263 2719.027191516765
39633318991366664 -1144.2836905099773 -2195.1895136356775 3486.9643735703116
