data/coord/ELG_7_clustering_data.ecsv
# %ECSV 1.0
# ---
# datatype:
# - {name: TARGETID, datatype: int64}
# - {name: X, unit: deg, datatype: float64}
# - {name: Y, unit: deg, datatype: float64}
# - {name: Z, unit: deg, datatype: float64}
# schema: astropy-2.0
TARGETID X Y Z
[from data line 4639]
39632971430363878 -2964.3158169091344 -2356.438899001803 2612.772819790973
39632986315950863 -1784.6795125637973 -1399.8762858418481 1597.924866316366
39632951369008439 -2130.269744874652 -1741.9608741128086 1829.4523220675194
39632971442948603 -2703.854511640448 -2229.4564169653945 2418.427392627141
39632951343842577 -1895.4355341183596 -1453.1126315960043 1578.3896039725262
39632971409392165 -2766.3621878239196 -2080.2645316207827 2373.1872482678727
39632971405200503 -2215.7305538463775 -1660.8881762320843 1904.398982158954
39632991244255628 -1928.7539696912806 -1473.728273402738 1724.5283146840363
39632961385008889 -2947.5362497377764 -2149.695328947132 2464.955423625562
39632951343843502 -2880.7467165111107 -2214.243904503331 2398.266690667031
39632951339650160 -1876.494048751781 -1430.1981841430695 1557.1300360162131
39632946302289940 -2087.761785059031 -1652.3231808609025 1753.3676119848096
39632956406366364 -2363.0426709113476 -1914.4339227190133 2032.7260599320314
39632956406366522 -1937.1633322831433 -1569.9999885423306 1667.1595831138739
39632976413196551 -2273.7860199509887 -1812.9933917903725 2023.9252062796206
39632951352232102 -2879.08595519487 -2259.6775605402677 2421.9562364414705
39632951331259553 -1826.11089305302 -1355.0660243195287 1501.4505095457882
39632971396812388 -2329.4828815607148 -1709.7019632304648 1985.0742876189124
39632976404811904 -2362.487550597107 -1861.447766869423 2077.869623833611
39632976409002085 -2144.563394294346 -1690.6858820946698 1886.6808881645818
39632971405199352 -1676.8140057735075 -1252.8342555821328 1435.4899034399923
39632991240061927 -1912.5907785351828 -1447.6995201496522 1705.3904945105382
39632951360620229 -2758.1051361746863 -2209.0649965137254 2347.786296056993
39632981366671581 -2015.6565153953613 -1570.0541473658934 1793.7695432718492
39632956402172327 -2480.0239372718906 -1988.9955044948645 2116.7387884721466
39632961431145511 -2869.8445557101695 -2357.6676400681636 2511.53447042164
39632976383839506 -3009.3599862777774 -2240.1294615366605 2591.727364061175
39632971401004115 -2087.799785387438 -1538.6823116930634 1776.6360947147552
39632976417392872 -2502.3827875045863 -2027.824791885412 2240.8755203586734
39632981379254736 -2647.390003786178 -2134.1596937649574 2387.353199096778
39632946289707139 -2777.503776089879 -2131.476667419247 2300.958655480584
39632951343843771 -1822.3560149664443 -1401.8456500435245 1520.2321893915562
39632961426948133 -1805.4912175762381 -1453.2591513445716 1557.4990774173843
39632971405199092 -2471.91623523994 -1845.5089350603548 2123.0723734439553
39632981375061539 -2641.4355776356742 -2111.3971329438796 2359.154457676498
39632956381202482 -2223.30595037968 -1696.3000790304575 1862.9202497010647
39632981379254858 -2339.806143947478 -1886.9126472460102 2110.037629092405
39632971405200698 -2002.2152327285328 -1501.6892866866228 1723.4957950032378
39632981375061515 -2643.8576719886632 -2113.2617538255718 2361.288791488213
39632981383449005 -1991.7084526469246 -1622.954815571645 1804.6390540973582
39632976392227127 -2638.7922055673102 -2002.777540106383 2304.237725789363
39632971405200951 -2625.5496523441784 -1970.3984967776998 2258.727396193076
39632991240061086 -2314.5962020280285 -1747.6198215974262 2060.630194092936
39632971396810256 -2018.4828560372541 -1471.9165974799935 1719.2598792895255
39632971401004207 -2363.112438304799 -1742.0874922898652 2011.7194123190923
39632971396810484 -2278.687536340907 -1662.5881509959127 1940.826153071681
39632971442948349 -2304.1512810773525 -1898.7249247637915 2060.2525066966095
39632961422756419 -2370.457444300662 -1899.8657119077645 2053.549641589611
39632981354086491 -2571.66927790931 -1927.8130837222193 2253.53185112572
39632946298093838 -1928.9223460672745 -1503.2450060123494 1596.5528378276515
39632981383448841 -2040.2362439943015 -1661.7491912361202 1849.2843057554364
39632951360620141 -2335.7053733971616 -1870.2947892478378 1988.6817068773496
39632966422366513 -2603.67016994704 -2025.4163210215247 2239.4121415604145
39632976409002219 -2621.133574422237 -2067.065420872348 2323.7782824488786
39632976379643256 -3084.2321152355184 -2260.083863407652 2650.300271866449
39632976409002309 -2071.8230220168616 -1634.2977833154134 1836.831973890736
39632976409002437 -2262.9341287847333 -1785.7227673421455 2005.8439306799526
39632976409002335 -2343.288420415582 -1848.591329323427 2077.0768292990097
39632946302291262 -2823.6921321940094 -2242.8521248973757 2356.8345592861565
39632981362476526 -2721.6033764120925 -2093.105353646411 2408.863299414648
39632986315949376 -2116.680073142802 -1653.5886375277537 1896.7882810699246
39632941235569784 -2612.0888921875694 -2052.6692635344 2152.3804414918345
39632941231377900 -2198.883851814564 -1720.5960924278147 1808.039288357433
39632941235569851 -2320.3808901764696 -1823.7756319353093 1911.6357458890486
39632941235570146 -2520.9805519926963 -1982.7835000224588 2076.639787542827
39632946285512439 -2188.9855556675525 -1658.19241503335 1794.8994428475903
39632946285512461 -2128.6502834803814 -1612.5988934793122 1746.162504111679
39632991248453463 -2159.1203297327884 -1682.4782699766383 1945.6623545351842
39632976388031040 -2209.5932929948503 -1651.4538410501104 1919.0160624038701
39632981379252256 -2128.436465663419 -1704.0916812156124 1914.552376887281
39632951352232085 -1970.9820463002236 -1546.902279537193 1661.2062107971442
39632971417782319 -2067.118554143314 -1595.8411201105303 1799.9958299864745
39632971409394106 -2618.2781518426755 -1979.074698512401 2255.367882056554
39632971396812563 -2011.3436141277946 -1477.0068860780207 1714.9871643924735
39632966418171140 -2537.2185877290394 -1946.3950069858631 2175.58261887441
39632951335453720 -2222.7744601491636 -1666.6780165869252 1833.5059825266633
39632951352232038 -1969.2271391169481 -1545.3515863707546 1659.6837546082852
39632951327065209 -2832.2024419556933 -2078.463885960743 2334.3682179734897
39632976388030944 -2207.263681789115 -1649.2717662030493 1917.3723155718947
39632976409003022 -2618.9785458884903 -2070.1887592977705 2308.8464447530077
39632976379643453 -2868.491367392902 -2103.2720036871074 2464.9313061859
39632941227180183 -2722.455075923495 -2088.641989293338 2234.844182798267
39632976379643470 -3082.8956352255495 -2260.603752240104 2649.8319707650244
39632956406369015 -2175.622991653352 -1774.6157697225349 1871.0397117284033
39632981379252546 -2063.6052559863474 -1653.7599626106005 1856.8907872021593
39632981379252498 -2400.2061211204177 -1923.2410480661636 2159.5169187712245
39632981379252421 -2872.0433725917255 -2300.736129157199 2584.2708302598026
39632986315951132 -2731.9830578316455 -2144.322357204851 2446.65970652592
39632981370866464 -1883.800751056547 -1487.1790269618637 1686.3682883902025
39632976409004718 -2529.0353404050456 -2008.621190031243 2240.4062153696423
39632956406369285 -2661.6886384474255 -2172.9114350653945 2291.44526952336
39632961422756843 -2371.4052467873053 -1902.5651221365185 2042.7708715811275
39632971430366750 -2292.5357760514325 -1836.6989095276172 2021.5798876805814
39632946306485791 -2533.29604846198 -2035.7897326614282 2120.8372150585237
39632971426172930 -2141.7069475170692 -1697.3594022250606 1882.7242274090738
39632946289707063 -2351.6717519645135 -1804.257519541946 1934.5375882686305
39632961426948128 -2138.737719277619 -1721.4720715274325 1845.1986291375258
39632986294980808 -2214.147725693225 -1646.5622983785868 1950.1317808383822
39632976379643342 -1806.2737754801722 -1323.9982554297064 1551.408831735711
39632971442946518 -2357.4976269581175 -1933.7709730036854 2091.60586392468
39632981375060836 -2904.285613896705 -2316.994929879883 2590.3079988992913
39632966426558752 -2688.6129401021885 -2100.8944824831474 2333.916970208386
39632986328532736 -2010.3570607131219 -1625.5843387879697 1826.2072243218388
39632991244255263 -2319.9422695259846 -1770.399398017863 2087.893093999774
39632946306484997 -1882.4585784265682 -1509.199937670691 1574.5802882350665
39632941235568669 -2345.3654551714826 -1837.8738584666123 1929.157619817853
39632941239766906 -2903.214372968148 -2323.9441963162803 2424.9540861200503
39632971409392707 -2444.8528201558956 -1841.0272698687602 2103.390357595395
39632981362475660 -2472.812607162903 -1898.1281384972535 2174.5791952306668
39632956377008903 -2614.404317149724 -1979.8342688073121 2183.7524874781593
39632976413200339 -2153.121085504203 -1733.6725522217894 1913.7540671057172
39632971409392190 -1923.8797056155565 -1446.8132470023004 1653.2974000724341
39632971409392334 -1896.1722815580274 -1426.5233937093592 1629.2889416401595
39632941231378402 -2472.297118794709 -1937.095783660031 2033.4074613001897
39632986311755557 -2250.079916192573 -1738.5157595329124 2009.8143496111518
39632946302289701 -2240.0749931300193 -1771.5480909827136 1875.4037640561878
39632976392225821 -2465.875061105445 -1864.96898094283 2135.2943057386146
39632981354089297 -1931.711239782743 -1459.82950350741 1698.1653512118219
39632981354089401 -2560.986998073271 -1935.8671714110365 2251.3619278716383
39632976388030778 -2179.614505397812 -1627.7432451971433 1886.0358028704336
39632986311755545 -2251.1912233384846 -1739.3435862402107 2010.5856721754262
39632976388030709 -2155.1056919617463 -1609.0981168270962 1864.4725733632529
39632981354089410 -2334.8219359000936 -1764.956097260066 2053.022594464817
39632976404811170 -2950.45850356192 -2319.9321673120908 2612.505557811993
39632981354089702 -2749.918760424264 -2080.27426953861 2416.7891132090904
39632951356428491 -2871.482754483192 -2288.9432285039907 2431.904823746083
39632976388030750 -2153.185806892071 -1607.8727123353863 1863.4912593436607
39632961401785737 -1762.674344387053 -1341.8721583563356 1493.501209911462
39632961431143393 -2439.6113518977027 -1990.8130835507923 2117.4970300820632
39632961431143257 -2076.3931685257958 -1693.6769593433737 1802.568514970905
39632961431143217 -2888.2887660630054 -2355.65825210633 2508.5210280615997
39632961401785866 -2666.2041795711375 -2030.3423612777547 2261.074876406487
39632986328532476 -2779.6114923445066 -2245.8559042858424 2524.928205140636
39632961410174583 -2086.0654287546577 -1624.804913279974 1786.7230862337271
39632956377008174 -2650.2272922443644 -2002.6472914191816 2220.15195408786
39632981358284803 -2529.5318488065755 -1937.8613776301847 2232.4761722386825
39632976413197009 -2425.64409503569 -1936.1263300887774 2149.537881299664
39632971438752963 -2521.91971431964 -2050.684813554797 2239.1044227130524
39632986311756022 -1781.0842323312888 -1377.6881957640153 1592.5246283245938
39632991256840987 -1951.0339582433821 -1551.7402852222278 1773.7478017552826
39632951348039570 -2152.5458682511444 -1678.5551332622626 1798.3584559061612
39632951356424481 -2281.1505942673543 -1801.082413376924 1931.8096912753483
39632961410171504 -2315.874090700685 -1788.0763310293905 1970.2301659269674
39632956364426993 -1642.9857155531313 -1205.668750090667 1367.792696138869
39632946298095929 -2207.335972537873 -1728.8379792899975 1841.5763476346988
39632956377009119 -2830.7724084928136 -2145.0934756672186 2363.123904011611
39632971401005598 -2688.699728194173 -1990.6535432314342 2307.0873310184047
39632961389200211 -2835.078247198985 -2074.1055802072524 2370.358820860009
39632986315950249 -2656.7915595922645 -2080.4497102008063 2376.1521833878446
39632966443337242 -1890.8546211133157 -1547.6850949417071 1666.5292180506674
39632981387642038 -2095.3441126874686 -1720.2925934739508 1890.299085223857
39632966439143721 -2343.4477760904183 -1903.4989088112372 2051.253789852636
39632961414365271 -2598.6909920253684 -2025.258257704796 2222.3897927806343
39632946298095943 -2351.1020799878856 -1841.4897527831345 1961.6056994306803
39632971401006776 -2263.822115223031 -1681.1002564159837 1942.9813758142698
39632981349895760 -2972.707168982554 -2224.627066985342 2604.642760819443
39632956381203751 -3023.9185942324007 -2314.581950499525 2542.54627435534
39632981383448277 -2099.243579210473 -1707.2521041775012 1894.0657064595132
39632961414365356 -2640.430346991452 -2058.2985867456405 2265.0246846921705
39632956377008368 -1826.735851997664 -1381.184493178193 1529.7166402733444
39632946289707799 -2995.139748945758 -2302.6422654484286 2478.5152223788377
39632956393786709 -2306.246909466052 -1824.2947819501344 1955.6989401523683
39632951360621434 -1791.9376875036992 -1439.68861041389 1522.713149667417
39632991235867146 -2779.8503834805542 -2077.2527460517413 2476.0878305129336
39632991235867281 -2979.3547891104045 -2227.2154649572767 2654.2487746494517
39632966443336399 -2748.0040524113147 -2245.0210573259537 2419.884106998158
39632961389200356 -2837.326847947498 -2076.6609688657477 2369.6832120218683
39632976379643877 -2690.987760843063 -1975.0823123036305 2317.8747680730735
39632951356425566 -2053.265425127224 -1625.5806719532854 1741.373735003467
39632966409782199 -2983.117957699855 -2235.7406040745373 2539.1620822367454
39632991235867553 -1966.7001234411582 -1471.174763609503 1751.2759081446009
39632976392225603 -1994.8464234815428 -1507.9140596008033 1729.036236705483
39632991240064273 -1911.436592614816 -1458.0322775704535 1719.3478167335222
39632961405977787 -2569.9587927427783 -1965.8989475816675 2186.7595055921256
39632966409784581 -2540.9830242440253 -1916.2442231052694 2168.871542622076
39632961405980003 -2712.51922182466 -2087.0843654246287 2316.8703381217106
39632961405980101 -2712.436046222087 -2087.659982497762 2317.1960671996744
39632981383448349 -2506.5722778977033 -2038.9007244896238 2261.541515664465
39632991240063877 -1938.8649741692145 -1476.8409217318208 1740.7811946211352
39632956393786530 -2063.8364010797336 -1631.8713141628864 1755.872542382689
39632966405587839 -2203.3676717439953 -1633.7891039557567 1867.7683016338335
39632951364816518 -1860.238902595001 -1514.7429774002005 1580.5353317700565
39632981383448984 -1927.2895115335702 -1570.377553362593 1733.084674961167
39632941235572705 -2044.4334656102526 -1617.8807941625278 1698.5901441492138
39632956368620452 -2377.4693147888047 -1762.4133816765827 1978.0812432028433
39632981375061467 -2456.659287457873 -1963.2898999236113 2206.248238835712
39632971409393046 -2722.817376782404 -2052.2088952948548 2339.561048995993
39632981387640861 -2195.5308055954742 -1796.3971454757013 1990.940200101323
39632966413978590 -2293.5120425045634 -1748.4548647321656 1964.1406481561014
39632981358284582 -2291.789331070481 -1754.82342023202 2025.2777116936552
39632966426561436 -2033.9775748864477 -1599.5570064389256 1762.3941729500548
39632956368619746 -2348.273026971118 -1736.4899926784133 1948.9120434528554
39632981358284564 -2893.3147233770615 -2215.305028376954 2557.0439163259825
39632981358284418 -2362.5332518883015 -1808.1907278427807 2087.481439593059
39632971401006686 -2104.83394706089 -1562.7144018163385 1805.5862641560213
39632971417781860 -2274.1658038804408 -1753.4521484699706 1978.0643723082744
39632961397591654 -2743.181316711814 -2068.6053899738013 2322.03494764442
39632961397591698 -2622.3887969388356 -1977.7509759455793 2219.35384749487
39632951360619947 -2648.4134142870853 -2119.6169578694994 2251.124067505394
39632971438755841 -2520.730219773446 -2064.6578746284963 2243.6430287050534
39632991261033127 -2108.9533018147913 -1685.2262371964623 1928.9610693853956
39632991261033381 -1845.6947245487634 -1475.9143277264236 1690.2344030346937
39632946306483114 -2214.54021113427 -1766.2715558808522 1860.4975111857434
39632946298096679 -2382.8180373576856 -1869.6806608413306 1993.3272251364283
39632946306485127 -1606.6297161967377 -1288.5448967396992 1344.4094720724972
39632946302289667 -2257.876632089719 -1785.4848992835095 1892.3253552821197
39632956368619008 -3076.0305310770964 -2269.2723330309595 2556.17362578149
39632986307562953 -2278.630397278188 -1750.199367067989 2031.7533939854643
39632961414365715 -2545.576580798287 -1986.057913357817 2176.1017239526477
39632996176757259 -1977.2043233126217 -1551.7780933224194 1807.8145171956114
