data/coord/ELG_18_clustering_data.ecsv
# %ECSV 1.0
# ---
# datatype:
# - {name: TARGETID, datatype: int64}
# - {name: X, unit: deg, datatype: float64}
# - {name: Y, unit: deg, datatype: float64}
# - {name: Z, unit: deg, datatype: float64}
# schema: astropy-2.0
TARGETID X Y Z
[from data line 8316]
39633427971969012 -20.849949618184965 -1360.3624678946055 2716.678080291103
39633427971969230 -22.294209071539438 -1502.9346607966652 3004.0294476468025
39633422515177214 -31.509296070244716 -1545.1522495246368 3022.5937904158145
39633422540344160 75.99734891297344 -1892.4837440444053 3713.7615761014863
39633425254057880 -41.454313729649044 -1691.7795277397393 3344.600786995003
39633405574381787 -47.64819503273183 -1514.3099404218685 2796.619460408783
39633425262447843 -2.5572045677379847 -1078.1646261095254 2135.227955375152
39633422515178322 -26.919437420177385 -1514.4750929417496 2957.6097476067343
39633422519372745 -17.2535703955533 -2106.3260964018045 4129.665234248043
39633430664708537 -26.690441231028203 -1432.5285503858236 2889.7906936198956
39633422510985991 -46.09815279985479 -1923.0989993818619 3782.346003074939
39633414164320025 23.353139933820394 -1815.090468445004 3460.2133309159053
39633425270836421 28.08271537839524 -1650.912872340364 3263.858103853745
39633419742743675 -59.34230769236486 -1920.1851596819176 3721.6466922252785
39633411341552354 66.04668543566709 -1984.9160362774314 3719.540976530013
39633422515178137 -25.14332768004024 -1381.760023251909 2722.51186935629
39633405574382548 -45.80399297177055 -1541.2232492334383 2836.1670555336477
39633414160124762 1.1304147189739275 -1217.278514439467 2307.489844890974
39633411307997944 -69.54484624096568 -1726.3872214041614 3248.6818409046173
39633427967774399 -46.55020312456083 -1846.01192705535 3690.3115535420047
39633425279223127 63.81288353816271 -2013.923222445718 3988.223156466163
39633422510985805 -46.60699200702802 -1918.668300014587 3763.21162382386
39633414168513166 32.32834962070707 -1605.654814533373 3041.3776773941327
39633427959385825 -91.69946532813834 -2035.7071152637204 4081.5980853105684
39633408476842885 36.830243549401025 -1897.6139707659574 3524.002232062767
39633411307997758 -73.14325219727527 -1798.0835104436478 3383.1818011697105
39633427959384711 -86.30677269646232 -1820.623732819294 3638.0065874339753
39633427963580059 -67.7342937317616 -1928.880512414326 3869.528449145147
39633408476842759 30.848726244578206 -1608.8307916313142 2981.937707397352
39633425279223110 59.13194623816014 -1867.4452118260162 3697.9203695300725
39633425270834606 20.410878417629988 -1560.331128853271 3095.7627099719693
39633414168514080 43.2194138763613 -1957.7151312102624 3741.684782437951
39633419742743673 -64.4301118460305 -2084.171886770224 4040.702428629689
39633408485232012 63.33910556959399 -1665.0641918745537 3113.626634981608
39633425270834684 22.65988475594895 -1706.9050589753203 3386.1647872094286
39633430668905015 -6.926596845904856 -1408.4705341451618 2840.6853285853163
39633422540343210 75.83599224831876 -2006.5521331340888 3962.134206363868
39633430681488625 43.66300908779685 -1607.877951800068 3244.713360361302
39633425249864458 -43.491182432436034 -1388.8645013002752 2749.042926694829
39633430664711984 -15.260098685204712 -1449.2952233675298 2935.9065148611635
39633425258253502 -19.011998914422648 -1521.4149649491626 3024.332134259532
39633419763713100 16.2890733137949 -1361.1948190170463 2653.361794254331
39633425245670166 -59.239785889507324 -1391.5802121079707 2760.021411851902
39633414139150406 -105.07674061567486 -2049.7714303611046 3895.582635081225
39633414155928954 -16.230695508989793 -1388.9395137244412 2653.9338861122314
39633411341551080 52.395399295976574 -1700.0984239615743 3190.801621091496
39633419738547244 -80.27822968965266 -1785.2460683982056 3482.2217850264265
39633411303804722 -74.14090164101765 -1586.0916487059974 3000.820762365737
39633411324775328 -4.879367467212203 -1257.5977354715715 2362.5381855390738
39633430656321213 -51.278422620827314 -1450.6818890399734 2930.305253876085
39633427984548223 11.424808631127785 -1999.232203815143 4003.523865303
39633427984548183 9.269158093512026 -1653.810280281208 3310.747371908196
39633430660517965 -38.584999282523796 -1918.6826101517443 3874.3074817248553
39633425245671449 -59.54654510101536 -1509.0883688238175 2986.7340317823678
39633425254055976 -46.884063293740006 -1623.6343874798708 3221.4394687970844
39633411324773299 -10.921594234874819 -1443.763673620754 2714.9633666793766
39633422519372941 -13.667284278340082 -1748.6283741495054 3429.954897169037
39633427988745685 43.26163027299097 -1916.2205066727072 3845.8486914846108
39633405595353457 21.93296593601858 -1538.2551219714662 2822.5732818623696
39633416957723334 -57.44117793678321 -2127.6310876293505 4105.005947413444
39633430656321218 -51.21266172188001 -1449.5047550227603 2927.8392065961484
39633425262448507 -1.243445314530094 -1574.2729885538047 3134.975594416124
39633425254056219 -43.05284296926888 -1520.6070118758594 3015.024517607594
39633425254056250 -45.91373165071342 -1626.4041542981452 3227.7211231233155
39633414147542972 -32.006085285664795 -1301.1920494226922 2462.1583470421187
39633414151733322 -40.964162599765935 -1762.7465253745863 3362.660962274656
39633411324775516 -5.317443046495224 -1506.4925708875567 2831.9187455072847
39633411324773565 -8.842232953072484 -1244.0370762803516 2337.7365739922716
39633416945141265 -93.97367485164588 -1751.633959349912 3370.950508179077
39633430668903667 -11.845633391712218 -1590.7788547467449 3230.832416988007
39633427971967473 -28.559097246671413 -1518.2646076803155 3061.747113448993
39633425254059636 -42.11302183504308 -2053.973118643314 4057.6644369110604
39633425254059790 -30.440658010319492 -1510.6112397275135 2981.5486192292983
39633416945141630 -102.41174075095141 -1940.0098234611726 3729.703661657153
39633425254057033 -52.64053129473933 -1986.3501345292493 3955.629495931308
39633411312193528 -41.550973743439855 -1485.1366834361531 2796.240411846347
39633405578578477 -31.083806991481357 -1791.9858647488977 3310.779586154483
39633430668903220 -13.477977179464068 -1622.0909029524364 3296.7189766151505
39633425254056265 -56.84840678982663 -2016.027308893237 4002.096414503238
39633419767909821 39.15166136571995 -1454.3092207028903 2813.982280006974
39633422502593263 -70.22292949316363 -1380.4181155400688 2713.74885011394
39633419763712870 20.68811153793107 -1816.2602811335662 3540.4302887523454
39633411307995437 -62.990005295237374 -1378.5957338703408 2607.3337840211784
39633427976159799 -20.05436895143893 -1493.8869307103594 3008.0627945831257
39633427976159783 -25.012315470071105 -1858.7736402069686 3717.069822463537
39633422510985398 -51.26676219324453 -2042.358071200051 4008.1270982216693
39633425262448357 -2.2990324756107263 -1960.0594914126548 3899.9343952034183
39633419776297799 76.9700395278776 -1730.8645803030386 3347.007882089548
39633425254055963 -35.1168954065467 -1214.9390798484742 2412.2313999989815
39633405591162155 19.830188611143292 -1954.5572888182185 3581.98687996551
39633427988744317 29.17181527899635 -1483.8722260074708 2983.659769511723
39633427988744554 31.500904573967013 -1562.477734486461 3140.6254197997796
39633430668904735 -9.286742107360176 -1713.8750850865604 3485.4474796529603
39633430668904970 -7.905188684464683 -1580.365386126268 3212.4184195913003
39633422515175814 -44.831459095089286 -1925.8007142587644 3779.0385384155975
39633430681488724 44.371380453567504 -1622.414865348848 3273.2197098216634
39633419772103056 68.61260117363368 -1986.0448521135297 3859.8955765479327
39633402688701182 3.002238306861993 -1927.4455590255698 3521.6002487675214
39633430668904883 -6.932877695223957 -1344.8555023273213 2733.2071681518464
39633405570187365 -59.22816744400174 -1449.5792290854206 2678.4305504689128
39633425266639478 2.388758533034484 -1695.8892990922932 3378.301039403758
39633411337358727 51.051478431972086 -1950.57330628682 3673.781990422542
39633422527758394 7.445694335769384 -1538.8529573043959 3031.007619181263
39633430660514049 -39.82532613567693 -1383.2316720650808 2810.025864489385
39633425245671754 -64.177229087918 -1653.9595133436762 3280.4594262992123
39633430668906229 -3.9045464229937825 -1467.6207306889942 2973.1950164658315
39633402676121644 -30.004270431328198 -1595.7477613239191 2913.9805506900902
39633422498401335 -84.69809421795337 -1539.7955041411076 3036.248808225354
39633402692898894 27.340074497644157 -1550.971119804185 2836.6220792337745
39633408447482043 -78.07133921258645 -1723.440737128271 3215.8577629031
39633402676121657 -41.36864550584506 -2201.7671395097414 4021.618123870528
39633402680314720 -24.614115650863905 -2010.9962620329677 3661.0001697272132
39633408455871360 -39.763416298491066 -1555.4828655659212 2882.847520897411
39633411341551273 67.27871079610205 -2158.5682991965245 4066.680171501464
39633433344868511 0.38803890795520957 -2035.6794973001656 4161.898320401428
39633422531956562 30.657071172477476 -1384.1641739556483 2711.6734693873113
39633427963578820 -65.64152328856535 -1714.7159587768392 3451.0135912252235
39633405578578012 -34.4931902397379 -1879.6624194237613 3458.28491468793
39633416978697341 39.74636899558541 -1545.4496395522904 2975.5435148685583
39633422531956402 30.110608122676695 -1380.545021093652 2704.38385176181
39633402688700540 0.43325424558930364 -2207.6872282833006 4031.551947914818
39633402688700711 1.032371656244997 -1962.2149604374208 3582.274494965458
39633430668906789 -3.0094075869372454 -2012.868873607352 4094.226513502687
39633411349938593 74.64993503911958 -1590.916043244423 3009.4284555394042
39633414160124266 -0.302930812983416 -2046.8715456519576 3891.6055540374614
39633425279225733 70.4014304917355 -1888.8289442138573 3739.173306868645
39633427971966086 -37.292525029645475 -1716.825158179037 3459.290015158976
39633414160124666 1.2341596867024247 -1759.6732118485054 3343.3223413562732
39633402680314895 -16.551598468773857 -1395.2932710546838 2539.516372158453
39633422531956311 29.810145475466374 -1378.2921374255354 2700.7107810192265
39633411341550724 57.12913444698093 -1895.1064885434168 3556.684907424389
39633422536149654 55.71667064302307 -1876.2618027239134 3695.111098209567
39633411341551515 57.3872258101613 -1813.469350494657 3419.3710058057245
39633402671924858 -50.210704413948 -1542.248263927332 2821.6696452994556
39633408481036047 46.779420813291075 -1750.064040157357 3243.9691474457873
39633402671926847 -47.636118166402795 -1682.7096207418142 3076.547216228276
39633402680314785 -21.37290572125325 -1763.5909685810134 3208.9815325545665
39633402680314782 -21.407889337311577 -1764.61867041171 3210.9720210182404
39633414176899338 39.55682299112008 -1197.512765822484 2278.592396917332
39633405578577787 -29.34303055282281 -1560.2178500413036 2870.348593964307
39633399761078154 -0.7431863345155385 -2049.8134495255917 3707.6269085954623
39633425266640282 5.813207817674508 -1778.7146307606668 3539.6446469821735
39633419776296337 81.44071323302931 -1983.5143603760491 3846.295584296328
39633419751133626 -12.944477174785359 -1308.0342560275842 2534.068578938891
39633422523566137 0.54617100901581 -1693.6117931989863 3321.0363381816414
39633433344869662 4.366381273429512 -1712.8066253174372 3498.8175444328363
39633419772103364 44.32716928725564 -1255.8119638609817 2437.0219957865847
39633422523564524 -7.6418966763790666 -2041.8270831768068 4024.6491420071447
39633427988745030 35.46434317328425 -1676.0749437518891 3353.898328213816
39633422523565891 -0.6463080467781409 -1710.1314409026725 3351.682656312062
39633408455871125 -37.58299347818457 -1437.2784448774305 2663.5567117898736
39633425270836176 26.201866516536494 -1586.5715043204461 3140.4971705232088
39633419730160983 -88.94180763761455 -1502.5255517077774 2907.729478353591
39633411341551104 49.6932193868813 -1609.8546101489787 3035.98967442979
39633414168511822 29.195411102329558 -1705.5649615790194 3238.441180308209
39633411349938679 76.72738846982438 -1630.3744888589529 3083.995051983269
39633419767907312 42.74674736213241 -2035.0616483475478 3959.8798443755277
39633411320582214 -14.985211407854568 -1515.300384642251 2859.4162764219996
39633411341551722 53.72329284638162 -1676.2999352395184 3157.7238575409265
39633411341551694 53.64164041509632 -1676.0600733960914 3157.443024773615
39633416974503590 20.64638278215542 -1141.4888247107747 2196.8798447812096
39633422536149108 39.003381764277805 -1370.272136604975 2698.5886881855718
39633422536149527 36.750232648592906 -1251.242053282914 2462.621285508344
39633430660514013 -42.20081360177664 -1461.1292668662963 2970.074237486652
39633422523566070 0.20851762218650766 -1389.7158557130815 2722.1754295496557
39633414168514481 32.56506037633782 -1417.8468518490552 2707.35588563281
39633408485231473 54.80173429961016 -1478.7627464490572 2760.784060325908
39633414160122518 -4.982232340313755 -1391.416922849811 2644.3634997390322
39633427959385953 -75.2322370128927 -1682.5638007034652 3373.1475957087996
39633425258251418 -19.40286558419431 -1132.1703985858012 2247.4672053216545
39633414160122285 -7.230263188461181 -1812.3233247048277 3443.7935399307116
39633430668906134 -5.738516625294463 -2010.5240737489967 4093.1432895129155
39633411341550814 44.75010595645043 -1476.6653850935568 2773.0017274137613
39633430660517912 -25.04135376009582 -1238.2972574929743 2500.6451357031247
39633414151735661 -37.56287526962258 -2040.0441821357779 3878.045293694759
39633414168511792 30.980462060662646 -1815.9662016639124 3449.4152621568337
39633425245671403 -66.52016428945588 -1680.9573303392276 3326.5999819889544
39633405591163480 19.47707936782381 -1552.3361051017307 2862.203180841619
39633411341551020 38.000400309957804 -1238.452361888762 2325.3691999407874
39633425254057426 -41.78610861883916 -1638.0600741173184 3264.660462547492
39633419746936507 -49.33608539936634 -1985.110154406678 3859.1186596466446
39633414160122230 -5.07345528095998 -1234.4062453902332 2348.496436738824
39633405599549308 40.64293778848937 -1536.6622633161535 2819.1647899968034
39633416957726122 -35.72087290801223 -1626.841157681485 3140.2258554428936
39633416957726320 -29.765792426292663 -1381.484084935392 2665.829158945759
39633416987086532 65.87847906114494 -1423.2471773729712 2750.2777956958976
39633425258253723 -15.621974287818082 -1306.879015572747 2593.7198204286005
39633408451677501 -48.89643930865521 -1440.500877104327 2678.512568272149
39633425275030378 41.542567065212396 -1624.3235603213059 3225.5068161429094
39633425275030392 42.97671785925202 -1678.7188174608316 3332.361636685149
39633408451677472 -47.22843085771664 -1387.800882829211 2580.4136573618975
39633419746936042 -47.54426907679439 -1834.3381904909152 3544.218781726359
39633402692896823 22.574586015468153 -1705.2668112313459 3109.0677434113322
39633433340676823 -4.613420927564598 -1359.839079088533 2787.9111617360595
39633414151737394 -21.459463186799816 -1429.7240120204208 2726.285879620554
39633422531956573 27.486489124032804 -1239.7613017184792 2439.405221348544
39633416957724206 -45.54492180679237 -1787.6103383015318 3452.9502238808573
39633430673097470 1.9493955562037482 -1214.473962946727 2474.4740750699593
39633411345744770 50.84996001899876 -1318.6333859511199 2486.0759100467144
39633411337355877 36.034621697015105 -1801.4977932694044 3400.9381682316534
39633427976161679 -16.53868955071565 -1765.7400790609124 3554.348065949847
39633433336483208 -17.72452715195192 -1563.346828968356 3189.146695921612
39633399761076789 -7.405848419300781 -2255.4033833636377 4072.300674514388
39633430656323002 -37.45093176977992 -1198.0749132546428 2422.6719916950533
39633411341550543 59.40723868705696 -1995.520420854007 3736.2039035904404
39633433336483235 -15.372085820705182 -1362.814062488262 2779.6113987379244
39633402680315356 -16.516926706995797 -1533.803214207838 2794.4689709671798
39633405570190548 -70.38086304410693 -2072.714019061887 3822.2808366748854
39633430668902866 -14.424274645155316 -1609.9906103659675 3282.1613920430477
39633402697091431 48.72576623081163 -2125.540599833701 3888.537788654768
39633422523565604 -1.8752751481845904 -1739.536871353507 3403.0614415994287
39633416945142049 -104.64077923395814 -2018.4536559411 3872.6451087740093
