data/coord/ELG_19_clustering_data.ecsv
# %ECSV 1.0
# ---
# datatype:
# - {name: TARGETID, datatype: int64}
# - {name: X, unit: deg, datatype: float64}
# - {name: Y, unit: deg, datatype: float64}
# - {name: Z, unit: deg, datatype: float64}
# schema: astropy-2.0
TARGETID X Y Z
[from data line 10755]
39633145229739356 -1369.0286626025124 -2055.7769978055144 2363.021783975073
39633127609469156 -1456.9850449782425 -2325.927953871274 2533.7014375595486
39633114166725243 -1586.9150431593687 -2341.454608867795 2536.4381228981883
39633114175114346 -1614.345705091349 -2448.6783532656914 2631.0007759914643
39633114175114204 -1657.4401041010076 -2513.0062857592593 2702.9189736311096
39633127609469525 -1488.112945217105 -2378.430873040995 2591.654165484755
39633127609469057 -1781.1749236553026 -2842.631543772605 3095.1651317657297
39633114183502358 -1701.0646611940952 -2637.279574506739 2834.27279208459
39633114179308145 -1184.6674587039909 -1814.4185245664805 1950.8831935511425
39633132009293789 -1525.1032640231056 -2182.5360676172077 2484.2032422295974
39633114179307554 -1154.5742779923862 -1765.2166955260823 1904.8347433433441
39633127609467341 -1681.224983463041 -2666.732942221251 2910.455206070373
39633153941308449 -1303.6509310059437 -1944.7363549025497 2277.67228606426
39633114179307657 -1767.0485705324882 -2702.5190911893355 2916.0328416084885
39633166868152873 -1693.6855768859705 -2516.807777271655 3025.118043159476
39633114162529200 -1926.5611994034643 -2791.0820003176486 3056.865776127108
39633162573187984 -1319.2181411230233 -1959.9251990705618 2346.3382662750573
39633114183501830 -1044.7242108479916 -1617.5992385626482 1739.1366064554547
39633145229738510 -1391.1185185139896 -2082.093123221565 2402.910217177384
39633145225545013 -1315.9294301780624 -1949.6484675284041 2242.0283730146875
39633114162530865 -1807.8326538179024 -2632.9210215830617 2871.725726353474
39633127609468606 -1772.3664673982078 -2823.71973133072 3071.572654847069
39633114183501696 -1100.3772474568068 -1703.2052976312204 1830.8364541807064
39633140838305689 -1476.525502473335 -2186.7031499011055 2503.0604925034395
39633123121565467 -1459.8332643056613 -2093.5246204882096 2330.9613218362842
39633162568992372 -1496.0387883688502 -2185.993864348797 2616.8986214720644
39633132013488535 -1086.806996824302 -1577.2994349762396 1781.930894628105
39633127571719297 -1847.1134196067433 -2615.2104576516567 2965.735514377197
39633158261444312 -1172.4450564329109 -1732.3102562102763 2049.3277604272516
39633114162528317 -1690.6084950875384 -2442.529923689634 2685.2660034948076
39633158253053780 -1243.0636532126507 -1778.7190848153662 2136.144395327996
39633149604397946 -1191.3342811112502 -1824.3868321763225 2102.42545649226
39633140838303203 -1293.1530790479299 -1901.6091378997808 2187.2456413857144
39633114158337364 -1484.7781519665764 -2143.2618014884856 2354.623835211375
39633127575916433 -1292.6982672109816 -1870.6151158938928 2105.7997817390365
39633145208766640 -1232.138785691253 -1727.1873640405165 2027.7853393876812
39633149612789305 -1493.979315088564 -2370.2240868207814 2698.653507338013
39633158257247851 -1783.9925140272776 -2583.62221555067 3081.5018827457247
39633118675602067 -1792.3989562217025 -2769.7527684365036 3006.522900470668
39633153958084829 -1348.978176500564 -2114.3801799122252 2446.1105351357714
39633153924530922 -1155.5228642799023 -1634.2392932506132 1956.7812515919838
39633158261444365 -1458.575644082235 -2155.4572978854458 2549.7273652852787
39633153953893987 -1099.204352036087 -1721.4749167047914 1990.8884011185085
39633149600202917 -1349.447899753321 -2033.9899721525505 2359.3758229349273
39633140829916783 -1594.6163656696096 -2301.6350151018073 2659.204743660372
39633140829916650 -1624.7267937479542 -2344.2922620278946 2709.365708992322
39633140834111411 -1262.613655131273 -1845.2469922022426 2120.6297578908056
39633149591815001 -1176.8661388686335 -1732.1668015567914 2029.9607071660137
39633149600203178 -1430.9459979684716 -2159.258011200856 2504.1593161023084
39633140834111359 -1642.305979359603 -2399.871942269729 2758.1026340279686
39633149583425998 -1526.0357733409126 -2186.0950787595903 2582.877695002606
39633140834111439 -1582.152782652954 -2312.3731767528197 2656.5278149396836
39633136438477397 -1612.2707281932162 -2375.245653748846 2705.459550413974
39633158278218919 -1481.4123399769226 -2289.539412869503 2691.359069798018
39633162585770262 -1027.4552074421326 -1588.0866281149347 1866.9455115614662
39633158278218860 -1770.9564690101072 -2736.4718912722533 3215.6224124386763
39633145238127711 -1284.9199789331296 -1979.5743764327071 2255.7228714653847
39633136434284829 -1869.3745854830192 -2734.916539595659 3123.173139468415
39633136425894362 -1884.851867519675 -2670.9652357732257 3082.1893136034278
39633140838304510 -1421.2281127771084 -2097.5464495299175 2399.5083959670023
39633140838304134 -1476.9902186587817 -2177.538805667082 2491.4966046259597
39633145225545942 -1175.7471249948592 -1747.4891574844182 2013.6027201923982
39633127580110236 -1338.1303662383748 -1954.9190362244715 2182.5580394534018
39633162577380621 -1141.2064119682902 -1709.054732658104 2042.9482759295602
39633145225545935 -1424.0459257591149 -2116.4490133790623 2441.51965171053
39633149604397733 -1318.1658528426706 -2016.9115127804048 2324.320673166507
39633149596009795 -1221.0532231833042 -1824.2771041776496 2128.47463746878
39633132009293086 -1827.1694012720254 -2609.716881173162 2970.0076870734524
39633132013487058 -1312.565797966706 -1895.7904019683972 2158.8118707276785
39633158261443786 -1749.3571495358522 -2580.14322631601 3057.8399139996927
39633145225546484 -1455.6405668756474 -2167.7914406987065 2506.7278775761065
39633127567525821 -1223.9166928644902 -1715.0423117168098 1944.3457613292098
39633132013487060 -1432.226274073371 -2068.637341145512 2355.845505232252
39633118671407245 -1347.7089523200125 -2051.639520519495 2223.92038794726
39633145233935764 -1370.509548289598 -2098.8741170522117 2403.193312421333
39633145246516425 -1477.7613897998258 -2336.4159340070746 2654.3393559235446
39633127567526061 -1446.0225428715707 -2027.4638016476492 2297.553651918382
39633166868152728 -1154.6987991619383 -1715.1672074761964 2064.647390781547
39633153941309399 -1515.984841996613 -2269.025896560483 2653.770999898661
39633140842496268 -1875.093184700232 -2781.4865858734806 3183.590810833997
39633136442672182 -1360.7715345281786 -2033.7730945970825 2307.5254996475155
39633140842496564 -1358.2703456740885 -2016.8861274808237 2314.610813441263
39633166868152362 -1602.5662728367677 -2376.8537760313966 2863.951480128265
39633166868152504 -1433.8851812948521 -2128.0582430525146 2564.0972613343615
39633145229738566 -1678.3121542646934 -2512.5981791976624 2901.525877329982
39633158269830907 -1350.1647434673102 -2033.376327233391 2398.8586673914115
39633140838305096 -1009.0722094773696 -1491.80815779668 1712.6372447761398
39633166868152872 -1274.2159474757111 -1893.4769518482724 2279.165861769938
39633153941309596 -1711.6994419082043 -2563.703420745487 3001.0636593632344
39633153920339370 -1214.7248684050214 -1710.3980007331184 2040.3644153836055
39633162564799186 -1099.042835544268 -1588.5763749985406 1910.2750536740832
39633158274023878 -1293.820356056657 -1967.3047447269414 2312.240902505132
39633158274023827 -1579.6237356436957 -2401.4339242017504 2821.6913468525004
39633145229741097 -1407.1761695867222 -2126.0221880287963 2444.154907605708
39633153924530781 -1720.212308942859 -2431.6246143889734 2903.5574228553005
39633145229738890 -1166.6045373327054 -1748.6642722696788 2008.4957988775104
39633136442673128 -990.9388606979983 -1486.0800743079596 1684.9062198299719
39633114166725712 -1399.5486367159674 -2067.9775165115393 2243.7997084945982
39633140838302723 -1029.364904496156 -1511.2200424370274 1727.7052144811514
39633114179307926 -1219.5862818891499 -1866.755430999474 2010.7440178284883
39633114166725574 -1838.4462775678483 -2715.393639565823 2945.9015393109376
39633145229738819 -1277.1450403675224 -1913.8401658446999 2203.481001362249
39633114166725457 -1463.195371778428 -2160.3866053072043 2344.2897336243027
39633114183501462 -1158.480758754799 -1791.9043485295906 1928.6611905690302
39633145229738920 -1408.3718935993124 -2111.279134568628 2430.090450446526
39633153945502488 -1442.677672888767 -2177.506612765021 2539.1535094663896
39633114183503436 -1588.8331602696057 -2470.8663077891415 2653.990514406855
39633140838302901 -1631.8988031951933 -2397.3014890959994 2756.0593962908515
39633140838302981 -1199.9405120360261 -1763.2672056997 2026.5605981806202
39633140838302916 -1726.7099557302972 -2536.726923481331 2916.066175612024
39633145229739949 -1140.8851386407953 -1716.7650513228548 1981.6595088672823
39633145229739202 -1723.1830564127335 -2586.006674911375 2976.661819749198
39633109662040794 -1729.3054046213176 -2579.7788584927325 2782.5821218899478
39633145229739419 -1212.6265689865363 -1821.3703793848124 2098.4069405297564
39633109662041744 -1831.963951156489 -2741.9619937966363 2950.241455322775
39633114183502396 -1530.7038354803399 -2373.2849336361323 2547.3576842232005
39633140842496481 -1318.1391450348933 -1956.792654772049 2247.659694678252
39633114179308425 -1306.3732339379465 -2002.228466929534 2149.2917140492227
39633114179307895 -1624.1816696004769 -2485.759943790423 2670.5258141772265
39633131996709151 -1067.1257462533451 -1462.795004859918 1692.984343401722
39633162568991960 -1273.2129269559593 -1857.4375801070644 2228.8623484227896
39633132017680507 -1185.5091567949576 -1729.837705076125 1954.2696188006173
39633132034457834 -1332.6841679392337 -2048.29461929668 2288.7210244560474
39633162568991977 -1339.2614478140752 -1953.968714276148 2346.1436443288335
39633123150924819 -1809.1437924152483 -2831.1294944997157 3086.187732387883
39633123150924801 -1512.7952798099802 -2367.213443647023 2580.903950239912
39633158261441109 -1808.6771110876684 -2644.171654899015 3154.2703298406173
39633158261441396 -1295.2240860069462 -1895.1880792114785 2260.1512491481817
39633153937115328 -1188.9234088961657 -1754.8564569647772 2062.461301928455
39633145204572884 -1360.9735196771994 -1887.4391548272047 2233.1501209165112
39633123125757190 -1599.0102263308122 -2305.031233966704 2574.755270854943
39633140855079102 -1539.0613718689858 -2373.236082824361 2682.1269134941153
39633127596884549 -1313.6321886624446 -2004.8895297594283 2225.1916112949443
39633153937115335 -1478.8161173502542 -2182.7655202794626 2566.313027546047
39633153937115358 -1310.2147438548036 -1934.0254932429652 2272.5245484489255
39633162568991869 -1314.7139092639427 -1917.2761905810123 2311.095225246221
39633123129953643 -1588.072807984128 -2331.5529858978744 2581.096967504516
39633114166725182 -1377.5719528065551 -2032.1747805399814 2209.0590350648754
39633123129953885 -1664.1644147879078 -2444.874842350212 2703.3088645078883
39633162568991850 -1766.8631668641447 -2576.4741299901852 3103.8870816613703
39633136451061292 -1409.1887213800062 -2165.424657506611 2419.8036803279742
39633136446868432 -1325.4581311572217 -2021.7300310667217 2272.434878543669
39633136446868434 -1324.8508478825693 -2020.8108719703334 2271.614509491388
39633145204574155 -1627.3072445037833 -2265.436579005922 2660.6211559490403
39633136442673184 -1187.4721642151699 -1781.1780052759402 2013.3704499303747
39633136442673188 -1582.0348612312823 -2373.0489335328025 2682.465190779445
39633149583427020 -1277.454597709521 -1835.032761818974 2159.6600648019394
39633149583427217 -1448.2887806517306 -2081.5423661092555 2448.693580478751
39633140821526250 -1261.426984329768 -1765.551584624975 2063.0078959671455
39633149583427583 -1712.7958090834034 -2464.5480808893467 2896.9711783062244
39633127601081031 -1242.6949164377138 -1933.7838852785642 2129.100522027864
39633149591816041 -1384.451128547925 -2044.3288196093597 2386.42685390289
39633149608595087 -1644.0215727023187 -2573.9183517120737 2941.372755593693
39633127588496043 -1649.7367131499534 -2453.571213709163 2742.8935463527323
39633132000906104 -1835.4233861402274 -2570.2484732991516 2941.8082351493067
39633127588495969 -1184.1126485180139 -1760.7549046771808 1969.5067714070271
39633127584304817 -1314.0320363520211 -1947.4068261466457 2170.5891404679332
39633132000906030 -1318.0245483559863 -1845.029365242089 2113.565204155321
39633132000906091 -1611.25943963163 -2256.252651293709 2582.7663099770493
39633145204572508 -1319.5313149516521 -1827.7399986543992 2166.7720368863224
39633140850886667 -1201.0507481084433 -1838.6552731707366 2090.583542753157
39633140859275595 -1542.2616970665829 -2426.843888137051 2726.962905819209
39633132000906023 -1318.239440786694 -1845.2652681236914 2113.814856146324
39633158265636205 -1705.3445420419537 -2532.4204285275773 3001.093723101826
39633145204572933 -1413.6229699004657 -1960.7472090065928 2323.6730226361406
39633145204572982 -1414.4497542970541 -1962.1278355416023 2325.1866613910847
39633114170920734 -1132.2473902323143 -1696.9315132001332 1834.916795928083
39633127588497576 -1312.4732416019913 -1961.2599607429618 2179.3887654525993
39633136451060057 -1319.0536009111156 -2018.5847910122698 2270.3241505353117
39633136451059840 -1473.2385265136156 -2252.6944493883743 2534.056596158475
39633123125758425 -1143.1157577051638 -1653.6844373971264 1847.6125814572658
39633123125758479 -1453.8131488197114 -2103.4919057468605 2350.1422672536746
39633158282412726 -1358.43129115909 -2123.734250499844 2479.1508162928553
39633158253054920 -1608.1898686147167 -2310.381401694123 2776.148868411559
39633136451061169 -1143.9016737375173 -1757.0091002304796 1973.4668903160903
39633118654629308 -1344.6690670139128 -1941.3852109370864 2153.6189496696234
39633118654629303 -1345.7801342299385 -1942.9443702150718 2155.456837004267
39633149570844460 -1336.7702595077128 -1853.2999305951453 2198.473941078398
39633149570844858 -1956.2457151706362 -2716.4042842991644 3220.1248584967257
39633149579231332 -1431.6802431994809 -2022.1917716045612 2383.327414258976
39633136446867174 -1632.2191564300128 -2478.9947272621325 2795.235114041479
39633136451061338 -1465.6926959366144 -2252.651109380907 2532.2464537006144
39633149612789122 -1296.0205146182188 -2054.893043449571 2345.706558752131
39633123146728528 -1467.6169173461471 -2254.006961723316 2460.2528704385604
39633136446867007 -1285.0899832166074 -1950.6724205081382 2201.107196373488
39633136446866950 -1353.4205409210545 -2053.9907439407557 2318.2564239948256
39633140850887786 -1105.0033466256775 -1698.0060259120908 1916.4106749122398
39633136430092369 -1008.5120541498002 -1463.891912975902 1668.983298718853
39633149591816103 -1796.9443104097563 -2654.00211710594 3097.0641630434793
39633127588498961 -1182.410533225014 -1775.2332397196515 1967.0765646773395
39633127588497716 -1311.0053657398496 -1960.0769759633233 2177.545157557296
39633136451061354 -1430.3531793119582 -2198.458507292528 2468.8650035389874
39633140846693622 -1036.1929788631246 -1572.7201121038418 1782.7171660563954
39633114170920690 -1355.1096293251553 -2030.62537689116 2195.5399367801997
39633145246518312 -1110.9331899608005 -1768.3275319157483 2004.5210047963537
39633127575913664 -1193.5396065856073 -1711.7458245741868 1929.1233210265739
39633136425894365 -1340.6245114051146 -1899.7683621958777 2181.0749307188885
39633149608594186 -1219.0951611355122 -1903.014220402037 2182.2119748867826
39633136451063043 -1377.7439748064455 -2129.6865497132435 2385.9549273399207
39633127571720952 -1307.3274000315282 -1860.4141811641505 2110.37317624097
39633132005099781 -1778.3004498026569 -2516.1705778840283 2873.345183651453
39633123134145546 -1768.9689307867252 -2613.6003849053036 2898.3496552391334
39633123134145156 -1691.1878253966593 -2495.8119260207336 2766.793080015537
39633145246518482 -1611.038525913524 -2565.650187843114 2907.915770849408
39633136438479040 -1311.1840068458523 -1942.4545086605665 2204.7923946743686
39633149604399129 -1277.1560244779312 -1965.1204274148301 2268.27689435923
39633136421699773 -1688.156497898137 -2360.4175419575304 2718.522688870648
39633158265637782 -1681.392560750479 -2510.832780112112 2957.1000644645947
39633145246515284 -1268.185913049445 -1997.5539704868213 2261.0117216136928
39633149583427382 -1297.8501924962356 -1866.2559512235612 2199.6331417023634
