data/coord/ELG_6_clustering_data.ecsv
# %ECSV 1.0
# ---
# datatype:
# - {name: TARGETID, datatype: int64}
# - {name: X, unit: deg, datatype: float64}
# - {name: Y, unit: deg, datatype: float64}
# - {name: Z, unit: deg, datatype: float64}
# schema: astropy-2.0
TARGETID X Y Z
[from data line 13077]
39633308128118552 -2023.4011559165751 -1370.2338941245864 3360.707018693677
39633308128118977 -1898.2893175841361 -1288.0789619830953 3156.8797109241727
39633308128118029 -1859.0271986051644 -1255.7383626469268 3082.021676823707
39633308128117630 -1545.8498400046676 -1042.0431069911585 2562.218319166937
39633308128117897 -1625.2590000895752 -1097.0284314102814 2694.843347719131
39633267648891200 -1880.5817644104854 -1254.2624420217796 2812.4286627423303
39633271427957898 -1748.4455752786193 -1150.0282599990203 2625.2513361533665
39633278939958253 -1709.7352360429174 -1184.0708935258285 2651.0132782066094
39633278939958230 -1710.5485818961024 -1184.5595498717034 2652.2681516914813
39633282664497838 -1759.0302594718717 -1213.8286430869946 2758.6778375549675
39633275194442307 -1900.6707488241939 -1276.5245489369793 2908.4074705903163
39633286380652888 -2077.9953202851348 -1525.0055518457302 3371.9291525206954
39633297369727718 -1875.5611986400074 -1418.159348381186 3150.037000298649
39633286363876518 -1458.403728966441 -1011.0477212560884 2320.2022954485246
39633290067445709 -2223.390678133473 -1664.3812415055636 3640.524996682685
39633300964247859 -1790.4672022580432 -1253.4140746231137 2960.6872552611635
39633297369727922 -1874.9337659969483 -1418.797234319427 3150.892482878166
39633297369727892 -1542.9115877585964 -1167.4023789600567 2594.7120008715206
39633282689666958 -1619.7551505123206 -1237.3583107632749 2632.454972501055
39633297369727895 -2030.5589611104938 -1536.3896086177947 3411.900204448671
39633278939958257 -1897.7611207967109 -1314.2942361707544 2943.4645033378483
39633275232192696 -1123.9270701281903 -868.9565958912597 1808.21273600963
39633278973511437 -2127.2068912070886 -1650.322732040605 3441.6061149736192
39633275194444502 -2275.9165360884886 -1541.813371488408 3488.949186270003
39633286380653718 -1768.815132590634 -1303.113193238337 2874.3357021785137
39633290075835122 -2142.0471144246685 -1658.1654659007634 3564.8922035363516
39633293737459773 -2040.7926732796557 -1575.0195853629434 3409.151213224471
39633286393235083 -1313.1655294329862 -1004.8768845793675 2161.4942530088183
39633293724877338 -1419.7849092222707 -1049.5624342221029 2349.365779173938
39633293737461537 -1561.7340297647077 -1215.2925487900152 2618.537803181099
39633293703908832 -2125.784851907247 -1474.454818804237 3447.3798116766948
39633286389040868 -2148.279740181919 -1620.1873035323622 3519.076195505702
39633286372262251 -1646.0151167620998 -1162.2103514658565 2617.729891708906
39633286359681551 -1811.6101538291914 -1232.8219141240977 2845.952081442671
39633286384846017 -1431.2332781523462 -1061.1430740106166 2320.7315449554544
39633290080026951 -1664.7786519182816 -1293.339457525303 2783.2790456256607
39633290080027431 -1898.2722502189756 -1477.309311776029 3157.4124093095716
39633275232192504 -1866.264066299807 -1441.47485775317 2996.359766455397
39633263865628963 -1766.0563435461752 -1258.6835333318272 2674.03830245119
39633286363876736 -2305.8808816736705 -1600.0673603008606 3670.2908807022436
39633286363875365 -1824.2166731359534 -1258.0635251741642 2897.385725617882
39633290063250595 -1917.6408058772997 -1408.75047776956 3116.163062414007
39633275232192481 -1929.1010008614494 -1489.8217443991925 3099.482759513847
39633267682445450 -1741.214982976239 -1306.8612914859127 2703.2234004884294
39633267686638852 -1501.1943009310758 -1138.662472677398 2352.4556510982907
39633263878212762 -1330.0332015227013 -994.3194552000158 2059.2787383121727
39633267682444445 -1841.9555091007453 -1376.4408489820437 2854.017490255154
39633267682446074 -1998.4239169583284 -1504.238064966921 3111.2803111203993
39633286355487976 -1687.0376224683207 -1132.0639563609504 2656.299517374153
39633290059055587 -1301.892799327404 -939.543233575687 2119.2789754305736
39633267682445998 -1652.6545615594537 -1243.5215722740957 2569.5325167681176
39633267682446269 -1696.274635810811 -1277.9026199476086 2644.539609470148
39633267682445309 -1583.740579364949 -1187.9371780943432 2456.6158406407826
39633293733268231 -1805.8140625217084 -1388.9833248570583 3022.225849503794
39633267682445594 -1850.343561200983 -1389.6183924285976 2873.0605655586623
39633267686639074 -1724.3464225746643 -1309.0714877042299 2699.428795349934
39633267686639563 -2047.8530990849886 -1557.8735041215823 3211.4683797018643
39633267686639188 -1821.5405586321663 -1383.4576463281062 2852.8106752917947
39633267686639285 -2087.32535908716 -1585.9540451807075 3270.087242588223
39633275232193094 -2161.605053117323 -1674.383232058484 3479.468797470301
39633286372262311 -1917.5595796865302 -1354.23779750963 3070.259784038149
39633286347097985 -1882.8688319196212 -1219.4681040939129 2914.4604390389277
39633267657281141 -2020.695101139474 -1393.8718402935972 3063.602532673236
39633271440540351 -1875.2735904554522 -1287.8210096433545 2871.244795527831
39633282672886674 -1951.146661853331 -1388.8694369665657 3091.646104470374
39633267657280776 -1968.4882301485097 -1355.8748737649269 2985.3690775423215
39633267657280804 -2273.6325989896313 -1566.192327499942 3448.623534028947
39633286368070034 -1896.6444341500683 -1329.9891949499938 3028.5393901953457
39633290033889525 -1404.8676063286791 -923.2244961505884 2220.3287549429597
39633278923181427 -1832.5829761821606 -1194.8398715599446 2805.260311376163
39633282672887903 -1716.4641915565908 -1227.8380143375377 2728.582240593514
39633290059055744 -1664.8585915731098 -1202.3610358502053 2696.0151504972605
39633260040423266 -2200.943325921017 -1556.4949717047182 3307.8334518354472
39633263848851300 -1897.87803082243 -1272.4158440829153 2833.4818094395214
39633267648891034 -1683.0439364352205 -1121.7907406284312 2519.002267183299
39633267648891810 -1740.1974526431802 -1163.215813364197 2600.9610305349975
39633267653083222 -1877.6660960685153 -1259.7556930466594 2807.530272933374
39633267648892364 -1685.701691161996 -1129.2915417822621 2518.713333780103
39633267653083190 -2188.1091680148597 -1467.8381607258727 3271.180793102621
39633263882404020 -1452.2026037753865 -1086.961997209982 2247.329387172439
39633267661475394 -1655.8370604864444 -1158.8828904868842 2507.990785635754
39633263857239095 -1695.8935179533264 -1166.3164485479606 2550.1059662655457
39633263857239190 -1541.1119801560071 -1060.2660764614993 2318.2540424491754
39633267682444825 -2303.222356828035 -1723.8846173235404 3572.959405483819
39633263874015281 -2019.582360435005 -1467.4586330972352 3075.026323654998
39633263869824216 -1404.6280301946288 -1019.3483971496509 2135.724575806443
39633275232192743 -1291.7986991920288 -999.0209824415347 2072.4637943524135
39633263865629729 -1611.7423488576644 -1152.586366748861 2436.807670492102
39633290059055445 -1964.6656938329431 -1416.8458474959657 3188.7537208118933
39633278923180588 -2363.9611833137055 -1536.3182172679992 3600.284531212287
39633267648892184 -1679.3198404597317 -1124.1222152742428 2521.168760912945
39633275186054043 -2320.8763143719952 -1514.5961016316144 3516.1949145498434
39633267648892000 -1496.6944884628203 -1001.1294599715346 2246.2711151405456
39633275186054182 -1543.1446921605193 -1007.6764532902771 2337.3735032996406
39633267648892019 -1825.3139131970224 -1221.0241012907559 2739.4743371821423
39633260040422599 -1836.8369066115351 -1295.219383999597 2758.4371316190027
39633263853044904 -2083.0795778852316 -1412.1187103016714 3116.785001035229
39633263853044798 -1980.9928839372649 -1342.4246772730257 2962.0188834212963
39633260040422295 -1792.6428448861484 -1262.3329043305685 2692.474183586555
39633263853044631 -1647.493889093367 -1115.7358428272576 2462.813644786359
39633263853045367 -1594.897550564151 -1083.1420649523773 2385.2779158036515
39633260040421999 -1332.1423170903986 -936.9167910884348 1999.7774066270363
39633263857239158 -2116.95829435394 -1456.258296062209 3170.996616923227
39633263857239150 -1845.1261892929376 -1269.2275063683903 2761.602700655996
39633271427957520 -2094.5260623018166 -1375.530405570224 3157.483688873832
39633271427958047 -1984.433604861744 -1306.1775832116562 2991.4876562910426
39633263878211366 -2171.026668938561 -1612.8754918601892 3348.9674890362135
39633271427958055 -1935.1696236719279 -1273.796909594489 2917.28931577702
39633267648892472 -1785.039726028933 -1196.2839610524481 2672.39925484409
39633263878211108 -1553.3384452201226 -1152.7242010073096 2394.0968449288257
39633271427958158 -1212.0125289442935 -798.105529971971 1830.2509829955968
39633271427957853 -1652.207090336613 -1086.5838350616864 2490.820164849842
39633286347098597 -1607.5122428339 -1044.1525262853513 2494.4512863348914
39633286347098193 -1991.5128579608127 -1291.0130159508246 3090.451824019787
39633286347098647 -1485.0904927131992 -964.8550865081743 2309.7129831603647
39633263882404098 -1565.2914270809283 -1172.068779649871 2421.9209249902183
39633263857238898 -2247.403122539457 -1544.3500736757173 3380.888415413105
39633263882404760 -1783.1763342148327 -1339.1103360554919 2764.7517262827164
39633267682445603 -1797.0518464045397 -1349.6554341680019 2788.430685926919
39633267686639691 -1846.3311102034493 -1405.2444056941354 2893.3663381986894
39633263857240676 -2207.379117408384 -1526.984114354004 3318.8986097621605
39633263874016505 -2290.7735950962774 -1672.9005834216448 3492.6964751476703
39633267682446060 -1736.5013332976937 -1307.019147347952 2698.7566234423693
39633275232193588 -1872.877071253979 -1453.763904968814 3007.279727728467
39633275232192952 -1594.9372846827555 -1234.710809583856 2560.41921239145
39633263882403957 -1927.7467781945434 -1442.4176119219146 2977.8600783059064
39633293733267135 -1941.6462195117115 -1486.9534040790063 3258.168695113357
39633271432152297 -1502.2530626047537 -1003.1157173606617 2265.7051103222498
39633290059056576 -2260.2221379509588 -1637.7806219158786 3668.1152868335435
39633290059056848 -1682.84048520314 -1220.6731559053542 2731.4843303839675
39633290059056753 -1458.7498945355953 -1057.79408278066 2367.4304166834054
39633260040423885 -2373.1005144707924 -1681.99597244032 3565.601537455487
39633260040423675 -1581.751883977201 -1120.193882704807 2376.8071433544305
39633271427958474 -1652.171142623414 -1089.2564540412043 2490.6939843309183
39633263878211178 -1509.8009833174476 -1120.7259305488865 2320.0321538233743
39633263878211674 -1506.8771372256651 -1121.107864939448 2319.158323882033
39633275232193463 -1640.7967536247268 -1273.0493011004723 2631.8861374170547
39633260040424797 -2046.0971426003996 -1456.4139539004866 3077.5138601473204
39633263878210291 -1633.4612934015909 -1207.6644638212567 2519.787397433838
39633263878210512 -2228.118161632817 -1648.7597417511133 3429.72316665363
39633275232192487 -1966.7412827488333 -1518.956430950069 3141.1330729136043
39633263857240017 -1717.4159744729593 -1185.2396806823128 2565.9788985146497
39633260044617725 -1464.829379573007 -1052.3914715889125 2212.9755970498213
39633260044616457 -1742.416410827169 -1245.1811610960447 2626.4780913465866
39633260044616437 -2143.695181376836 -1531.8361029116209 3230.4919006137047
39633275236386296 -1655.4825956850575 -1294.2224118596803 2676.8694753752598
39633282702246029 -1448.0763178828304 -1139.9245341187625 2385.8403280949315
39633293741654880 -1624.3380194085767 -1276.9156679002078 2748.820853596892
39633293737462830 -1332.7899420395245 -1043.393707171399 2255.756312124189
39633275190250413 -2024.2688504934943 -1350.5523300611862 3087.187812999638
39633286380653186 -2017.354764475859 -1482.4150325585936 3275.2721019469946
39633267661472103 -1922.87174569622 -1330.3594764421075 2907.6028579547974
39633286380653233 -1770.634907588352 -1301.4330174044221 2874.4073669629124
39633304583932748 -1319.0944827072008 -1008.6673653568984 2261.166747599683
39633282672887718 -1482.9276508528578 -1059.8370808649024 2362.5838983363747
39633286359681631 -2092.8050764905215 -1424.7394764300236 3289.2873069886964
39633293737461337 -1378.9780456264905 -1072.0435818056903 2318.622371708122
39633286380650733 -1697.7455380092888 -1234.599095168321 2746.843141757187
39633300989413881 -1324.4530656873494 -1017.7994763551724 2249.9081889424924
39633290080029087 -1813.9704036545425 -1421.4551484446577 3042.5117726878184
39633293737461051 -1713.748941119263 -1330.3556023789042 2880.7695988308465
39633304583931280 -1311.2752519612943 -995.4297195537965 2241.5859292113164
39633286401622111 -1797.5393871689607 -1407.100891851087 2969.175325224584
39633308149088924 -1379.1071693388085 -1004.762445714911 2345.861758710046
39633286401622250 -1564.1770784275416 -1225.079235425127 2582.195868863218
39633308144897351 -1948.4439095780617 -1415.3927975531644 3318.3395297288516
39633304583930832 -1299.087652318509 -983.8837407624698 2230.236824357501
39633286401622439 -2182.35535839045 -1710.577809568497 3605.1029943959247
39633286401622600 -1824.7384342646383 -1431.108755887854 3016.2217745384946
39633308149088298 -1821.0754103672743 -1323.208043964081 3101.133158745456
39633293737461588 -1605.7841963744818 -1249.7950834843316 2700.118980806548
39633308144895337 -1557.067641244123 -1120.6266196238732 2643.3169139780744
39633308140702159 -1987.7388565126892 -1416.3125754855487 3374.6099191849944
39633297331978932 -1570.084919893518 -1033.0108744079685 2516.888841243393
39633311693275746 -1656.9290172540454 -1180.5790511776506 2813.4576545173813
39633290080027425 -1478.8287670797492 -1150.84609731178 2467.3676959907293
39633304583931259 -2064.25891906882 -1566.810953526805 3547.2333266566916
39633304583931182 -1774.2199441982118 -1346.0665100368255 3047.613885223825
39633304583931100 -1987.3519851416165 -1507.0790748825157 3416.2864006405866
39633304583931140 -1349.8055979574317 -1023.8654270451652 2307.5944341540717
39633311693275905 -1341.6432285785224 -956.5559650136742 2279.339484462189
39633286376459451 -2167.865213435713 -1574.783485336726 3505.1305975254286
39633308144897105 -1462.0605160529897 -1060.6415933894611 2489.291831644802
39633308144897213 -1450.5379975819546 -1052.8856689043557 2476.9477202440985
39633308144897267 -1742.1880510460564 -1265.0241814756828 2976.0907717713712
39633286376459421 -1609.4182340412822 -1168.938099747399 2600.972325605323
39633286376459418 -2052.4991176996996 -1490.7281525593646 3317.150201274538
39633311693275899 -1905.921568342723 -1358.8286428626498 3238.6006371465132
39633297378115921 -2169.488537442403 -1686.7249856900457 3685.3916761140053
39633286351290453 -1456.2397111186726 -950.9000346915021 2274.7673586853966
39633286389042040 -1588.1133598458866 -1203.627086891547 2607.567681974946
39633286380651345 -2007.1997086725682 -1463.503590723834 3251.3196352726472
39633304554570301 -1800.265895242477 -1220.7730181261238 2973.186001034234
39633304554570302 -1726.8060816930308 -1170.9696141160982 2852.0995085612603
39633278977704230 -1862.9107121061377 -1458.7332524870205 3023.3391540971224
39633290080030019 -1954.0407888571426 -1537.0845109226425 3266.236238635187
39633290080029340 -1623.3382127268708 -1273.4421670675247 2716.370820548645
39633290054863313 -1637.3356769310083 -1174.2278261804424 2646.7982866326447
39633278977703955 -1976.834814389111 -1545.7620432786941 3206.021236779225
39633278973513274 -2181.5315695803038 -1705.0957793361074 3535.9469557761395
39633300989413981 -1385.7558372850467 -1065.2496136200357 2368.0384769482916
39633293737462932 -1698.2710008766262 -1330.095849023888 2861.4388317892394
39633297378117361 -2102.8685801876445 -1644.833196481388 3566.221855540419
39633293737462756 -2071.2947088946203 -1620.7942674914905 3490.6030131398193
39633282698054351 -2097.1697151780213 -1644.7100515251834 3443.4352681691994
39633286347099426 -2216.175312609637 -1444.2143967621203 3451.369959053551
39633308149089271 -1617.7484471517741 -1180.2793066088566 2761.442887767342
39633300993607308 -1415.4613152600273 -1100.8295960394964 2417.1499000928884
39633300993606366 -1793.6803859280567 -1389.351230031719 3053.7131868363836
39633300993607411 -1372.9556475341765 -1068.3278965516884 2343.33282656122
