data/coord/ELG_16_clustering_data.ecsv
# %ECSV 1.0
# ---
# datatype:
# - {name: TARGETID, datatype: int64}
# - {name: X, unit: deg, datatype: float64}
# - {name: Y, unit: deg, datatype: float64}
# - {name: Z, unit: deg, datatype: float64}
# schema: astropy-2.0
TARGETID X Y Z
[from data line 6383]
39628351601640407 -2600.899715625488 -608.3417718007847 1194.3489036245223
39628384573068492 -3772.632546851467 -923.6879493065829 1855.4004792423398
39628340562235509 -3211.9510538717427 -889.8855465139866 1442.501012609573
39628334996390667 -3106.4075586253875 -799.0947573930633 1381.4358018493047
39628373651099401 -2950.0020167307666 -795.1879303950465 1424.0523128882253
39628351601640983 -2787.355517382502 -653.6007573417417 1280.5649282092309
39628351601641264 -3574.8724770727313 -839.2763295154264 1642.4320563375204
39628334996390800 -3525.3524967772773 -907.3336814797965 1568.1355009847805
39628351601640878 -3445.542652751445 -807.5844357755758 1583.2422731745937
39628340562235970 -2573.426180419226 -714.1276525483295 1156.6399567229241
39628368177530672 -4055.692547176673 -1165.9713196976736 1941.1343593461681
39628390038246008 -3288.565940536575 -841.3278297722395 1628.3076850231073
39628351601640920 -3662.408767995207 -858.554873494866 1682.17833590869
39628400922463034 -3697.7613219799478 -985.5830221571986 1877.0592665098204
39628340562234148 -3766.076556033668 -1038.3436746931832 1706.5173304693271
39628351631001255 -2538.005678902619 -685.5884573754985 1171.7992903692148
39628357167485035 -3844.8705981635776 -1110.9501468720157 1812.5918316030488
39628379128857757 -2584.3072096602345 -690.951449772448 1268.7617326815619
39628357167484894 -2708.570912920815 -782.1315432744271 1276.717083654565
39628379112083655 -2537.115895789655 -633.5926073498777 1229.1826880370706
39628373659484959 -3374.6356856330135 -932.8908292234177 1625.5997197279705
39628351618418104 -3812.8646266066216 -971.1354282470999 1746.0482652604746
39628340537069256 -2685.5707094875825 -659.9549821660974 1208.3378451902431
39628368135587935 -3044.863474232046 -719.5662797516773 1436.39807946583
39628357138124730 -3874.5686018506576 -976.5849626624035 1793.9577940127356
39628384581454703 -2599.9328020516773 -660.6767551581854 1282.8081926447912
39628351618418163 -3063.452472181196 -780.4198590967933 1402.5615730268203
39628351622612325 -3138.3304767234085 -814.5694520402152 1446.4715833945818
39628357159096488 -3967.525856559367 -1103.7594644102205 1855.4292335483876
39628368181723166 -3373.261093127763 -980.9504906997532 1614.3096451713004
39628368135587975 -3542.4489815080756 -837.2983074355138 1671.533208640089
39628362678800099 -2337.0454288961114 -675.0408957454998 1102.9571607878547
39628351618418017 -3554.851442659323 -905.067204603419 1631.171172783996
39628346077741089 -3173.4295494628514 -769.8881767185469 1438.724478160833
39628362636853495 -2316.9082117502894 -542.6282262115541 1090.5989152702857
39628362632662631 -4049.123474856699 -941.2755302890727 1885.3725343052638
39628357121348258 -3965.1604857461125 -923.7710092520975 1833.0389661452978
39628351601642002 -3797.6134271691813 -894.7092483320325 1737.2527335953635
39628340562232118 -3384.583326510692 -925.5566489810197 1529.0959276951535
39628368135586147 -2682.735696407827 -629.6244917026921 1267.9368692918172
39628357150708547 -3015.2336315938023 -809.5984948170887 1409.0226064774877
39628368135586242 -2840.2212923445168 -666.8202491887114 1341.5904496526457
39628357150708516 -2634.295255595013 -707.2370601155673 1230.985338847547
39628346073549113 -2984.715212822952 -717.3854637377935 1349.930869136633
39628357154898404 -2987.1099380301303 -804.1151631409475 1388.4857334869082
39628390059213695 -3393.866490925044 -944.3697732155941 1691.724745812506
39628362632661647 -2967.832351249703 -687.1167737656104 1395.9691096961585
39628373667876546 -3817.858645832671 -1108.0125835195981 1863.9995827317705
39628351614222574 -3504.1547220651323 -869.7228694364202 1604.309499693196
39628357146513898 -4096.202692062393 -1075.9242128781623 1899.1915354674748
39628362666217641 -4054.9640340243177 -1111.1569488730747 1907.7693299212867
39628379112084578 -3177.4764590048653 -796.3036526120829 1539.9646131524607
39628373630127880 -3236.895982797591 -789.9216131627114 1546.7907051852449
39628379112083080 -2969.0749876846685 -739.667456123526 1439.3354442252003
39628384606619510 -2510.975973274146 -713.6677567607309 1238.27613465198
39628384573067702 -3014.012636755861 -736.0836303289456 1473.1795031210206
39628390038245397 -2944.9102107472677 -751.4850249313475 1465.4074601295445
39628379141441690 -2317.156411346653 -659.0075462061408 1142.2140991751216
39628379141441547 -3568.144809694555 -1014.2786835100491 1758.7523569079838
39628379141441376 -3628.2697311645893 -1030.6774606654146 1788.5363603427877
39628379103692227 -2940.0764183215083 -697.6625694278284 1417.589981237203
39628357129734900 -3237.684461404334 -782.7317919246863 1501.615855589596
39628357171676396 -2618.7339265516807 -761.199673263178 1232.311679514483
39628368177530393 -3256.0875151317246 -935.3463939842886 1565.6189269195406
39628373663681735 -3280.481592909444 -932.6809890304929 1595.802332497755
39628368169143296 -2616.3178399607314 -728.7233162534111 1249.278292317458
39628334996394237 -2876.2790784754384 -750.9644429463536 1275.8544896762808
39628368135590857 -3953.2166094530385 -946.2478347789375 1875.6100516376255
39628357121348353 -3940.013813905274 -918.2673726772408 1822.9802091600232
39628384568871754 -3582.4968154288 -855.34797925087 1755.131218720751
39628384568871337 -2482.782129101646 -591.9127224511202 1221.1280241212094
39628384568872171 -3628.4450605873258 -867.5753144315657 1787.5866173449547
39628357125537841 -2992.3983644397676 -698.068996004322 1386.797057166592
39628384568872199 -4010.861101938839 -959.1234018470419 1975.7880211708223
39628379116274475 -3429.3692037618616 -863.2509706678103 1661.9714021386167
39628351601641189 -2721.6686974027125 -638.7810527137808 1250.3625667571353
39628340562236101 -2851.9930856790834 -791.7450733125697 1280.3685912268484
39628340562235966 -2690.8116152977154 -746.6867835472679 1207.8970936218925
39628390034049374 -2594.719223455424 -645.1947215044809 1295.5521917285726
39628390034049383 -2595.6368406770816 -645.4382807283647 1295.9246708369947
39628373659485459 -3980.5211953464127 -1102.5887145710299 1917.4469408300838
39628379112083851 -3888.814229303264 -971.8973634792166 1884.5501320342942
39628373659485598 -3248.1558128575716 -900.1743853996176 1565.1432421530449
39628373659485283 -3043.113534654906 -842.3700243312643 1478.2501693353504
39628373659485557 -3245.901725597555 -899.4189020527665 1564.2279747287225
39628368177531377 -2908.9759867064486 -838.2964973596152 1398.4897861845477
39628340537070118 -3170.889716117753 -781.6886166926782 1418.3534999728183
39628379112083904 -3452.4379189814686 -862.9406275416477 1674.1571413268118
39628379112080128 -2702.576626716245 -665.626325292073 1318.6967158038387
39628346098716953 -3392.5421864761292 -924.6797975304047 1542.8951502925556
39628368164949884 -2960.5443012802666 -810.987112549504 1418.8140911532216
39628373621739325 -3193.0591757028556 -745.7180172366484 1530.7110695749686
39628384568871642 -2849.9020439589203 -680.2012124920025 1394.228034399364
39628346073550197 -2451.468851238665 -592.3810729388591 1109.2081474953718
39628362662020718 -3147.827226234416 -838.0758885416825 1484.7803658585788
39628379103693033 -2685.5828340153585 -640.0368306659207 1308.3562171655503
39628362662022701 -3967.7497183674936 -1063.8783842509408 1867.1591915735864
39628373655292333 -2358.8943937891668 -644.3593743196167 1136.247348514049
39628390025662642 -3346.678419444893 -802.381885011058 1657.4035650568767
39628373638513489 -2718.9270212523506 -682.2363361190502 1308.5401234025614
39628373655291073 -2857.59411152775 -776.7268179521675 1374.2246484738923
39628362662023044 -2610.4394126011616 -700.6979369731048 1228.6714675397384
39628362662023151 -2610.324867460604 -700.9667397672157 1228.7689364606754
39628390025663016 -2795.408958955444 -671.1328044789666 1384.5949421675068
39628373655291166 -2751.996286696098 -748.2733841643168 1323.2931155484139
39628351605834013 -3308.7943536858716 -788.2365145629847 1518.6515626010266
39628346090324358 -4039.0493519826045 -1043.0532997638763 1831.3882951299172
39628362636853540 -3894.094536469915 -912.1506084590579 1826.9575378392904
39628390025663819 -3947.7017082912375 -950.4293670301437 1959.5961457816873
39628390025663890 -3666.5815074254324 -882.9351648024536 1820.7168026799684
39628373638514474 -2756.820724422308 -694.737253284195 1326.1239266552568
39628346077741800 -2578.8707654039595 -627.5052512016748 1172.5668043705148
39628351605834000 -3309.7750597815543 -788.4004840466974 1519.0616205616418
39628390050829046 -2738.180140226752 -744.4848793366688 1361.6063276764487
39628362662022546 -2455.585785136465 -658.0509435685142 1156.5904386948553
39628362636855358 -2857.177428855967 -674.3767439851505 1345.502235151546
39628351643582627 -3191.716956033935 -906.2169093361895 1478.4823061639106
39628390025663969 -2764.8375744590876 -666.0331368763726 1372.8375605397114
39628362636854110 -2783.2476823800966 -653.6242622534397 1304.4696422227219
39628395474059764 -3817.570093228938 -926.1222429733795 1905.960873186674
39628351643583078 -3226.210473130538 -917.5781019868016 1491.5385601969751
39628362649438765 -3890.374476377872 -977.8957707089062 1832.0516607059797
39628351622615575 -3416.090624853757 -897.6332739150689 1572.1376644458169
39628357142318317 -3448.005275707733 -884.4065088993967 1607.9853589650563
39628362662022944 -2710.2231364189443 -727.2249668760967 1276.2453660816277
39628390025662666 -2960.8202045635926 -709.9582339607539 1467.576013051146
39628384598229056 -2473.540885130699 -672.482640365713 1226.8312637286922
39628368135588989 -2715.3973089322303 -644.8421467261381 1281.535659012026
39628362662021440 -2721.588654955399 -726.6562835133888 1283.7185143049876
39628390025664463 -2855.587703457976 -689.0589112287812 1419.4782702430382
39628390025663213 -3815.3094860107703 -916.6474264345 1893.1638376213277
39628351614223262 -2757.000792946579 -686.1171916793626 1267.0768517053552
39628373663678801 -2584.642900164306 -726.6953729611879 1256.2014278268073
39628390029853488 -2815.7268307190493 -681.4373059865624 1402.3901448571105
39628362649439338 -2790.045573694748 -702.5690481874467 1313.4030020278904
39628362662020749 -3145.7458064242846 -837.649215536716 1483.914683457597
39628384594038696 -3302.248929841581 -895.671536961637 1635.50925397364
39628384594038724 -3520.1506445051973 -954.8895261617885 1745.124030273699
39628384594038634 -3074.9835669363974 -833.7332748433878 1523.1180675103271
39628373642709406 -2555.019469569291 -658.7620550101195 1228.1743357418482
39628351622613768 -3993.123776267428 -1042.4257685196933 1847.932138012531
39628384581455591 -3298.523401592454 -841.4893988711484 1616.7272690485627
39628362649437226 -2712.4886773996036 -678.4824648005441 1269.9102718709137
39628379145636677 -3936.880868493879 -1142.899378336536 1935.2665153611524
39628362653633796 -3679.1878556521797 -948.0275431092492 1721.9324078361224
39628390029854949 -3292.3170880172215 -800.1100741705471 1636.2661756453138
39628373621740321 -2743.6576192267426 -643.4951119558299 1314.674912762088
39628373621740386 -2484.472847982034 -582.8675756090804 1191.1476453908956
39628390059214276 -3785.0797502337214 -1055.1956193094097 1902.8272171023857
39628368152366347 -2484.168937215999 -643.2559088148807 1183.8023591506246
39628368152366360 -2911.760723516339 -754.0234740165587 1386.8839641095667
39628390025664378 -2924.857586118753 -705.572371860397 1447.441570549032
39628390025664286 -2926.022024253812 -705.6078156464775 1448.058655315127
39628362653633650 -2767.323733172169 -712.6444733785262 1295.2634387818644
39628384581455279 -3889.9356189134255 -990.9086698147194 1906.1876087840835
39628384581455512 -3076.465518534712 -784.5218958621747 1507.517633158564
39628351622613642 -3917.719040944214 -1022.2602951489573 1812.6932834750148
39628373642709481 -3318.447512024371 -855.8946324913535 1595.6893269126135
39628346107105114 -3485.3938113417607 -982.0522609572866 1595.78540110565
39628384594036729 -3678.252103307273 -989.5356217773175 1809.6470486382877
39628379128858160 -3573.985104817007 -957.1842544523425 1740.8405775209785
39628390055018994 -2992.4866705228437 -816.0451691445439 1488.578163395454
39628362682991229 -2898.792656753221 -843.1330559894792 1380.5517066595858
39628384594038561 -2913.523515849255 -789.6080822879233 1442.245926473728
39628390055019184 -3752.8402570090957 -1024.0875743235322 1865.9465671907842
39628368173335282 -3747.701961169101 -1054.255676768738 1793.2008960808553
39628373638515609 -2730.9421944030396 -691.9698765486418 1320.6715158323193
39628384598229058 -2436.8153669636295 -662.5104480245184 1209.9554497404915
39628384598229192 -3060.949791212528 -832.6159629346911 1520.2428712715578
39628384598229193 -3074.3786716138325 -836.2726373905732 1528.093629969774
39628373638515594 -2747.0974428710197 -696.027070179678 1318.4599268693253
39628357129733704 -3403.099168258145 -817.7004218590823 1578.7259538142678
39628384598230011 -2709.8767756385832 -739.4840736741597 1346.4277220838944
39628384598230434 -2875.1639946821956 -785.9570346499669 1427.8557770540654
39628362682991275 -2900.828429570908 -843.8528259752221 1381.4805534519455
39628379128857668 -3840.815159799589 -1026.5957878074444 1870.1502413775268
39628357167481808 -3018.0063211294455 -860.92858090359 1412.3433920382145
39628379120472415 -3442.037317061219 -896.0227687473579 1679.8383146024491
39628351622615580 -2710.791063434014 -712.3140864072118 1248.7080237085363
39628351622615583 -3539.380241656949 -930.0476625586439 1628.4370673905319
39628357125541694 -3284.7610395989086 -778.8529744239945 1513.405278049711
39628373630125319 -3232.8474237714036 -779.6687822212549 1553.5206885760674
39628368135588345 -3700.1904469883375 -875.946772754711 1743.883004885201
39628368135588085 -3551.262784726134 -839.7138651200514 1673.7541414968557
39628384598230501 -3766.0965046709653 -1029.751072652176 1870.0561683622
39628351626808793 -2664.48327959898 -712.2139628664269 1234.8562061609446
39628379141442798 -3442.0492577741406 -982.9283558868159 1688.649357819632
39628362670412064 -2915.606981692564 -815.5570372075782 1385.0302050953035
39628357146511882 -2715.302345150462 -708.7497715301007 1256.9611176137541
39628351610031637 -2726.0282377205435 -673.5267438412002 1250.8344630624374
39628362678797248 -3319.453288322654 -949.3867042139074 1581.6264957440471
39628362678797374 -3648.753532617227 -1044.044515050023 1738.056354836151
39628390050827773 -3312.793260833594 -896.2760623815631 1660.5588970125932
39628390055019240 -3678.1621064005544 -1003.8940689557904 1829.0558565027986
39628384594035399 -3251.107277831981 -869.2486542218808 1603.636241490489
39628390059218296 -2869.8082513747954 -810.8096699176464 1444.22351945696
39628379128857730 -3134.29947115906 -837.9220507762942 1526.4421787815468
39628390055018602 -3670.851174290611 -999.6855294696892 1826.7819206727972
39628346081935638 -2969.275895830256 -736.0994508469201 1344.6639598578936
39628346081936331 -4053.131017816545 -1007.740611833945 1831.0031873685537
39628335004781103 -2800.3115984072165 -753.930415612458 1250.8832681482775
39628384573069984 -2959.2569245900468 -727.9568835841067 1453.9342554577884
39628340549649629 -4036.2767914638175 -1043.7636124102003 1810.3796873976407
39628368143975520 -3381.174959007587 -830.9923074459301 1600.6291825605697
39628379116275511 -2726.991900595511 -689.7750697272148 1329.7260873992282
39628379116275439 -3081.2431455423844 -779.0869966842987 1502.5961063188058
39628351643583736 -3829.1886568655473 -1092.0345992231946 1772.7092141265825
39628379116275320 -2392.362988001376 -604.5351796438408 1166.2785708254914
39628368139783471 -3353.6785501354343 -814.7723067553154 1585.508063864445
39628368139784322 -3124.011945289264 -761.9231071805536 1475.8651383107658
39628384577259384 -3454.434997962565 -856.3799480088234 1705.3963408801383
39628379116275379 -3540.34442412584 -894.909993183393 1725.5453213814192
