data/coord/ELG_11_clustering_data.ecsv
# %ECSV 1.0
# ---
# datatype:
# - {name: TARGETID, datatype: int64}
# - {name: X, unit: deg, datatype: float64}
# - {name: Y, unit: deg, datatype: float64}
# - {name: Z, unit: deg, datatype: float64}
# schema: astropy-2.0
TARGETID X Y Z
[from data line 5095]
39633336208983076 -1136.359342728384 -2183.8493723346137 3662.558281372389
39633318999756551 -653.6936526325121 -1305.1028105082416 2064.8564776525363
39633319016530816 -659.6015263226418 -1404.4705296675484 2205.3768599671935
39633318995561513 -1013.0093664438963 -1984.2299656387681 3146.422014555861
39633318995561524 -774.7525230145538 -1517.6122365784715 2406.7969738676998
39633318995561532 -809.6204724388658 -1585.9603234267831 2513.5828398680546
39633318978784292 -944.7726944265542 -1720.5583119115608 2788.5510129308373
39633311957517139 -1236.3534129065226 -2361.392333903631 3699.4876597752095
39633319016532562 -901.3648060387308 -1935.4729128412682 3015.6376891928617
39633332803210533 -964.5360853754727 -1805.5265981811344 3008.603526893237
39633319016530099 -971.3377982707522 -2060.745756872791 3235.808297022282
39633308404944268 -911.0735124694187 -1729.2301277327997 2686.9907409941175
39633319016532104 -805.8000048964536 -1726.6009529489534 2684.6427391663083
39633318995561337 -809.8988252779012 -1585.104712163904 2511.340869399997
39633325966494044 -1062.746305309387 -2267.089813443763 3592.860482269234
39633325966494018 -929.7631351458775 -1983.2522148411674 3143.9285032863772
39633304843979132 -1179.3681359477382 -2349.7354101617034 3580.3759538363056
39633319012337704 -1105.9911791314078 -2322.302417810116 3646.7943251318625
39633319003947334 -999.8878093187989 -2003.1691001493234 3180.9326369986907
39633308417525845 -943.3734729878655 -1877.1547208652544 2889.8412723927395
39633339581204380 -1084.4000484240262 -2041.7564184458593 3445.5472207668604
39633308417525674 -1076.9751059427288 -2141.402512719679 3296.3549284758965
39633318999754822 -657.2833327511314 -1303.2212730366548 2061.7239518989586
39633325937133930 -819.732803857827 -1531.6190108931778 2504.46679470024
39633325937133835 -982.6245864508909 -1835.2757865959245 3002.2760488583135
39633325937133825 -982.6395718042688 -1835.1998577250888 3002.194331903418
39633319020725003 -863.9335669477199 -1874.4563655593513 2912.2160961581126
39633308425915113 -1104.7882796991198 -2285.2080371433867 3490.711016459631
39633311965908856 -805.489611177279 -1612.7625428986387 2508.48679391764
39633342936648584 -1109.9692110810104 -2104.308163805428 3588.8494796425525
39633308425915218 -1191.4257595092213 -2465.4713214146177 3764.3617695036146
39633336225760746 -699.7069012652476 -1454.8628900314286 2403.322188564433
39633311965908935 -813.9718387606039 -1630.0851506560468 2534.914780260756
39633304843979317 -909.6698791073042 -1813.8647726465238 2762.3535237260744
39633311940742919 -889.6147269421919 -1603.0564755491705 2550.939512050433
39633339597980731 -772.561140689205 -1563.5392048436477 2598.427935388583
39633304843978812 -891.7283736580943 -1774.0666858843294 2706.2895532267103
39633339597980968 -1034.7202186791262 -2097.0796345638028 3487.4481063376797
39633336225761046 -925.210061493928 -1926.6614444178779 3181.300714853872
39633336225761132 -577.1447073964266 -1202.388566837461 1984.915931642776
39633311940742951 -761.3866668470858 -1372.274984663318 2184.004305479764
39633308417525691 -1160.287182549348 -2307.1861803142024 3552.2448621945446
39633308417525694 -799.0212736142369 -1588.8461689218802 2447.699262081546
39633311961710804 -894.3916391320505 -1734.553222389496 2706.7861244502324
39633342940840384 -1128.8666196203878 -2151.4840480064727 3666.1251100715563
39633308425914549 -903.9700737299637 -1865.9319457662218 2852.8574797436604
39633336204788808 -836.0697980508565 -1576.0753049592754 2656.2462147503993
39633339597981858 -817.0920258324194 -1663.5301863272678 2760.9130247496955
39633311961710884 -889.9675264775816 -1726.62046003907 2694.3686961215344
39633308417525711 -799.707278455951 -1590.3534898271362 2450.098511377036
39633322489414768 -1195.0535665281043 -2392.173743883511 3801.5807793928725
39633342936648664 -748.6122770479848 -1419.9689979722357 2421.1282241092545
39633325945520274 -917.0458893227852 -1760.8066127368836 2863.49996577188
39633304856561059 -966.214228585112 -2022.9570009877673 3071.1120031646687
39633304856560513 -1120.6887272240938 -2341.5795915485264 3556.052037334509
39633329393239546 -1056.7053574524953 -2066.6734036560524 3386.0890413392954
39633308417525337 -1041.7889871619277 -2067.838633769869 3194.1714735258097
39633315476538977 -1254.0657636956112 -2304.581250036447 3687.6107676877036
39633308421721949 -1112.4969033440977 -2271.6661274306703 3471.6536435050552
39633332799014848 -902.018467029887 -1643.8770749703133 2761.8296539286393
39633308430107245 -1107.7784007595285 -2315.500236860319 3517.2975198285667
39633304856561037 -798.1418505346085 -1670.9510868826096 2536.304311794102
39633308421721920 -873.5273086266571 -1783.3849947235688 2725.4047183472485
39633315484926487 -797.2854973905712 -1512.8521478688608 2407.070377525992
39633332807402572 -1120.5883421499557 -2110.872385665601 3499.5799949779384
39633319012335981 -1017.1805706609642 -2118.2758738440575 3325.910274582246
39633332803210476 -828.9543188815284 -1551.3449338924868 2571.364881233307
39633311978489686 -937.9321897173263 -1974.3939102765405 3034.653931706075
39633319012335899 -931.7937165368746 -1939.6566370079843 3046.1056360013667
39633322472639209 -1018.7586185090001 -1905.7126974842704 3090.738054332931
39633329397434519 -1130.433013100914 -2264.8099855371597 3674.2884208805967
39633319012335854 -1143.4782207429598 -2379.89466852306 3734.1698781946784
39633325945520240 -822.0575432615364 -1578.1482666186578 2566.094961478116
39633319012335830 -880.8840774563905 -1833.097326895833 2877.062192204159
39633336225760272 -766.0801252475909 -1588.9928608384378 2613.385702322738
39633332824181305 -737.4985517229344 -1511.7809282150486 2465.672736857176
39633339577010080 -716.4855759720459 -1324.7924880102144 2249.0735071419253
39633318999756754 -747.3193509199588 -1493.229378369708 2362.436805111166
39633339577009941 -1023.5361418273533 -1890.9690352139821 3211.922085578797
39633329389044622 -828.4305747016828 -1587.1916661423875 2597.1471997606172
39633318987172812 -1203.4551703970726 -2269.3133122122863 3650.0802463336836
39633308417525533 -1177.421605716333 -2339.3732077672626 3589.5372576465834
39633336221565375 -772.1026848937754 -1566.2987088103935 2591.2709428443413
39633336221565317 -818.0544511291986 -1658.9833104527243 2742.8651865171955
39633311953323962 -1047.6588721722208 -1973.9985999461226 3091.936925548774
39633322472637889 -793.912468363116 -1476.8883158365277 2404.558576691204
39633336204788700 -872.8148023979719 -1644.4616725465767 2767.927433866848
39633332799014897 -902.31768102963 -1644.843726912242 2765.5098208643253
39633315480734263 -881.7261914289822 -1657.6659844746878 2637.467946625501
39633311944936988 -983.898703312477 -1802.9016321048286 2850.131100326192
39633315480734237 -1247.3604240789946 -2344.7667029428653 3730.902887452823
39633311965906174 -1129.0765803912877 -2239.296068359489 3474.4606243552557
39633332811596687 -1043.9237461120329 -2002.1847310327912 3310.783590083424
39633336196399148 -1023.8735972909739 -1850.4561871022659 3139.1617448732823
39633315476539885 -1082.0056400375408 -1995.9809677812243 3196.3487427398486
39633336196399150 -908.8698036763092 -1642.614455131898 2788.0863013992093
39633322460056163 -1181.3301162206633 -2092.8294756397313 3421.495566619141
39633336192208832 -1177.2947342574805 -2126.6488581299145 3608.486605167805
39633322460056335 -828.3258700521413 -1468.5178375270166 2399.296509824089
39633318999756896 -1102.9002883307185 -2204.881746401038 3487.443670572138
39633308413331426 -1046.2938337811597 -2044.268596775106 3162.137535930394
39633332794820124 -946.5970584465323 -1691.6484299048086 2840.439997782547
39633318991364376 -764.4168976712378 -1448.6516342857722 2308.411364076723
39633329376464733 -915.7306249468439 -1683.5625716713307 2789.4702707949064
39633315497512579 -1040.577862510883 -2109.783122255748 3310.6723011132303
39633325962298751 -851.9801925669174 -1773.5383359032394 2839.992242276757
39633315497512762 -792.906767856092 -1608.8189063547754 2524.354994500791
39633308404944177 -1055.9600740125327 -2003.453872345984 3111.8562527659556
39633315497512731 -1162.7185070506443 -2358.8897319178272 3701.945479767649
39633336213178783 -796.3932360063963 -1567.243279886639 2607.3801819994533
39633318991366282 -731.8497891307397 -1401.1550856114172 2246.5898471064183
39633339597983010 -1126.5477552475068 -2307.1106313616324 3827.3987816956856
39633311953324933 -1126.5141966017522 -2132.358699214245 3346.085564272157
39633329389044675 -762.2772708785063 -1460.8001715681874 2388.9052107377406
39633332828375392 -767.0866919317276 -1599.9523989329691 2611.495487196784
39633329405821981 -783.4419721580613 -1621.0479277937616 2617.464453653553
39633311949131342 -1244.3196109367789 -2321.5162588262606 3653.7841756616954
39633311949131550 -910.6045372628503 -1700.4772515744046 2675.464951972479
39633339581204262 -938.9354143349958 -1766.825265027028 2986.6430521331904
39633342945034519 -836.2299446184334 -1622.5632090928782 2756.228918007323
39633339581204337 -827.8643639475238 -1558.370626886016 2634.0605711501203
39633329389047687 -826.5293051561788 -1604.3489452165647 2627.2001702055186
39633318999753109 -906.5370261057617 -1783.9610102918127 2824.0765770525118
39633332819986431 -1030.3833400265994 -2061.2001729793246 3390.427666538564
39633301245267195 -928.5211641744792 -1833.4543298105198 2781.7544977687426
39633318999753283 -947.3638503256451 -1865.838361990948 2950.4315492021237
39633311957517907 -925.6434755786029 -1773.3164588616658 2769.134798451003
39633339593786858 -872.5906479996155 -1734.7871103613238 2895.4358441868526
39633311970100743 -858.2725243033735 -1736.3435474737696 2697.7716849894205
39633332828374425 -760.0400561529544 -1577.4657261492446 2582.107581828251
39633311970100488 -922.9164301965926 -1865.0545244542893 2899.892818805827
39633304848173028 -1031.9715342095406 -2090.2389925526595 3187.709040720016
39633329376461056 -1133.13943434183 -2048.6103816688565 3420.2774910517815
39633336204790045 -829.2486764681928 -1573.5326521081088 2648.5762156956453
39633311957520144 -731.2767224066557 -1415.3262434157152 2209.7446802241157
39633329389044671 -1104.3486106564449 -2116.310269256315 3463.83729647803
39633329405824493 -726.5452541085665 -1520.029429809385 2456.160205745537
39633318974586917 -1040.242610560363 -1833.5785897357262 2978.4602199471883
39633332799015881 -853.5674159000353 -1563.8715517708606 2616.3472072293
39633322468444546 -1098.8996411202363 -2016.5462585447542 3277.8472063587174
39633311944937399 -1109.8485671046174 -2037.2531913699233 3224.2283608606563
39633311944937422 -989.4650893115268 -1816.4404612078813 2874.0106561016732
39633308417525944 -992.7171856473584 -1976.1557283304178 3036.8887218955624
39633308409135874 -892.0788687304741 -1702.0546308786122 2643.036231098728
39633315501704468 -854.0208239862394 -1749.4122446732918 2719.324608248168
39633332824180172 -990.1147545122292 -2016.2118751613168 3313.807383941284
39633311944937316 -901.1922609011939 -1653.6672212560095 2616.656482973731
39633325937135177 -851.6747814435402 -1599.7264358447324 2614.401800330844
39633311961710995 -801.9398616911667 -1556.4851166599442 2436.6699132803765
39633311961710912 -1047.9462608521274 -2033.3196326944194 3179.81082781821
39633319008145509 -777.1157318076757 -1614.7184726700216 2532.115473100385
39633311970100572 -813.4138984858442 -1644.3603423293619 2553.8907834590523
39633311965909496 -1071.4520729086169 -2150.2650365580553 3349.2893828136444
39633325937132519 -963.7445603888966 -1790.1303951133057 2938.3884391661427
39633308396553021 -933.6551284448568 -1689.1067715725071 2665.969187953707
39633315472344326 -682.8003055720955 -1232.3486392178004 1967.7838602417855
39633308425915718 -831.2297667894734 -1724.2006623073576 2635.458402100948
39633336200595983 -1123.6400280754906 -2097.6593927727477 3535.8117913827027
39633336192208700 -976.0155564838511 -1761.8098895799471 2995.9617389142195
39633322468444457 -1149.0911105009213 -2107.8491928493318 3426.5282668011864
39633336192208521 -1149.8889228925236 -2074.2005137639935 3526.5854169230734
39633336192208414 -751.6681340688212 -1355.215223562144 2304.5983725850283
39633329372269689 -758.0808464652836 -1364.849696473207 2275.893411377229
39633318974587281 -717.1570180729988 -1266.0517839780616 2064.5567925428036
39633311961710958 -1129.2628924166904 -2191.503734287882 3429.7937789238867
39633336192207786 -1088.5672281755408 -1957.320599353857 3321.453811967549
39633336217373332 -602.3997701879869 -1210.3388514735943 2011.7265710694285
39633339572816907 -821.6786923497934 -1499.2124493747617 2555.6313950972417
39633318982979752 -1214.4692056330448 -2255.569829343422 3625.0993417464574
39633311949128778 -1173.1259609075303 -2164.22503698084 3412.2309728385526
39633311949128758 -803.6567025518875 -1482.3819651410618 2337.6500254419543
39633339585398616 -1022.7507999718919 -1963.341742095678 3313.7522982266682
39633318978783670 -777.801961286429 -1412.0863845782799 2275.641462874316
39633311949128669 -1102.5358499121382 -2032.9019094363307 3206.440973246318
39633311978487840 -797.6469789977547 -1665.3891674689542 2569.7883901728087
39633308404941268 -1169.8890840487609 -2189.169876185948 3401.1096059251718
39633308409135357 -932.4411508941184 -1774.6364882495825 2749.972209778218
39633336208982801 -807.1074372787513 -1548.7515177936662 2594.8966573957105
39633308409135379 -962.8940707312884 -1832.7867377355656 2840.620570938844
39633311970101674 -1100.5673580490345 -2235.6692316138824 3474.243676156493
39633315476539639 -1157.7239643334308 -2133.6140172994787 3418.100596931469
39633325962300439 -748.8723313656374 -1570.3323424454675 2507.5618205753876
39633336192207558 -908.9785293608674 -1632.658850327845 2770.3098639400714
39633315480732704 -1232.2219061347694 -2299.53484319958 3646.9814697138
39633332819985255 -898.1216218883533 -1788.2218342509766 2940.7102906598902
39633339589595203 -756.3748072421713 -1491.0133720221513 2499.616230588048
39633315480733491 -1217.3562495356205 -2280.247334426673 3620.5014840202666
39633308400747055 -998.8823821350245 -1837.067401353163 2872.0279072540256
39633318982979221 -891.1078511344551 -1651.10647549172 2645.065693048152
39633339589593951 -753.4908235667548 -1477.1705001167643 2490.9297458172523
39633342936648450 -812.0781882451324 -1538.2922716805622 2625.709677749211
39633315501703646 -778.7978641989837 -1589.6552304656368 2480.674504391013
39633329372269543 -780.8676168592975 -1404.8072778376327 2345.446414230996
39633311978488624 -902.6146737153127 -1890.81320319179 2910.1215615427445
39633319020724897 -785.8128319628528 -1703.980403605484 2664.08843701935
39633322493611775 -803.6801988506783 -1658.885316549128 2622.9518351652387
39633322493611926 -835.637570700184 -1725.8464787974435 2728.424902621193
39633342945036570 -1060.6518902580888 -2078.077023249936 3521.990768936854
39633311957517925 -973.8898821818758 -1865.8886915215824 2914.1201231270948
39633336192207761 -654.2182204840839 -1176.1335285648079 1999.6247394399797
39633315480733459 -1217.152700493501 -2279.6082508149457 3619.3795806617586
39633304831395554 -982.0336162691167 -1847.523657146056 2865.832594336205
39633332819987284 -936.3032530617841 -1880.0213559161216 3090.481440803728
39633332803210665 -841.7485072346981 -1576.6930452955294 2613.0224037927555
39633332815790864 -736.1689854679497 -1437.555450212914 2363.4636700314495
39633336192208701 -1082.1286072034563 -1953.357782140195 3318.3437299226866
39633315480734384 -1223.036502429564 -2300.4850916200453 3649.4938599033835
39633332807402783 -754.8261567401005 -1423.3839046324845 2360.360195815904
39633311978487919 -1015.737556821997 -2121.4288678205544 3273.8186667175446
39633315480734347 -1069.838091984472 -2011.987022244242 3193.1387846249104
39633311978489513 -935.246202806271 -1967.1346126767635 3025.4327130172414
