data/coord/ELG_4_clustering_data.ecsv
# %ECSV 1.0
# ---
# datatype:
# - {name: TARGETID, datatype: int64}
# - {name: X, unit: deg, datatype: float64}
# - {name: Y, unit: deg, datatype: float64}
# - {name: Z, unit: deg, datatype: float64}
# schema: astropy-2.0
TARGETID X Y Z
[from data line 6599]
39628433264740379 -2849.3723919711897 -737.3026512816792 1551.6166579442363
39628443943438017 -2884.7736580663423 -733.4237186764157 1591.5216814030991
39628433252158349 -3387.763428414119 -826.5605351298565 1842.1172824268465
39628443935050731 -2404.3076908050143 -589.8956396015928 1323.4492101615047
39628411760542710 -3714.943702205871 -1005.9137352921799 1940.5817208564526
39628459881792681 -2703.039846976331 -718.5998048447983 1547.5538427267409
39628470430468702 -3871.109230898455 -999.6283846564927 2251.7373986317302
39628438625061135 -2352.6311703950573 -647.2643207535004 1299.9438406408997
39628443964409894 -3339.143779619722 -940.0236566484245 1856.0831125983038
39628433289905020 -2876.951553600959 -832.0242600003261 1567.7788743961416
39628470434665222 -3534.718553000277 -939.5008259202799 2061.62009098407
39628465166617457 -2664.5706606100443 -715.3118474846611 1551.864196177099
39628449282785518 -3609.0738096141763 -990.4393852504835 2039.9436371653856
39628465179200261 -3481.5111844876137 -990.9178488107093 2020.7543401708792
39628459860824217 -3554.667687135686 -862.3182442136771 2031.8464887891764
39628459881792513 -2945.861530733501 -782.791454440708 1685.2828170665996
39628411760542925 -3712.7467725248403 -1006.3298227917513 1939.9273923017322
39628427929586800 -3009.0439572984096 -874.7298954113165 1639.863902785505
39628465175005037 -3167.8823574732146 -881.1726284472246 1846.329392760289
39628422556680951 -3704.4768363768408 -1065.6532383379977 1989.624150060347
39628422556680944 -3706.53493050096 -1066.196346118899 1990.7530776418218
39628422556680801 -3428.8285141078854 -985.7868860500706 1841.7660836527377
39628422556680610 -2982.536331490262 -856.8499218450579 1602.110960424971
39628422556680450 -3267.5620251765054 -938.231861633535 1755.4093066481166
39628427921198455 -2579.117904150752 -723.6800080853889 1396.97441350338
39628470434662051 -2446.534282426405 -642.3150912061734 1436.2060064835796
39628465179201454 -3471.0337967240193 -991.5515758132801 2015.9145092608376
39628449266013415 -2693.3713508583864 -695.0374427324308 1514.9003360241504
39628438629257651 -2767.7803384972203 -784.3226694058172 1531.0125879365294
39628470430470797 -2810.3354117140925 -731.6127780076101 1650.798582416623
39628443968605966 -2772.7957786052166 -802.7814861852337 1544.075289879229
39628470434665095 -3872.852772260425 -1028.8222761541545 2257.806025692637
39628449266013391 -3818.0585394499103 -985.1862577795066 2146.6692911588093
39628454601164595 -2376.010368307389 -684.3374339352947 1357.1943936896237
39628443930857344 -3620.167766814548 -875.013179671751 1995.786508261032
39628449282785960 -3650.906435814621 -1004.0877457874799 2057.6800090965176
39628449282785668 -3320.0475934206806 -911.8030971771533 1870.3341928712255
39628417154417939 -3806.8358110955965 -1014.332350141395 2010.8191722479864
39628465166617584 -3087.0136910540923 -829.0887099743691 1798.3602341895003
39628470434664160 -3177.945054294193 -841.1053866220616 1861.3131948509906
39628470434663918 -2707.511732586314 -715.9189511722797 1581.784592778269
39628465179200910 -2190.0411789783807 -624.6756294029085 1270.6693892036155
39628470434663677 -3129.94203464095 -826.7962556339995 1828.9806174700248
39628422552490137 -2363.4396078556533 -677.3205336202991 1270.7240651469447
39628470434663682 -2734.7063839012735 -722.4074184712205 1598.7208946148169
39628470434663451 -3494.0154391412407 -922.2878659291505 2040.8753663203574
39628427912806517 -3563.867463344861 -949.01390317493 1917.0346142360634
39628465179200367 -2636.891116980707 -750.799474392464 1529.6255696954104
39628417154419751 -3233.458586131032 -868.4020208454433 1709.5220390460227
39628465179200687 -3117.8569652081537 -888.7079905368515 1808.2998406158988
39628465179200811 -3473.2197945868834 -990.3764480522779 2014.9427364773364
39628417154417872 -3625.173105411023 -965.630975663993 1908.4218070844006
39628454592776232 -3387.4746054195402 -939.419879526035 1932.9971829714161
39628470434663692 -2645.525376031929 -698.876192961213 1546.4357294100366
39628470434663722 -2948.978855270453 -779.1177081308762 1723.1239739477685
39628470434663364 -2568.246453512403 -677.7052110540922 1499.5209391419953
39628449291177968 -2753.304164620415 -797.9110872718367 1555.6368039908448
39628470434665216 -3834.8006541835975 -1019.2374266184702 2245.3170521144034
39628449249234423 -2930.025335856567 -690.6197718558345 1632.6910070335068
39628417154420101 -3655.645081360757 -983.2557678077753 1930.9562227674573
39628449257620684 -3307.482965807449 -805.4388074565315 1851.7646160328895
39628422539903672 -2890.313074078141 -770.2926561868735 1548.1699802937067
39628475690127077 -2781.5068537994243 -723.0976192925461 1635.903859886548
39628422518936515 -3303.7088428141237 -807.447934018078 1756.0729913145792
39628422539904333 -2733.1457096057143 -730.6239371121916 1459.3846934206838
39628422544100079 -3013.1202145114507 -826.2506180157513 1611.3317479544667
39628443930856080 -3020.7165784910535 -725.639199204527 1666.9572089096084
39628443930856111 -3203.7488886524266 -769.7258284881735 1769.0140742413842
39628422527324159 -2699.84106002452 -685.9075216633408 1431.870070017115
39628422548293416 -3675.7240406735737 -1022.8864052489085 1966.2835112924092
39628422548293716 -2902.706368941925 -808.6745237456055 1553.0926643034434
39628443930856245 -3351.9080954871474 -805.8308099430784 1849.6976255679497
39628459877597912 -2819.0185436424445 -733.5670704006022 1606.848461792536
39628422548294057 -2883.427820017848 -804.4001765036035 1541.4718982856868
39628422556680768 -2691.3722186864625 -773.6493471014421 1448.2244153599422
39628470434661861 -3119.376933482855 -818.4669882571425 1831.2025442821744
39628459873404347 -2508.290724601425 -640.7335049552424 1429.8586015355106
39628422527324587 -3314.470708649317 -843.323158896246 1758.6855593597804
39628422518936635 -3070.265767672043 -750.7599595815338 1630.4923954868505
39628433268933999 -3803.9432734777797 -1001.275266492863 2079.543443398015
39628422518936550 -2811.538162512104 -687.2603382951673 1493.5629242861921
39628422518936579 -3532.733501815206 -863.677982315019 1877.2096781994785
39628459873404243 -3440.0423818682607 -878.3893956105194 1961.2634052067108
39628422556680493 -2878.4556694713865 -826.6229425524551 1549.538442553652
39628470434661448 -3268.0942988012416 -855.9369109817679 1918.735345454747
39628422556680498 -2075.719472996008 -596.1057069880311 1116.0940909200751
39628422556680649 -3097.2751709258987 -889.924345880175 1664.978743885256
39628422556680697 -2176.6617675584203 -625.5123172018302 1171.6401241973483
39628459873404436 -2437.6230621452155 -622.9111775288193 1389.083353826093
39628417146030701 -2866.946085916316 -737.8050910580964 1506.529934778046
39628427883451681 -3634.0162373852854 -853.0123828935252 1948.6522376762819
39628417167000371 -3158.872687311391 -889.2609206484077 1675.9557573724621
39628454592776617 -3784.1603759529867 -1051.3974558576451 2155.240702396653
39628449257622028 -3397.297395427453 -832.2227426088551 1902.250488310863
39628422527323905 -2473.265325967477 -627.729502536157 1311.370878838039
39628417167000586 -2912.787650340606 -820.6939537860882 1545.9453595531795
39628411752153587 -3612.978619468158 -938.4279528132944 1884.4449626958885
39628417137641648 -3001.7342135802833 -739.6664694889593 1578.7149564138797
39628465162424679 -3691.877600190177 -977.6336196013856 2144.1701914359355
39628449291174483 -3838.4672243174027 -1096.1111496938443 2158.765939896709
39628454596972579 -3247.756569308579 -927.9523091674384 1845.0983232286371
39628449261818703 -2456.6880654075485 -621.2613535523419 1369.4601491479627
39628454575997570 -3333.0588481439318 -848.1705449716308 1886.9683903751811
39628422548294262 -2682.1968919852825 -748.8536897389163 1434.7216018411727
39628454575997822 -2645.8558513133976 -674.0002138630521 1498.7790779903435
39628438612476332 -3153.887573722403 -811.8170940734848 1729.0696533622208
39628427904422639 -3763.7871068216255 -978.2235686259588 2030.6610850329798
39628454596972418 -2770.453623466502 -790.9975643340136 1573.3139463962736
39628449261818692 -2729.8570533786083 -690.3021186770699 1521.0587625832063
39628449261818673 -2729.955599636017 -690.2733747572502 1521.1560179658045
39628465166615250 -3175.500630180513 -845.9485589636033 1845.9421097882503
39628427900223630 -2060.6128745604265 -516.3869545892916 1106.0320814202728
39628422523129919 -2371.8414613578193 -590.4501453060772 1265.5721378086478
39628449261818569 -3705.640154599879 -936.5830579311869 2065.3080813723454
39628417150227120 -2616.1123365503277 -692.1045380556137 1383.1758041816272
39628449261818665 -2933.7123348092787 -741.7720113800417 1634.8467787889829
39628433268935389 -2398.4524031191813 -634.7267775363674 1298.6937356844685
39628417154418056 -3812.4796465345744 -1016.33508132153 2005.0998264406198
39628438599896626 -2164.075597373954 -531.5419481913714 1182.8330915902513
39628438599896690 -3563.528974446971 -875.5234335873599 1945.5891266484134
39628449291174318 -3124.805153945323 -891.7437822867323 1757.1510149107337
39628438637644989 -2870.9303161291537 -842.0477876563018 1590.5009568925745
39628449249235695 -2464.419203662683 -584.2054228571558 1379.6781066168055
39628438637644866 -3499.493174517018 -1025.7987936034933 1939.2446090166343
39628449261818650 -3157.734976030282 -798.3804395887821 1759.5976092504407
39628427912810171 -2731.505351951463 -737.4649673361804 1479.2264834223722
39628438599894423 -3069.4716768185417 -746.2381518776725 1677.8890796914457
39628449253428463 -2767.8226952762593 -666.1299053271549 1545.6523022632446
39628422527320959 -2359.1955184734848 -592.1426806222026 1246.5693084458194
39628449253427938 -3573.7159007155115 -857.9945520351566 2004.0321614547531
39628438599894698 -3644.9453030693794 -887.2668527156275 1992.469221695707
39628433285713525 -3685.3596381337557 -1056.7385570024906 2020.5863585024963
39628470434664732 -3352.2361767693 -889.4189994164423 1970.0383396240193
39628438633448339 -3005.1252606658513 -854.6755447598122 1666.2180256086476
39628427896033363 -3782.9379970104037 -943.087462260906 2029.489173141839
39628438633448451 -2568.365569546019 -730.8283260419039 1424.0609819180065
39628422527321017 -2870.2038623073486 -720.5246133525983 1517.0651452234708
39628433247965007 -2632.3066679315166 -629.996138990242 1419.523912644391
39628443964410801 -3781.890946011169 -1068.9991462254955 2102.045903003368
39628417141837188 -3270.710928694705 -828.5176470899733 1718.756040158729
39628454601162882 -3181.56666204521 -909.7680328070372 1818.5666173479192
39628459894375947 -3423.4986234748803 -966.5079022057432 1962.8423566275567
39628443968606001 -3425.90733324829 -992.0741231686414 1907.3861298678587
39628417158612456 -3813.6695666837772 -1036.0996300807026 2015.6967784274484
39628449253426299 -3872.10635861174 -922.5256344994225 2152.4938969206437
39628454563419270 -2817.320718484396 -682.7780584854861 1596.276063995478
39628470434663170 -2706.2278893439193 -713.5411281233917 1580.9147301599646
39628449291174217 -2867.1743686650834 -817.8306310229202 1627.2218365747376
39628475690125566 -3162.0969408317383 -817.2778489662118 1857.9698928418713
39628475690125872 -2762.3866920946966 -714.7392975620938 1624.124383454221
39628443930856364 -3578.827821422513 -860.870859841847 1974.5035281322776
39628454575998163 -3637.453976456599 -927.977542560206 2059.13318693917
39628475690126046 -3816.219785675559 -988.059667291971 2243.9912353509553
39628454575999971 -3490.7048583393475 -896.9841478214956 1975.7059110979324
39628454575999998 -2389.159845298736 -613.986510852619 1352.2417750432487
39628443930856299 -3579.6866224898868 -860.8123917116112 1974.8348551518422
39628475690125815 -2966.190262206283 -767.3135556905105 1743.35352192109
39628459869209095 -3900.606688567481 -972.6476997824993 2234.6345916235637
39628438616672150 -2673.2291163258355 -705.6055797353152 1468.9569618864095
39628433268934246 -2909.022166019906 -766.3905732778255 1590.6134379316597
39628422556681276 -2697.7218449927836 -777.0978991424339 1450.238403593345
39628427887644873 -3632.3381776982765 -866.8987883579333 1950.575580349379
39628438608283320 -3068.4675514564706 -778.3803152288078 1690.3082342288474
39628427929587095 -2811.761843751805 -818.1933697408407 1531.434331929716
39628454601166490 -2968.4303583665 -861.0530103028146 1695.8869114476888
39628438608283338 -3374.027961707717 -855.96641098686 1857.9119248517943
39628427921196976 -2814.533862963258 -785.2809844511128 1523.748705663166
39628443930856604 -3577.9717118275985 -861.8632678921559 1971.9949322121774
39628443930856643 -3123.2139721817525 -752.4885860682591 1719.9375918253345
39628459869212192 -2972.142464281702 -749.6508951126245 1697.9812062746405
39628422548293673 -2727.388384506236 -759.711004611674 1456.0048065247788
39628443930856526 -2656.51064255922 -639.5357081808598 1463.8352662336672
39628427900225052 -2765.904929776363 -696.8136735900287 1480.1509726494342
39628438633451142 -2907.594965689001 -836.7666584126395 1615.0833408954552
39628459865014665 -3836.6076155474957 -935.8524934612986 2189.5637289815786
39628459869210568 -2711.8672568073503 -680.0565380120603 1547.0440239121874
39628449291175507 -3919.348226808265 -1124.3577158833502 2212.886250003399
39628438595701488 -2742.5535015925398 -655.7086426559056 1505.8317131798037
39628459890180299 -3488.6368036058825 -961.4037062547918 2003.2183743186424
39628422523127395 -3122.116385634645 -769.6474144628219 1657.738555015661
39628465145647742 -3760.720342165185 -917.8292907092981 2171.693416183839
39628438633448046 -3159.0015311107545 -897.3992883629314 1738.0989259392331
39628443956021463 -2642.803423904034 -715.0738847048652 1464.9545452090588
39628454563416965 -2390.3987382181485 -574.6075789275925 1351.52481760268
39628459881794184 -3146.2147321669713 -840.426396510119 1812.6666964055016
39628422552488725 -3404.0529910043824 -969.9986588319298 1828.8969848294487
39628438616673949 -2482.8669779981233 -659.1107456865005 1365.3001033875341
39628438599893237 -2611.814545301158 -630.908646920487 1436.0290101747735
39628433256354784 -3198.4281857297556 -802.4331114076988 1732.4624506951227
39628422552489350 -2713.4899125306147 -775.53703560365 1455.1266045292964
39628427900227390 -2771.852423289579 -704.5616722405911 1488.234643840467
39628470438859522 -2673.2127503488905 -724.4263255596433 1563.6362218188551
39628454563414338 -3084.9500651729086 -734.8846957308302 1741.0275001451953
39628454563416870 -3871.668576622206 -930.4513785239272 2189.3180977806423
39628454575999174 -2736.5856980218637 -701.1558001132216 1545.6531116193812
39628454588580157 -3889.0504751260282 -1050.0606440360673 2212.4806737282724
39628417154416943 -2474.8931496393243 -656.4886246999282 1306.393876296253
39628443947630652 -3202.332670441225 -825.656208867814 1775.2158029992777
39628433273130914 -2345.7568215277543 -636.4940698733434 1280.7673813897563
39628459894377662 -3100.0401544007623 -881.0405612860309 1795.0149934295534
39628459894377646 -3375.913018301888 -959.3871858463388 1954.6348722612438
39628459894377541 -3376.5814914871894 -959.197564114601 1954.688299548986
39628427887641910 -3525.991739937294 -832.2835549484371 1889.8982590494516
39628427917001694 -3030.591145899364 -825.4919404288004 1631.0497561322
39628433273131104 -2996.9881009205683 -813.8095074952596 1636.4828571317662
39628433285711586 -2324.509920659585 -662.2456111879693 1277.1621370903706
39628427908616620 -3225.4993587927124 -856.5332579314513 1741.8412214803568
39628449253427711 -3418.052965107559 -819.7003100903962 1905.6090147825219
39628459869210429 -2359.2620516130933 -591.357325557025 1345.9704878138982
39628438625060210 -2873.4168813599845 -787.7523629039229 1583.4864083015268
39628454575997316 -3110.346070973533 -790.5854942999227 1763.371443033035
39628454575997588 -3111.2650395413034 -791.7913656082806 1763.6017593143695
