data/coord/ELG_16_clustering_data.ecsv
# %ECSV 1.0
# ---
# datatype:
# - {name: TARGETID, datatype: int64}
# - {name: X, unit: deg, datatype: float64}
# - {name: Y, unit: deg, datatype: float64}
# - {name: Z, unit: deg, datatype: float64}
# schema: astropy-2.0
TARGETID X Y Z
[from data line 11700]
39628346073547436 -3971.7149931304416 -946.8069444278369 1800.2871206364377
39628351647777826 -3286.3315890279696 -952.8304506358315 1518.2351513264769
39628334996393068 -3378.8449710478317 -877.8584164411569 1491.6139885374241
39628334996393428 -3889.4965352813165 -1012.0551970122417 1716.8798249954978
39628329434748289 -2900.980383667035 -772.1214721377546 1279.932341810458
39628334992195788 -3480.0281618797403 -875.9720307030052 1542.920522106878
39628351647778106 -3323.766788860113 -964.7245213291349 1536.8879447691731
39628346073548130 -2885.3033516548976 -690.0660809507673 1306.295467375099
39628334992196567 -2933.4816611790607 -740.2170310708151 1299.4489839861637
39628329438941419 -3758.7334059334453 -1015.5624637219419 1662.5040400940572
39628351647779859 -3302.1908057006895 -964.384045031395 1532.5632729377235
39628329438939424 -3457.3761065531367 -927.5000249150002 1528.4208060129429
39628334992195670 -3070.095058089551 -772.3660885486315 1360.8336730547796
39628334992195710 -4060.154566839626 -1021.6444630634052 1798.3833349697602
39628329438941858 -2919.327511261812 -789.9340963808614 1290.8037456198479
39628334992196190 -2755.479895549004 -694.5635569876235 1223.3449945510602
39628373646905379 -3873.8994443681886 -1024.9398505460254 1875.4753547477374
39628335013169662 -3456.116940541734 -965.5279458049225 1549.1324665473198
39628334992199094 -3889.811052130012 -991.2091812925587 1723.9841356413588
39628334992196759 -2969.4313684748536 -749.8189403175746 1317.9160973690666
39628334992200073 -3044.687865069032 -778.7377363640153 1357.3446162408982
39628373651095794 -2288.3822125226357 -607.8307510334749 1107.2317666996582
39628335004781873 -3375.904210925558 -911.2772266804596 1493.9524728332651
39628329438937274 -3561.399601476965 -948.7956608469301 1571.3634552810754
39628351610028639 -2579.8015341890023 -628.676733065422 1183.1844086281617
39628384577258560 -2677.603624251358 -661.6037750005588 1313.3036715990381
39628379145637446 -2784.623635686767 -810.8280483797237 1371.6478567316256
39628351618417687 -3915.7091975239696 -995.6450049128673 1808.3894826414178
39628384581455018 -3459.7964471991786 -880.348303275457 1693.702451041871
39628340566426233 -4043.118493231359 -1124.8915392663012 1833.1309916940015
39628379112083627 -3368.837522575208 -841.2073751541542 1640.2301780227767
39628379145634638 -3436.207964554671 -989.5570778045332 1681.3021297095456
39628351605835220 -3488.175634033288 -835.8897813558765 1592.4912188908409
39628390038242219 -2941.9152860195713 -742.2985531657315 1461.0210861738453
39628373625931759 -3417.9518198415726 -809.0739154983021 1639.6743411152331
39628373655290473 -2945.4684905152812 -798.5663116644001 1430.442440244212
39628351639388853 -3280.155526188866 -916.0350173954281 1522.9716407728401
39628368181723183 -2990.7064360752584 -869.7715010623918 1442.875235402834
39628368139782902 -3219.434604936933 -780.4276842305748 1528.4847486848055
39628340558038445 -3646.902039037086 -981.1186969678179 1648.954188172953
39628400918270373 -3346.1889349069766 -878.3119614011165 1702.2307379665112
39628379133053658 -3117.8699912586517 -854.4744017097815 1522.6493977982398
39628379120470822 -2908.4354657191393 -752.525291077641 1422.8284696068933
39628384573066068 -3699.717091330096 -899.2472742835324 1824.3902213533775
39628384606618801 -2873.815296362903 -814.6020000351784 1426.4988970453767
39628368177533571 -2925.5039133247496 -849.5430656047862 1411.4102018702156
39628384585647571 -2245.4195705970374 -579.4825920973633 1100.8945123301728
39628379112084191 -3897.68929984002 -975.2524579613469 1897.3300360206802
39628373667873735 -3420.5885461429116 -982.0547931523581 1665.7414055864158
39628379128858768 -3737.9826287487676 -1003.9049120694211 1829.944893211812
39628368173338833 -2539.3242670795908 -725.1700654358119 1221.4453449171908
39628390038242361 -2966.527923717013 -748.8588478251634 1473.1079329315985
39628400918269650 -3786.1365995914357 -990.9306462655769 1926.082381305661
39628395474062836 -3839.8515209607344 -944.1094572676856 1925.8564380788105
39628400918269395 -2866.786845486755 -749.580920143103 1458.9742950114653
39628362678800607 -3179.868813214844 -919.8330682863804 1515.8977590271897
39628395499230509 -3512.9247243435766 -975.7779710032517 1769.1095587348138
39628379145637301 -2813.2904893084847 -818.6976788757922 1387.5015689255918
39628357125541446 -3291.5545928569636 -779.6068263923777 1527.269945053148
39628379145637283 -2816.3012870283787 -819.5089106637658 1388.8717050778594
39628351635194115 -4104.609314254675 -1123.502686295 1886.5928012128545
39628373625929785 -3668.889810013124 -861.3234760234371 1747.6278643853377
39628390050824777 -3149.5817252706743 -842.7731189724839 1572.193965807542
39628346098713547 -3163.508449438379 -850.8436394030239 1434.411548691567
39628390050829105 -3288.2709813737893 -894.2157066994255 1643.134108142427
39628362666213656 -3478.1613439259663 -938.871417599921 1650.0494270690624
39628362666214214 -3445.822525769708 -931.7128744830419 1632.925648264016
39628368156557620 -2477.104681919587 -644.3462034094455 1177.5968563302051
39628340566429549 -3488.0613454649256 -981.1905222457639 1569.6761609354016
39628335008975184 -3429.5891887534635 -941.6297293239613 1530.7972400194647
39628346081936843 -2750.533760279873 -685.3504773132368 1248.5828287628624
39628368139783639 -3114.835757276061 -757.2946082805568 1483.4035296211441
39628373655293410 -2858.399817554653 -784.54562619435 1385.539136737148
39628351643586685 -3516.346215801172 -1013.3501449115126 1630.3895202709991
39628384585648383 -2947.282131647594 -762.8241404793827 1447.8630622761502
39628334992198668 -2476.6868945545098 -630.1462638959468 1099.73490378753
39628334992198853 -3694.113916331782 -940.5291059637184 1640.9528280302432
39628346111299035 -2806.9669786407158 -804.5460217572776 1278.4817371039796
39628346111299099 -2829.953746858895 -811.3092168105057 1288.757385928601
39628351643586496 -3040.497557457524 -875.5767513577407 1409.5686295404455
39628373672067444 -3189.2694315609874 -930.3968220798307 1544.7230692436021
39628395474063029 -3952.556267588051 -972.5375394463099 1984.430525780456
39628334992198657 -3600.615179825646 -916.0662262661283 1600.219026442597
39628334992198419 -4044.8823342457968 -1028.1570567761862 1795.6670122164078
39628373646906060 -3140.6407859462424 -833.3049737959 1521.5566743345187
39628390059213170 -3797.3741160440263 -1054.804488909565 1910.4089082051464
39628373651097225 -3796.0980518857127 -1014.3159663013322 1842.4973012761561
39628346081937754 -3116.6395898130245 -780.0254599679179 1413.3257346728544
39628340545458934 -2565.6567230199294 -659.1279868955199 1145.722206534525
39628373651099023 -3438.9140109426926 -925.7375997972052 1663.9739700797138
39628362653633318 -4090.9349210454666 -1052.1632915064845 1932.1899351289144
39628362653633441 -3683.049156832185 -947.6638938936575 1739.1065192650606
39628334992200047 -2966.0464175618486 -758.5406886248771 1319.7969874632865
39628334996393258 -3701.5069333502643 -962.4229805058706 1637.9094202622694
39628373651096309 -3129.662774983854 -833.1722562439087 1511.8883709692966
39628373651096306 -3602.7132838110424 -959.0989747282061 1739.2240543613343
39628340562232521 -3462.558156804056 -948.7187636629877 1552.248008916689
39628346102911885 -2391.280654466782 -664.5562384291399 1095.3924027254159
39628351647777990 -2465.3998438064045 -715.2577858666593 1142.5458832847671
39628335004781380 -2601.1558409480217 -700.8844806629379 1153.5745937871627
39628334992199197 -3048.0319952106843 -777.0128082401795 1354.311938998257
39628368139782691 -3150.090151535356 -762.9223511909036 1496.7923378182825
39628334992199703 -2796.8492947549853 -714.3022193971491 1241.4170919060741
39628351647778001 -3358.226205016378 -974.3424288654397 1555.3797714039722
39628340570620926 -3683.6686236261144 -1045.8712852193767 1664.2744274817385
39628340570620909 -3655.2646238670313 -1037.747389050827 1651.534676514851
39628340570621247 -2661.228304826866 -756.4447406872642 1202.790988807918
39628335013170700 -2361.558715743686 -662.077628201818 1058.3046961144066
39628373651096450 -2863.398996072525 -762.7106029424482 1379.9973637110722
39628373651097530 -3809.340770146769 -1019.0955668191527 1848.4104758509834
39628334992200906 -3330.9440998221853 -854.4570839016042 1485.6351064829844
39628373651097076 -3757.627063950592 -1003.4609919371107 1817.2842922643024
39628373651096639 -3130.231314803259 -834.3847957581908 1511.1291949613799
39628329434745865 -3134.7590192722773 -827.2474501742806 1383.873660470714
39628334992200438 -3044.581400578773 -779.6651926596268 1357.6242367897885
39628334992200881 -3661.8827438548983 -939.2692632262911 1633.7245557297347
39628373651096398 -3602.8839201140945 -959.4599156490534 1738.437229070346
39628334992200084 -3515.8881834885 -899.3004192712888 1563.331015195379
39628335013169183 -2902.6470153253467 -809.5259285244177 1299.6478810974877
39628334992199601 -3341.320328988718 -853.0544468736271 1485.1027662691724
39628373651096585 -3381.806136506017 -901.2236313597289 1631.9899413038727
39628373651096569 -2857.895203302608 -761.5633266244054 1379.1539385632848
39628329434747799 -3408.8053860255445 -905.7034077420442 1502.3809244606064
39628335008975137 -3832.6532291642843 -1052.0637849978204 1705.3504784363704
39628346073548193 -3388.431586469693 -810.6182677951416 1526.83441867851
39628357142317195 -2697.775742810487 -689.061398640609 1253.2493094883039
39628357142317164 -2893.7521865593603 -739.0524002832739 1344.615952776304
39628384585649535 -3006.27576871742 -781.7027349522763 1478.9657819195647
39628351631001057 -3251.8703210717104 -877.7087848791446 1491.3187754472003
39628368135590406 -3381.121153413645 -808.0257972346316 1606.5787873282113
39628395482451098 -3322.6861503461405 -849.6423069895376 1668.974757593314
39628351614222764 -3001.788039208553 -745.4869617578813 1377.789800015102
39628373655292147 -2950.886500569494 -805.3132228503882 1425.7498508842261
39628357146514222 -2402.942260679661 -631.8101350217181 1120.2073875630276
39628346077742961 -2956.668769232246 -723.1151155588007 1346.2621510214358
39628384606621075 -3410.378358952252 -974.1284554370932 1682.5569978883725
39628346090325716 -4058.002674304565 -1054.4661233089312 1844.4732715959972
39628346090325911 -2740.7317579791124 -712.7681738716402 1249.846609469017
39628351614222772 -3904.3217227968844 -969.6374949676093 1791.1518708931847
39628351605836828 -4009.9434856899124 -968.3771229704935 1845.0594674532456
39628357129735898 -2972.6742217167557 -722.1043800819297 1378.6733868136546
39628384589842097 -3526.482991248646 -929.3028426408576 1735.473886479538
39628340537068103 -2853.266398919221 -698.0161596540381 1280.0327837174334
39628357129736003 -2717.149679657073 -660.333737038131 1260.7605393516903
39628379128860824 -3118.8420934787073 -844.2158159634988 1515.8316849474047
39628373621740022 -3047.7581885999703 -713.8919114624229 1458.5516025121792
39628379128860916 -2718.727968474849 -736.1389652858755 1322.2420730479043
39628373642707443 -2554.064616673517 -652.8850337920798 1232.721655834761
39628379107887374 -3112.239578429617 -756.0868626527003 1503.379365434243
39628357159095761 -2797.35277012315 -776.0874991463743 1310.9988716089601
39628357159095907 -2838.7994287139563 -787.9982410439552 1330.1321801655538
39628390046634219 -3532.4641294763987 -940.6717199248933 1765.6470519126622
39628340537068176 -3504.658046501611 -857.6271319100894 1570.3411906710808
39628346077745315 -3173.560535945187 -783.9519792048956 1436.7058399301914
39628390050827346 -2849.4650101504244 -769.6348585119816 1428.8610248586099
39628373630125811 -2453.3554242396503 -593.1841085929976 1174.3828511213294
39628373642707272 -3593.7753594939018 -917.9527688737147 1735.0122917972542
39628373630125457 -2299.16584291855 -554.8673147889309 1100.2106102203936
39628351635196332 -3361.9555749445467 -926.8781198068941 1551.4019539840003
39628373642707397 -3590.4157540210426 -917.5855798161336 1733.1837739216016
39628357163290238 -2916.4961426683926 -823.8406549459793 1364.5995327486328
39628373621740004 -3045.4807935306803 -713.317145592709 1457.4932729033515
39628351610028920 -3511.3005423087457 -856.9295489983956 1599.8911996348993
39628340537068096 -2559.747078124531 -626.191701740494 1148.0554625253938
39628368148169749 -2848.9409886099206 -714.8731638260315 1357.6523943957254
39628368148169852 -3404.453512493513 -854.7662667987341 1626.5617342294224
39628368148169915 -3407.4476689849967 -855.7559222514315 1628.3692621034693
39628379145634654 -2360.7996644089744 -679.9036661590657 1159.0590308129226
39628368148171024 -2619.900615242293 -661.9310755345733 1250.915957663932
39628379120472128 -4075.0168770275054 -1059.598689550243 1988.722540209583
39628368148171208 -3329.343300691056 -841.9260926243638 1590.3162005858085
39628368152363108 -3465.1289632459066 -882.9790106452581 1653.0117501104353
39628373659488477 -2840.97034301078 -796.9214516339164 1383.137655255468
39628368152364508 -3847.592861152256 -986.8948566144327 1822.581087497615
39628379145634679 -2875.7247391200594 -828.280830845852 1411.9156664703253
39628368152366361 -3076.572315739183 -796.7042552117911 1457.7438544295633
39628373663682678 -2740.7993885484566 -782.3567043378874 1325.0135652021079
39628379141442608 -3478.673914375527 -992.5977559538308 1715.4691577295262
39628368143978095 -3102.539254778336 -771.1894368021038 1480.3232484403472
39628368177531293 -2634.9521618801414 -759.1169500676094 1268.4826137937057
39628362636856993 -2731.5136609903698 -649.2541194716503 1274.2651663434153
39628368177531773 -2493.0722315320063 -719.4910804712221 1201.3721510592807
39628390059216488 -2318.9496338243816 -651.1170302479486 1163.3264218659788
39628362636856844 -2873.7781397464732 -682.6736803755011 1340.2066251323702
39628368177532432 -3351.0186679797466 -969.1934650621597 1608.9035830012288
39628368143978271 -3056.2917137342583 -760.4132118294881 1457.9926133514077
39628390059216620 -3484.58061652119 -978.8768157639529 1748.279095835676
39628346081939355 -3761.337551605635 -948.3284578116211 1714.7023507119056
39628346081939569 -2951.317983163419 -744.7822251399867 1345.702879156679
39628346081939647 -3654.8400092673714 -922.6714538542867 1666.8073386545045
39628346081936941 -3563.6744515809946 -888.3179462568352 1621.0888503947656
39628368173338462 -3862.296362526832 -1101.5557099094028 1850.4253929567442
39628335004778521 -2696.4479454524126 -719.1044389375219 1197.901422228075
39628373638513552 -2874.207291551651 -721.3634753207821 1374.713101498752
39628390055023911 -2737.7400483871925 -758.2980705210891 1364.310691849579
39628362636857034 -2732.5470369491018 -649.5860274930399 1274.8420340082391
39628379141442478 -3604.6259038056983 -1027.9309275314058 1765.6129763297386
39628379141439693 -2917.9979850739287 -822.9449043463594 1429.9498096330099
39628379099500709 -3691.995352854422 -868.3603692084905 1779.0606237028067
39628346111295852 -2502.767852039535 -709.8177917079546 1142.8289651004286
39628357133929132 -2711.270843165586 -668.3167404352524 1260.4279054022195
39628379103691741 -3049.801541228758 -721.8456127776068 1475.1603417336687
39628357133929186 -2721.5127377365848 -671.0614049677246 1265.693573055484
39628357133928353 -3156.013206781884 -775.0702575628068 1456.6868048189506
39628379133055759 -2730.4206629507885 -754.6638830873725 1340.2071309803575
39628346107106485 -3605.560314488289 -1020.7614159984481 1645.9837078893154
39628379141440280 -3635.9337654133365 -1028.0838326652415 1778.284102735061
39628379099500925 -3403.62305514017 -801.4705378994964 1641.5385050258226
39628379141439752 -2462.554198020023 -694.6507989666961 1207.0283455784065
39628368143978794 -3159.9854447352213 -788.1386194675442 1494.7339454013338
39628368148169514 -3193.234228194397 -800.2397355379343 1515.2254359624103
39628357142317589 -3360.6784834656924 -859.6972757761162 1560.557491585999
