data/coord/ELG_15_clustering_data.ecsv
# %ECSV 1.0
# ---
# datatype:
# - {name: TARGETID, datatype: int64}
# - {name: X, unit: deg, datatype: float64}
# - {name: Y, unit: deg, datatype: float64}
# - {name: Z, unit: deg, datatype: float64}
# schema: astropy-2.0
TARGETID X Y Z
[from data line 7038]
39633458724603285 -36.90626371561612 -1080.2153970098366 2488.206905939478
39633463510303732 -44.22142567171496 -1210.1421513756072 2863.83920398113
39633458724603467 -51.92671393743299 -1541.5526725781635 3551.8343888519257
39633463514499868 -27.94568422561257 -1408.8645948334567 3336.1996942707146
39633453867600037 66.18568801845134 -1554.0584694733839 3511.883309743679
39633458741380065 12.81192193508523 -1685.2073989027324 3862.2822525506413
39633458724603511 -59.186866344445924 -1762.4905025248895 4060.0943806204464
39633463514499279 -23.759680000881097 -1106.6203813937873 2618.7906402224357
39633463514499278 -30.392530447498466 -1415.2058550446916 3349.3449076648194
39633463510304025 -46.837671349051696 -1307.4444990532354 3095.938290387742
39633458737187803 4.016129534693486 -1200.6854220359103 2750.048643877056
39633458737187924 6.560625018631971 -1788.7636719711008 4093.950129403389
39633441221772073 22.086570684536255 -1287.9042396431935 2726.1362427094946
39633453842435112 -23.883448132993568 -1328.4387436344086 2971.6343793168426
39633446313658064 -88.57973150104037 -1663.5622157763196 3604.547889728138
39633456304489616 -9.490929219297692 -1237.049175637566 2807.522963387757
39633463514498285 -36.14781597408113 -1484.2611984051068 3506.8256479065044
39633463514498152 -33.1864301994673 -1343.9522597508885 3174.8455511832017
39633441209188669 -18.603354827833257 -1272.579191116784 2689.9024140149886
39633456321267721 68.81948520898081 -1817.1961996478894 4119.568895421554
39633456317073510 50.31181196406926 -1843.6019292036208 4194.634342429969
39633446343020082 43.591887650399045 -1760.3627798544615 3804.831163469225
39633463539663922 66.11720603875516 -1587.2352834770716 3750.4503623095325
39633456325460152 58.929462769668525 -1356.7102255794607 3101.795782265589
39633463522887955 2.6718874541469235 -1812.695839216972 4253.215498723596
39633453867599771 71.30032452338912 -1697.884175187695 3833.961081890537
39633448847020363 -70.81365291462606 -1895.6532487207767 4175.924156506861
39633463522887973 2.7526340843595176 -1813.4914321180906 4253.480522084751
39633438617110634 7.500565063351357 -1613.4797267960316 3398.5798751203274
39633438617110425 8.193452426965692 -1966.6224218963268 4143.20669362087
39633448847020285 -55.90231565437651 -1489.8320804573495 3278.6427320326407
39633448880570935 57.706736686341394 -1520.273407405951 3350.191118654418
39633453834047376 -51.989700574261946 -1360.061481386137 3047.0747421135093
39633461132132705 -41.33772163254123 -1283.2534672980764 3001.34357895755
39633453834047518 -39.48482021087461 -1043.7447513344 2339.040076887438
39633465880086886 8.266362494463515 -1277.6757532973395 3031.388473812661
39633465880086853 8.136302927990556 -1275.24433838218 3026.053981116395
39633441225968575 40.97041851494025 -1249.5089722268265 2649.8246763156276
39633446355601371 71.86085419379505 -1396.1893358023005 3039.292149280926
39633438617112579 16.24436074805904 -1780.8760578975005 3732.737710236213
39633446343020203 46.06842987534184 -1835.9772367146984 3966.484506137489
39633446343017560 29.348890420093294 -1615.2482689502024 3504.2047120368047
39633446351408703 80.51600897445644 -1749.6312342083966 3814.274972962019
39633448847020222 -70.32044825398832 -1867.3765382836875 4114.764945084117
39633458745575664 36.60194863407174 -1613.9500902973161 3731.188733853928
39633448842826422 -82.50869989010026 -1745.0093679363617 3815.472577521882
39633453829852447 -71.05573011181593 -1379.7845822110771 3118.6368075486434
39633461153106357 44.26493052840232 -1553.35377587865 3605.756156778898
39633438604528947 -29.05919965303089 -1342.266798091961 2826.9789556966507
39633441225968487 40.8181982006584 -1250.6052917046932 2650.5816740564683
39633446313656773 -81.50001883524831 -1452.5073331814276 3147.851781105495
39633453871792494 57.24348238753274 -1173.8865644092825 2642.5067314079997
39633446351408839 50.14968032997664 -1081.0923656723648 2357.5393355299084
39633456312878615 21.0645711207665 -1383.1794803046896 3128.9117559378255
39633465880086713 8.08776826120403 -1343.896341612047 3187.900271668124
39633456325462802 83.7907746363554 -1645.6784829475614 3766.2588583030256
39633438604528674 -36.22090812014628 -1620.3635386596115 3411.0591432503884
39633441225966449 45.362959053933444 -1656.0060570866638 3501.2558252755
39633441225966196 30.8726164645372 -1150.201632773282 2430.219681580077
39633441225966529 46.42745404409113 -1684.1041487060509 3560.5429526632006
39633458745574351 28.58440397430758 -1494.24067239317 3441.9987446514215
39633438617111322 11.17076663851291 -1778.1034216582923 3726.152416041501
39633461157299977 66.44784795176513 -1783.088082514095 4156.930016887838
39633453846626434 -29.289314095092656 -1872.1233692145277 4200.428894166449
39633461153107057 47.75140952007677 -1563.4328400242835 3639.6809897547305
39633461127938663 -63.16494997105125 -1492.678224230438 3477.633824444751
39633448884765381 64.74561306941027 -1332.6428561967182 2934.9857560064547
39633461127938582 -47.501185192986746 -1116.0639740705535 2599.785736488999
39633453842433729 -34.416048601006416 -1591.8519693911967 3593.2584231258334
39633461153107324 37.285118327905415 -1190.6839432925956 2780.761783413032
39633453842433922 -36.67245252504076 -1738.9077682708257 3924.646628331954
39633461140522067 -10.723847729125723 -1322.627236823534 3078.113814578389
39633463522888763 6.089965271065572 -1647.0336243454785 3872.0746666041105
39633441209188491 -28.226386106365617 -1880.481499233424 3978.673231886433
39633456308686516 14.451119596303977 -1390.7630142842866 3175.544988233828
39633448859600763 -16.526006898394733 -1566.370747052527 3443.9235920288793
39633448851211614 -63.37774209080372 -1887.7268612611545 4122.830088672829
39633463501917767 -77.143987975281 -1487.2946682317825 3491.591152643967
39633441196606097 -74.05691747778825 -1670.2480710766893 3560.3356246691037
39633463501917791 -62.24445858173003 -1201.4432779253978 2818.513378807557
39633456312880138 32.85741023372897 -1636.7332136913492 3714.004841574729
39633461153107195 39.54253811612562 -1275.337475656639 2975.1592579438397
39633456321269278 46.32359462637181 -1107.345681337129 2529.1020086634803
39633461153107410 56.30471233381662 -1785.0090852268484 4163.800388820318
39633453863406045 47.3323039421066 -1429.4375353469343 3229.4615706440836
39633456296100882 -46.79400133327338 -1584.585511482225 3582.342849800217
39633456296100804 -38.998300482997664 -1311.762085531481 2967.5891736294457
39633458741380386 12.6267942949173 -1483.3643959199694 3393.4357622927405
39633438617109990 5.110300663323763 -1643.1598903453555 3449.767302658125
39633463501916622 -82.54025467403672 -1504.8577502068706 3537.1100708745357
39633458737188361 5.821426817721324 -1218.484645983499 2791.6125279521884
39633438608723856 -17.66460186807201 -1595.2856767954838 3338.823719318197
39633446347211237 31.87713714857184 -1179.2868379994604 2545.0913185855443
39633438617110069 4.84653915233387 -1464.7837597630416 3073.623568273418
39633438617109991 5.523050586300184 -1775.7491073047381 3726.7367554975203
39633438612916961 -4.590231804742693 -1287.4653364099793 2697.62437854412
39633461136330090 -16.288045499253524 -1286.0345337524845 3005.82620977759
39633441221772528 18.669341447944124 -1028.4794804620312 2171.3574985483374
39633448876379241 56.3112923996738 -1645.867537070377 3610.3567563252755
39633438612916848 -4.436302859459413 -1167.4427749459464 2446.8968182977865
39633463501917711 -49.088889695841274 -943.5484121818894 2212.817079184482
39633456312878613 16.34590524681295 -1074.0148315978797 2449.835288460295
39633443763522880 -81.729738859489 -1527.8054607924857 3295.1689982723055
39633443763522643 -74.35154974309457 -1376.1173687285166 2969.0835347225507
39633465880086899 8.831392087424186 -1358.2566105045482 3243.944453560655
39633448847017839 -75.24455227312028 -1751.1969246165133 3844.5335317937343
39633448847017957 -51.90830578051861 -1215.6010258299516 2669.311990788657
39633443780298561 -28.272754899294764 -1684.488277668609 3625.9247768099276
39633441204997238 -29.229494693545185 -1659.6793653194861 3523.828616770343
39633441204997042 -25.659609143109403 -1418.586255348345 3005.1706687710303
39633453859212146 40.56154435660296 -1721.2548015522223 3888.3330510248948
39633463510303865 -61.841759309495494 -1707.5643009350972 4039.689865749734
39633453838240554 -34.66132697089865 -1152.8356110579537 2605.61975205682
39633453838240502 -43.7666166750179 -1449.9110480245292 3275.437607039345
39633441204996726 -29.780753809624827 -1585.2415666528393 3353.2625718266468
39633441204996847 -22.83307965895738 -1230.6826304445906 2603.315552456198
39633456317071957 37.56929404723887 -1619.46025879129 3660.76157194822
39633456317072119 33.7915051012136 -1423.391364341856 3217.110574657412
39633438617108750 0.5585093907452279 -1274.6968925759675 2663.030640711112
39633438612918245 -0.9621760840895224 -1611.8860328636883 3365.659727201333
39633438612918255 -0.9090850029068379 -1611.827545393084 3366.7248558531655
39633438617112296 15.038146649913386 -1763.6068483220106 3694.5480591029313
39633448884767182 90.92363900065754 -1716.4008212509407 3779.9211356392516
39633453867599775 48.86550323151567 -1163.5005394155544 2625.443299489015
39633448884766834 81.57526435314334 -1565.0904516720157 3447.820117466055
39633448851210740 -55.16384047751348 -1553.6780335105948 3404.3941393750797
39633441221774006 35.62607989125605 -1618.1395299286442 3432.352692714059
39633448880572406 76.70465577088206 -1845.4473885368411 4047.637818246645
39633448880572287 64.88773389417462 -1573.609326138742 3451.231406767082
39633448851210708 -49.777260722915855 -1398.3061317950978 3062.631797950341
39633438617112492 13.104120666745967 -1466.1952191004482 3071.2542435458113
39633438617109064 1.8575394640649803 -1699.0880381167458 3553.751647574558
39633438617111372 11.143448162148937 -1738.564773087594 3637.1249281780783
39633438617110855 7.259469900748684 -1407.751351903021 2946.224525187247
39633438617110816 9.879117855498514 -1948.8998181039506 4081.4409982870084
39633456304489599 -9.571959646677266 -1237.3377092115068 2804.331417557919
39633438617111379 7.903351300107689 -1229.6094556417866 2574.0189695803665
39633446309466313 -81.75359705094846 -1410.498214049441 3054.339545842717
39633438612916251 -6.81232627885656 -1318.7311867992207 2761.576713443175
39633438612916577 -7.5012508595234175 -1698.242961180602 3553.7042189851168
39633438617109739 4.239469644119422 -1700.5649143445523 3558.8082436043273
39633441204996961 -24.023865917309706 -1314.9259556705022 2779.736615794569
39633438612916894 -6.474064771260908 -1745.9631496172217 3655.1453119557905
39633438612916744 -8.0583961156944 -1989.5801544980302 4160.772804337681
39633438612916859 -5.411526554833788 -1429.3391242518294 2987.250330228829
39633438612916275 -7.377621379379752 -1438.5873107995665 3013.0681234575263
39633438617109574 4.195117787473933 -1979.9789064791871 4145.207036671563
39633458737187851 4.262187518359075 -1223.5487904487322 2805.054986494811
39633448859600338 -12.453743324590656 -1067.8286754663236 2339.8826601769792
39633448851210430 -61.70786175657813 -1704.8255013568369 3728.0838114847297
39633456329655008 68.75562236152152 -1230.1358050206413 2795.7045131367554
39633458753964792 58.830478670347134 -1280.3525913965348 2932.2342042227433
39633438608723846 -21.547902380644036 -1944.3653536355216 4072.6817003795218
39633456308683688 2.701447440226431 -1221.599901214362 2786.762926518369
39633456308684165 4.884624647142709 -1397.4382629736344 3188.9929522429516
39633441204996689 -30.018792563460952 -1590.8460363537008 3362.9115870963333
39633441204996752 -26.19799367895582 -1398.1772019510543 2955.895980432961
39633451346823191 -102.00002713805101 -1736.8358891433325 3841.7203428887537
39633463539663482 50.230070039932194 -1241.7871216994429 2937.2486669801715
39633453846627182 -18.684436289909275 -1405.9117373382528 3149.3391412684077
39633456300295000 -27.308153499477907 -1398.1071815660373 3180.6830740352557
39633456291908767 -49.25755076865672 -1422.2437975726884 3222.8691883088127
39633465863310284 -61.57202877070599 -1633.413704877324 3879.0894497097665
39633443792881058 21.074081234387926 -1560.361202286325 3341.4104720782757
39633443767716768 -84.60842559309359 -1918.6418492484345 4140.396237520166
39633451359405433 -44.494028592305476 -1585.673810412589 3526.499239639615
39633443792880930 24.78857952037837 -1883.2356411891637 4032.466733224597
39633448847017818 -79.22160636360582 -1841.6706354348057 4031.5255427703255
39633448863795637 0.4502655528738554 -1836.42383376189 4045.283803219902
39633451359405374 -38.42429525747788 -1362.6502405979345 3030.9904299261584
39633456283517057 -95.39733175892275 -1479.6301467348203 3373.088410203246
39633461153107028 36.22740487013955 -1189.9227114476362 2779.3763164547336
39633463514500192 -21.957039605052618 -1158.6371735419943 2741.2955076120124
39633463514500404 -27.757216838645576 -1509.3562895415514 3570.1726170263614
39633451346822832 -80.36368702321352 -1352.6582890014643 2994.124397887001
39633451346822938 -69.09788017467945 -1166.5194871833905 2582.478444434515
39633441225965682 50.18859569779321 -1960.0044244241315 4172.222550805032
39633441221772014 28.46891310739977 -1671.944221219674 3530.926783601083
39633456321266105 52.780607220668756 -1573.9497519346182 3558.5010086007705
39633441200803647 -45.34006600633678 -1747.8971185305534 3705.2879106803243
39633456291907254 -58.794429995953 -1521.5141619475971 3441.1080265332776
39633448847017884 -65.5288368368344 -1528.8696145804977 3344.86074141672
39633438612918122 -1.0416330902695494 -1206.4039325398583 2527.891642466974
39633438617109021 1.7772774585050746 -1777.3816919257927 3724.5720179757336
39633438617108982 1.2805466072202771 -1402.9252644342791 2940.801390575404
39633441221772453 30.14578658423142 -1675.855769551824 3534.9601902969853
39633438612918320 -0.6745238523047656 -1696.361007353939 3557.829835774076
39633438617108598 0.20063759752089239 -1687.0777606938086 3534.6044484956906
39633438612917907 -1.9341010158828698 -1394.9858028188105 2926.3843240731767
39633443776102934 -41.01483444874379 -1383.6580341627955 2984.709201412969
39633453863404019 43.69525477412044 -1566.8434447698025 3531.8917994421654
39633456329655526 57.7275076729171 -1006.1292363332522 2291.938235382604
39633465888476974 58.26410886226638 -1771.4245287557392 4218.556601800772
39633465888476982 53.09186499846867 -1612.7563317756624 3842.1652231535572
39633465892667524 57.96199412562732 -1707.5122446346413 4065.4798311785194
39633451342630259 -76.23843567323964 -1168.5662397451654 2599.909843330457
39633458724602117 -66.30002000648511 -1773.2087947420328 4091.0057287709337
39633451342630272 -71.41576045222276 -1095.2393007625974 2438.3445159059215
39633451342630213 -91.67978428273682 -1402.2567599170595 3120.352309263426
39633451342630279 -104.59778423498014 -1604.3631154710783 3572.496137266367
39633456279325400 -78.63568217431578 -1165.8073984526707 2649.242568206132
39633448847015994 -79.41963997125112 -1690.853201164179 3701.5235742816285
39633451359405560 -35.915378483882556 -1293.8511945095413 2875.2406867498416
39633463514499647 -27.202995334776936 -1327.648635174244 3140.001875152126
39633461136330026 -16.47732040538965 -1281.1844792354914 2998.5706150230617
39633448842826528 -64.27270332339096 -1366.4338626048313 2989.4652083449637
39633461136329768 -16.82968643083962 -1244.3632171007048 2913.5114621341145
39633443797075068 32.75131073273026 -1406.7520938906755 3006.318047675317
39633453863403909 39.431774331730026 -1430.8649709620593 3224.247336276253
39633463527080714 10.01928307373451 -1341.7450669052957 3176.411295071725
39633463539663613 55.149404856254534 -1351.0092539523728 3193.1179397017763
39633463539663668 55.324195205852746 -1351.234722144091 3193.7422458570327
39633453842435822 -24.012163723191797 -1489.583269693415 3335.713230075564
