data/coord/ELG_9_clustering_data.ecsv
# %ECSV 1.0
# ---
# datatype:
# - {name: TARGETID, datatype: int64}
# - {name: X, unit: deg, datatype: float64}
# - {name: Y, unit: deg, datatype: float64}
# - {name: Z, unit: deg, datatype: float64}
# schema: astropy-2.0
TARGETID X Y Z
[from data line 11355]
39627776319293974 -2695.8449728254536 -2171.9640054644965 -24.45936343055619
39627800482679267 -3523.4536329241187 -2864.9315781405403 46.1787629352441
39627752168492360 -3442.8297612051824 -2826.8565682794597 -108.15536325370576
39627752181077920 -3208.24114291141 -2714.4279727850244 -117.30914290463133
39627776319294452 -3474.551816334777 -2801.295796386209 -33.28562525469787
39627776352849372 -3268.459098555427 -2830.656357867622 -31.87775138340008
39627782384260207 -2491.8118858731827 -2123.516810742218 -13.328915354523398
39627776352850810 -2448.724161299118 -2125.53992594433 -27.838568317948397
39627770292081085 -2555.6998250419183 -2120.4251867393227 -46.78691282455205
39627788432442773 -1850.964165464566 -1598.4200918379922 3.0656086556620843
39627800499456150 -2653.3144542997475 -2234.1632666759865 30.18092520175049
39627794434495392 -3314.7785590406324 -2658.075817854051 15.983264925760157
39627782384260153 -3047.551311988407 -2596.950179795193 -16.29025694566147
39627758212487025 -3329.62031533064 -2767.1277289699538 -91.09177077105046
39627788432442665 -3247.1980671691904 -2803.7765778847565 5.34856425163401
39627770292081299 -3437.3779324422553 -2852.7654689096935 -63.82062844638685
39627794451267635 -2377.154394606029 -1959.6280356745842 11.040203638197701
39627788432444851 -2079.600911859343 -1801.4743389331509 5.30904862102961
39627770321437542 -2542.8060731373653 -2232.917222397741 -45.47288794355079
39627776319294565 -2657.3128864860314 -2142.8233261290147 -25.13643282065136
39627800507847244 -2457.9282868457053 -2116.036239651606 26.796605919546494
39627782354899885 -2362.938374794004 -1893.1545328114785 -12.594808366889183
39627758212483044 -3215.1335089410063 -2657.686945265874 -85.86202178277159
39627776344461741 -2876.2185739637807 -2450.5752333383725 -32.31346319933799
39627764260671470 -2428.9602055483824 -2050.0246066724467 -54.658944272578246
39627770300468102 -2055.8590542086217 -1731.6936446776072 -29.748438921480187
39627800482680948 -2126.7027661555994 -1734.0859657196074 29.181540175921185
39627770300467902 -3129.9298485960326 -2635.556635866332 -46.12784556995175
39627806539253835 -2309.4541325172377 -1944.3114154241846 33.515831472657084
39627794463853178 -2227.507229956677 -1893.3668172479202 7.431049351836313
39627752164295043 -2133.1529387299374 -1728.4893844108121 -70.75542798652044
39627788415668133 -2406.1553793072403 -2013.3943448572857 6.242376742029475
39627794438686711 -2607.569014585405 -2098.8835020602182 10.87281181073778
39627770317245771 -3052.444205827027 -2666.420343352949 -45.963390792555145
39627764252281079 -2923.097622106284 -2416.9358113597395 -71.50838668593747
39627764252280765 -3367.4689345646093 -2783.426329906302 -82.8288103193021
39627764260671694 -2603.22134128241 -2197.778749403772 -59.30869301861541
39627776327681216 -2379.6581199800958 -1947.5559103543453 -27.999861799684016
39627746124498731 -3204.908918242374 -2602.545270831497 -134.4909341770036
39627758204092783 -2449.108045491814 -1984.1281963315946 -62.63464196188032
39627758199904239 -2904.779612478378 -2352.220798828225 -75.23775898508184
39627806526670655 -3321.029350051509 -2720.6182734553918 47.724887472325605
39627746124499442 -2177.792785053186 -1770.3296712042504 -83.56145658479433
39627806535058542 -2659.1435172486645 -2215.156591702977 47.59175695695135
39627788428250044 -2449.119366584475 -2100.2898322050737 -5.731738596203728
39627764243895197 -3461.25059610156 -2823.5181723397745 -77.94002315861795
39627746128693736 -2485.8337991437993 -2038.9206866983561 -99.28211515725829
39627776344461984 -2584.0094750821763 -2202.364357526298 -30.049187468867384
39627770308855462 -2164.4346642910023 -1852.0619128461353 -33.11408555771885
39627794472239990 -2464.260063246711 -2126.2358720692187 9.287937823010514
39627758208291498 -3517.526471100193 -2890.2320807463116 -105.13876421951281
39627758199902376 -2793.104350010046 -2256.1748171449094 -76.22625317455217
39627776357043103 -2258.784788465352 -1972.7716387331982 -32.681464205610645
39627776319294514 -3445.3941583159826 -2778.1000229504225 -41.22139805023441
39627776319294833 -2736.2409507268844 -2207.3054601415374 -25.74827646677659
39627734057489666 -3004.0458798584996 -2518.3706471007404 -147.66895555179718
39627782380063203 -2586.9903849038055 -2178.055409975284 -12.064191942268499
39627740097283722 -2406.15677616307 -2006.7446840317234 -115.57658008114701
39627752155910085 -3562.0522146797557 -2851.1005504940294 -111.21057519052336
39627764248085247 -2663.4167155904993 -2178.435638610005 -57.61675534228467
39627758233456935 -2015.3225281333448 -1746.7532684861144 -58.50600736798561
39627776327682876 -3353.5979152926584 -2751.809318030361 -38.544679407439055
39627734057485195 -3105.075064801885 -2585.9067355861903 -151.06345433177339
39627764273250700 -2507.2284268303433 -2161.452920967864 -63.760864337149464
39627764273250936 -2648.4461113406715 -2283.9118831608675 -67.51533554988049
39627764273251059 -2278.1033998143635 -1964.8276617252557 -57.79848007799193
39627776323486194 -2121.0659499730996 -1718.686889643085 -23.947141319527532
39627764273251633 -3036.0284753141427 -2620.5446086103643 -76.55580570433868
39627746149664283 -2639.764942641684 -2260.022034640313 -107.80909322390528
39627740080509718 -2194.8034801988897 -1774.868138770904 -92.72820455011941
39627746149664319 -3129.747138912885 -2679.668874407468 -127.67708211093161
39627740097286676 -2703.2073036156958 -2264.798255514366 -128.60998928511944
39627740097286711 -3533.994452859073 -2960.9632814678716 -169.48896175687767
39627764269062108 -2130.3389897723687 -1833.8079454256647 -54.52747573263452
39627758204094934 -2207.260038243955 -1793.2414943255153 -65.9674210149629
39627758199898834 -3380.7623048709174 -2716.680994450283 -98.6294627471788
39627758199898766 -3309.7466150357213 -2659.2946235591157 -97.03699327599676
39627776319294696 -2608.9854782457805 -2104.284499280448 -29.657501508158685
39627764269062167 -3192.1577653449754 -2748.0623085950624 -81.25541793056233
39627758212485584 -2560.3033881792444 -2123.538653789357 -67.07745438764672
39627752160101416 -2936.0678438946943 -2360.4730740084747 -94.3262816107695
39627776331878556 -2487.9192985770296 -2065.4636864444587 -22.06495190913934
39627776331878391 -2566.493621777543 -2130.0529505070162 -22.555743956175274
39627776319294888 -2272.108068774392 -1833.056870963264 -25.020514325603457
39627776319295013 -2737.3383066589695 -2208.756322959165 -27.88568206119776
39627776319295157 -2693.4870754403582 -2173.7962637935043 -29.44404334879393
39627764269061279 -3333.8882060863384 -2866.630605823791 -82.57592583673464
39627740101476945 -3095.8473009434038 -2599.8937276041565 -149.381389733178
39627764264863089 -3210.1578347884756 -2722.8182627441593 -75.69171429878418
39627782375871445 -2255.193026773321 -1890.2882801077758 -8.149974279145379
39627752181073473 -3412.3265528421643 -2869.148782722016 -111.75339495355603
39627746120307342 -2148.824512210164 -1737.9742646014 -89.38618165218332
39627782375871595 -2807.9814832092293 -2354.248430576736 -18.270986790024594
39627782375871327 -3321.0158729851796 -2783.103187487452 -21.294462988791874
39627734057489935 -2962.728768538759 -2484.7784071734386 -144.83347195029265
39627746120306903 -3045.356608930297 -2461.5537881079135 -126.48733773200206
39627734057489776 -2680.149899703928 -2247.1924191280987 -131.58034382985525
39627776348653360 -3338.3998393796383 -2858.7172244336975 -36.47410619762816
39627734057488704 -2951.317416814943 -2470.2577864119644 -145.2537979758589
39627734057488991 -2615.673205294506 -2190.328354126916 -126.9805337641273
39627776348653318 -3041.6202265790307 -2604.4472295763244 -33.22330360077872
39627734057488535 -2174.9873303920963 -1820.0441740224132 -107.72725506171572
39627740088896725 -2654.164674770748 -2178.768468245683 -120.1426517728755
39627734057486536 -3265.4890546420716 -2724.630527339132 -158.53774916259985
39627734057486061 -3105.3347123731855 -2589.282550191645 -150.69991498962813
39627746120306497 -2131.4844812692163 -1721.7355741544638 -87.95710865495818
39627734057489861 -2333.8014463284967 -1957.0771162494482 -114.07392427585965
39627734061680442 -3189.5056351971202 -2683.302254680884 -154.83853095799714
39627734061679885 -2772.700381167515 -2330.772555000279 -134.5502114056153
39627734057484339 -3077.798372030379 -2559.852207645787 -149.758358811806
39627734053295757 -3444.297295139011 -2864.0956021483967 -167.90613011516365
39627740101477071 -2526.9056094981374 -2122.4234892516733 -122.40409384053429
39627782350704336 -2585.881135530603 -2052.3160130665406 -20.47394333916638
39627758237649704 -2129.589952961364 -1857.5665505924248 -64.78666191071424
39627782350704530 -2937.576014948004 -2332.1721080780426 -22.595876445522315
39627746145470231 -3432.634425771477 -2912.875262026027 -146.63587330123758
39627752160101316 -1869.8588047202861 -1503.0530016781156 -60.09431137846142
39627746128693032 -3227.290724012441 -2644.2696262856352 -128.81773337561114
39627788403085976 -2593.388477142673 -2113.662641000129 -5.792631706969279
39627776352850617 -2568.6997519501083 -2228.977583182323 -28.671990314134632
39627794451271131 -2528.7936744041267 -2096.272319999688 7.461563822097605
39627776327683170 -3354.1483375739676 -2753.472367980169 -38.476055221203914
39627758233453505 -2596.8045710719257 -2240.8764116198386 -72.1328082932002
39627752160101410 -1831.7932562774195 -1472.6661038594957 -59.90684800057778
39627746120307355 -2124.8520030853447 -1718.6093804137472 -88.10094303129308
39627740101480129 -3358.825778841971 -2833.7016709760114 -161.68829256239025
39627782380063331 -3245.271724391107 -2732.6714629477465 -14.343709131459237
39627740080509835 -1898.6016806685423 -1535.6288355052243 -79.97844026094182
39627740080510216 -2653.081890121973 -2147.1024942059757 -111.96565955325623
39627758204092799 -2165.360979284929 -1754.2882092346847 -59.02660015251668
39627764235504373 -2319.1169211855763 -1852.0835063479026 -47.82048557524571
39627764235504376 -2010.5639244950394 -1605.675989956899 -41.250818516163214
39627746124499444 -3383.619639988334 -2750.5550834251276 -129.5562885297449
39627776323490549 -2736.6799043419755 -2229.979872800881 -30.368828700613722
39627758237648342 -2291.2051466666144 -1994.8236159883752 -71.16255063529316
39627758237648382 -2762.2395249773494 -2405.056840347109 -84.35736008550764
39627734057488354 -2466.948605076151 -2063.8010752556947 -121.97661646124247
39627782375870924 -2840.7129071718878 -2379.1661503710507 -15.472636298773669
39627740101477917 -2184.2069659813587 -1836.6860425653933 -105.26950782425868
39627734057486212 -2405.72265030384 -2006.4154631887786 -116.88934307805776
39627782375871145 -2943.961724205498 -2466.420756814 -15.36916985494737
39627794438687474 -2770.9982071202467 -2232.58905924466 12.28732190408958
39627740105672834 -1821.6693722672067 -1547.1537078822498 -80.44074620659026
39627734057487534 -2436.2652433266944 -2035.6626074562946 -120.88317842708285
39627776352848414 -2636.016102584325 -2279.8738019621715 -29.473553398424208
39627776327681693 -2801.904985735554 -2294.9756282971416 -31.94108901320836
39627758208293216 -1996.6423474172427 -1644.3593199235843 -58.188006598308
39627800491066396 -2555.5954199112493 -2110.0976562761307 25.490668002808093
39627794451272897 -2521.9479071253063 -2096.6424839080464 8.045306346487717
39627782384255694 -2382.864456534228 -2018.477948630558 -15.456077127068959
39627782380067245 -2898.408832239868 -2452.336460024378 -11.194729941018162
39627740097282119 -3462.6527994024063 -2880.000901958942 -155.11740924001273
39627788411473493 -2497.29191769463 -2071.475732206825 0.9780884116323544
39627758208293421 -1855.9694230026737 -1528.9561862624946 -53.38962115193244
39627788436637902 -2426.4257840727496 -2116.252428148661 0.9975932296287566
39627776352848046 -3498.0106985524385 -3024.0498435354793 -40.009773991053905
39627776357040214 -2594.7434543421 -2255.7936454924106 -26.703121964389968
39627764239699961 -2492.718665697354 -2011.8245055833568 -61.825589110319854
39627764239700022 -2431.5856940368117 -1962.6079671372088 -61.03996239149275
39627752172684435 -2220.088305638843 -1832.8722958868218 -78.49406522450246
39627794434494814 -2628.7527054955626 -2106.169608168833 15.065605589902125
39627794434495247 -3003.87661607457 -2408.2455480276926 16.043657972577165
39627794434495470 -3048.957700015019 -2445.1754279974566 17.429707296072575
39627758212486955 -2967.0373792880364 -2465.562795211393 -80.71867306175707
39627758199900531 -2495.7116783077663 -2010.4873120595264 -69.58994968951804
39627788390502535 -3299.751224151396 -2619.3064988095675 -3.7838631995667313
39627794434493184 -3549.4191271901555 -2836.1357304427825 22.901943905361293
39627764277447030 -2934.072837400922 -2558.450251061446 -71.5989287269502
39627776352849208 -2818.696806405662 -2440.5066307755333 -31.84238449615448
39627788411473953 -2032.9284855383255 -1687.570874436369 0.1783968503562438
39627752160100807 -2495.510262300698 -2004.2394187159812 -87.28550216050182
39627794434492376 -2307.902643174635 -1841.5283518725269 13.244128074388412
39627752155906161 -2507.892081339777 -1995.0742813936613 -79.35871462555983
39627800507846992 -2466.667095074871 -2122.5688319053597 25.90609923330256
39627776344459337 -3007.86105433791 -2553.810717241424 -26.193985995664544
39627788419858826 -3209.8205500562517 -2694.488735451272 -2.9002240944699107
39627776327681480 -2342.577982129051 -1918.0214619031533 -27.737717779753307
39627776319295828 -3395.798356770751 -2742.8746276230936 -36.75227268475889
39627776327681499 -3257.479793445344 -2667.2061666951786 -37.940484704007595
39627794451273106 -2072.9479263770427 -1723.8700709691361 6.44151342222102
39627746120305901 -3192.880275518921 -2576.464235097927 -132.8999431638409
39627764239701302 -2774.875023403975 -2243.533968287613 -68.7299934715183
39627764239701143 -2560.791010434674 -2070.0321321185625 -63.244105914588566
39627752155909612 -2784.5007067008687 -2227.023440993712 -91.01107883838384
39627758204092790 -3479.811101782903 -2819.1679131708124 -95.76415098316166
39627794468048834 -2634.146123094451 -2263.8716737318578 9.643322552769364
39627740084701817 -3294.3138285100563 -2678.4463187448155 -144.38177562762473
39627800491069363 -3333.3014127872084 -2765.5382163240765 45.1613155721097
39627776319295264 -2307.9450273853645 -1862.8436136539945 -24.84935262751881
39627752155909372 -2782.383729749256 -2224.559682399369 -90.80415498965272
39627734053295308 -2712.123631133752 -2253.732765416714 -132.05747067838928
39627782380067668 -3508.8715680740174 -2970.3266048854953 -23.564723077836913
39627788403083040 -1890.9045217281066 -1534.741067414944 1.8902164985996088
39627770292077704 -2789.3719005688004 -2303.021002105118 -49.25313475463182
39627776319295262 -2609.020645215501 -2105.853065470264 -28.228183466211824
39627734053293387 -3085.563405663133 -2556.6147394414666 -149.37326426048648
39627734053293871 -2665.6661040696117 -2210.1675968772747 -130.16194439729756
39627746145470534 -2097.5959518683367 -1780.793499074119 -87.89416659845926
39627746145470942 -3158.541624978207 -2683.032115582388 -133.51654607672032
39627734057489898 -2957.665538181158 -2480.4003830661795 -146.22640917846846
39627770292078099 -2526.8072600778332 -2087.3736092646095 -38.735615752281866
39627782380062376 -2591.723565697475 -2179.566277697947 -12.591322129651463
39627734057489453 -2153.837308405903 -1804.9642270397649 -106.30641976480969
39627782380062720 -2926.7454058152043 -2462.488348960378 -15.86075701881711
39627734057486837 -2516.247123888926 -2100.385551003055 -125.01055730450082
39627782380062480 -2559.5243510297937 -2152.7558812300867 -13.980126994942328
39627734053293531 -3303.374656194055 -2737.686047933391 -163.39387999723039
39627758199902967 -3228.518993936682 -2609.9134616885794 -86.71496310493917
