data/coord/ELG_6_clustering_data.ecsv
# %ECSV 1.0
# ---
# datatype:
# - {name: TARGETID, datatype: int64}
# - {name: X, unit: deg, datatype: float64}
# - {name: Y, unit: deg, datatype: float64}
# - {name: Z, unit: deg, datatype: float64}
# schema: astropy-2.0
TARGETID X Y Z
[from data line 9280]
39633271465707135 -1500.3087229188861 -1128.6949841107978 2355.119941244682
39633271453122967 -2240.563167529922 -1606.5575936910868 3465.0092428104167
39633267669861055 -1880.6776219064348 -1342.744349651823 2878.8885972679604
39633278973510015 -1706.24914774836 -1316.5289144896897 2765.6200421326703
39633300976828776 -1787.0286247994363 -1299.9960635009265 2980.2099102278553
39633300976828839 -2024.609116123099 -1473.2217754826756 3376.4741084213933
39633300976829529 -1988.300503266567 -1451.139258708442 3338.371794462411
39633282651917482 -1375.8588398739842 -916.4160602214595 2127.3817188487133
39633282651917607 -1874.8431073774782 -1249.3490301344812 2917.246123481043
39633300976829536 -1795.589245646772 -1310.5271461790223 3016.2594079056644
39633300976829579 -1987.78402749888 -1451.0408733930772 3337.4149327269433
39633271461514322 -1540.8486334004774 -1151.2384657952923 2408.5943420682543
39633282693858010 -2071.5169986266064 -1587.3967329596699 3383.2652188641487
39633267657280958 -1441.6096716933632 -993.6855954353526 2190.8958753633965
39633282672888368 -1673.4296745776408 -1199.2917350263435 2656.2446396128785
39633282651917633 -1540.2770330459932 -1026.54994109819 2382.1549327868347
39633267669861053 -1822.946511960935 -1301.5120140490133 2791.055388194938
39633293708100633 -2107.7434179430093 -1468.9389311147133 3404.9083792309093
39633293708100457 -1791.0047503943383 -1247.2774689363355 2893.0473284421173
39633293708100445 -1716.0743243320942 -1195.0472661600156 2771.621223124333
39633278973511199 -1386.1325387780935 -1074.2554169249954 2246.415153516913
39633293708100293 -1640.1845020824962 -1141.5136918641429 2649.773294113029
39633278973511036 -1555.5011150943087 -1204.8329606247298 2520.087048952737
39633275219609334 -1687.589658567592 -1247.8914735211872 2658.195276665189
39633267661475628 -2236.859734912071 -1566.8804570335249 3415.1616828948154
39633267665668930 -2171.876048462431 -1539.243247196089 3308.279673356597
39633267665669051 -1449.3955541919545 -1027.7438709018115 2219.9690052619203
39633267665669846 -1638.4762495596087 -1166.1587812861387 2504.138105059309
39633267669861950 -1814.2310759945215 -1300.18065156636 2782.5116662348073
39633297344562837 -1536.1764753604675 -1062.647918332131 2504.79168971044
39633308136507504 -1368.1088538885247 -957.8403088954888 2294.3412711509886
39633278927375849 -1854.471257606904 -1230.342167287479 2854.2567938941584
39633278944151479 -2089.9163144089125 -1463.3919404745618 3260.1906239632935
39633290042280934 -1914.884080062876 -1314.8453299405567 3043.637178363178
39633290042280919 -1634.1384992819849 -1122.0165050835196 2596.8804005933807
39633278927375745 -1543.8948993063282 -1023.8998587187416 2376.460327378413
39633290042280771 -1379.3235666612004 -946.5089638586846 2191.4812904879022
39633293716490255 -1517.2158585632153 -1095.73990920596 2491.6679973237524
39633290029698341 -1616.4117268736231 -1059.8375753415376 2541.4756470608086
39633304579737893 -1228.513840762322 -921.6949822591293 2085.8797017924385
39633278935762666 -1346.935585204389 -913.9953183375808 2078.061342694372
39633308136508178 -1510.4300457480113 -1060.6007539978607 2533.7365209446652
39633278948347049 -1264.1216615888322 -902.058985289643 1983.8551620441665
39633308136508274 -1575.9081650135233 -1106.946757534338 2642.869477559381
39633278927375102 -1450.8057582931012 -959.7617838200497 2225.9796259752957
39633293716490152 -1551.171028941855 -1119.8288695153856 2547.836004991441
39633293716490387 -1359.6466758449496 -982.4202736768567 2234.3070803319342
39633278927372895 -2179.4266288110657 -1428.5976031516632 3335.754632445631
39633278935763460 -1758.3325109041511 -1197.1410885422054 2718.315196317497
39633278944151416 -1733.1609417377358 -1213.2794621026146 2703.5298422193587
39633290029698234 -1619.4036366430987 -1061.2900863381583 2547.121495416473
39633278931568589 -1717.2701475090578 -1149.9334860182553 2654.05494770436
39633278956735318 -2081.5062051346654 -1530.238200870897 3313.095673949351
39633293716490328 -1519.6285076503 -1097.7696273181675 2497.4522116938388
39633293716490682 -1736.6114431092096 -1256.2242143649012 2856.601670912799
39633278952538872 -1603.9119947470597 -1151.9468309404676 2537.4327425017223
39633278952539284 -1594.1821606154774 -1147.1511883213377 2507.088156058335
39633278952539333 -1940.8037409379633 -1396.8556615406505 3068.760258660418
39633293724879869 -1311.7479759761634 -979.629191993282 2173.18746985522
39633278948344632 -1578.9159066338557 -1116.7371766691106 2465.9459285230255
39633278935763639 -2131.098917814857 -1451.896612905558 3296.0238027395676
39633278960930023 -1854.7126386868972 -1387.4157294743688 2976.6254891199305
39633278952539517 -1743.3193694785525 -1255.4817395906496 2755.079447399557
39633278935763594 -2107.459136289002 -1435.5944029627997 3259.577865747786
39633290033890943 -1663.7356353998832 -1099.730969807682 2620.9099294553776
39633290033891042 -2203.353750472965 -1456.943832441806 3463.7242106760305
39633308136507291 -1654.278698994191 -1157.1707714563197 2770.885505740446
39633282672886500 -2317.8502759968223 -1648.93931832279 3660.964593515932
39633308136507925 -1649.3790148248802 -1157.0608821839332 2765.2739368889197
39633275198636748 -2103.348628644536 -1434.9850128731166 3220.8103038834815
39633300976829487 -1670.7555487278112 -1219.1490497803786 2793.91001343895
39633275194443263 -1387.9529126809216 -935.3726223787588 2129.475300634902
39633282689665956 -2064.069955530139 -1570.1801160900109 3348.169930980868
39633275219608909 -1959.7402273823059 -1446.0215648970118 3081.8228445716713
39633293691325444 -1639.6168213140193 -1083.3138483351504 2610.821941878148
39633282672888604 -2046.7361621691634 -1468.1746701261643 3250.5317593103136
39633271457320011 -1883.7998436508865 -1385.8423699061152 2937.2566870456003
39633275215413427 -1746.5364325005155 -1262.4736856817735 2744.6484198324165
39633297344563020 -1455.9438870258712 -1008.0831633674932 2374.4144536628273
39633275215413418 -1208.203974462925 -873.3155808857375 1891.8697828029399
39633293691325319 -2094.5954576239365 -1383.2859878896206 3336.754121982168
39633275215413410 -1678.4284419726982 -1213.171415612469 2637.117206790303
39633278969318491 -2169.112851911897 -1666.736888622347 3502.589379280029
39633267669861939 -1711.4427217977832 -1226.4616301698188 2613.1545334719676
39633271440542468 -1485.5805935044298 -1028.29770606476 2281.269043829623
39633282672886673 -1295.8960817490256 -922.4461399015021 2047.4110661046839
39633293720682886 -1436.7654629115898 -1045.571420233738 2361.6290472907735
39633278931567434 -1681.9139885519232 -1120.4017344239778 2594.5710141709455
39633297340367214 -1380.1308892531733 -935.4373229623242 2235.4647313791506
39633297344564383 -1868.6092277830878 -1301.9218160837083 3044.326798027152
39633297344564332 -1361.13226407039 -948.080977593181 2218.1499377996793
39633297365533157 -2201.3021117127255 -1636.8127198744303 3669.026604671934
39633271448929776 -2151.856672401301 -1527.6873137463972 3320.788026287222
39633304567155671 -1742.5062816173238 -1253.3623273065373 2921.910435343674
39633278944150743 -2277.5380953670697 -1589.8279378711834 3539.734492969399
39633267661475604 -1684.1583947204724 -1179.6110771162496 2570.3519264053343
39633267661475728 -1965.1172412523858 -1377.0047665001146 2999.0997868600466
39633304567155333 -1716.915646138117 -1232.8072762232566 2877.1051069340715
39633293724876948 -1521.7875653362985 -1123.106166202195 2503.5890354404737
39633308136507370 -1368.8747702036753 -957.8296214348013 2292.283447050569
39633293720682918 -1673.5259800615145 -1218.0471310247035 2749.837501101277
39633282685469340 -2107.924075914946 -1568.0530534055692 3387.9081725347064
39633304567155426 -1462.948825266709 -1050.9652614257018 2451.8023896044597
39633271465709258 -2151.5259254244625 -1631.0709986944657 3390.9398718056254
39633293733265788 -1890.8738947064776 -1439.8022236318745 3151.3338550797444
39633290042279264 -1889.608950471824 -1288.0521095004751 3003.9889050961865
39633293733265735 -1781.288554265976 -1356.0853548116102 2968.7214010056964
39633293724877516 -1618.2964094108318 -1197.1800835585723 2670.2447827928377
39633297361339903 -1283.086049309021 -944.1273283385441 2129.2347567315783
39633290054861482 -1333.3391083796093 -948.9265679694018 2157.5142594794597
39633275190250616 -1924.8782503263708 -1285.4984751586042 2932.939277935552
39633267657280749 -1618.2169071405665 -1114.5141093716632 2458.000934067301
39633282664500308 -1778.4172364364954 -1239.1954009189542 2798.191749233867
39633267657280462 -1586.3928272394137 -1091.5788212450009 2399.949918365611
39633282651916423 -2283.088738845283 -1513.8594570780058 3542.7003071591566
39633293724877525 -1967.5128720640867 -1455.57088162982 3246.709503896631
39633304567153221 -1457.2108330731012 -1035.8972096602054 2431.8958528362527
39633286393234229 -1805.0828810342032 -1376.5211761160197 2961.8700172488675
39633286359679009 -2236.848233014026 -1506.2343057973096 3524.423655503379
39633300972636275 -1323.9661289491587 -956.6681985605046 2214.435777551216
39633290038085539 -1315.93652855195 -883.7652457820345 2089.7553475682175
39633300964246032 -1356.8112634298457 -943.2132287306388 2229.5787565311643
39633300968440056 -2021.1077200270338 -1425.136246078754 3340.0014570290723
39633293699714279 -1582.4253608915492 -1079.3504984281149 2536.77986763021
39633278952538619 -1491.8053214143015 -1070.162414273436 2344.386097756916
39633304554572456 -1921.3316286746747 -1318.0785400765367 3163.4526034460746
39633267669861848 -1822.581121727673 -1305.5108010494748 2791.4237154647844
39633304554572460 -1456.0002368859236 -998.8768833236024 2397.633896452679
39633293695517681 -1488.4796660421623 -990.4515407589482 2370.0681431456287
39633275219610491 -1780.0575483255677 -1323.3145275191175 2803.319000547438
39633278952538731 -1448.3227023813445 -1039.47717256184 2277.220978498337
39633293699714118 -2146.8682543576238 -1463.337300240772 3440.9315889894165
39633282681274466 -1330.5786481675834 -972.8112276785058 2123.0378481104995
39633278944151506 -1879.7817890021365 -1316.4399554831432 2929.8310028028463
39633304554572621 -1920.5014184550714 -1318.5496392596488 3163.291273822765
39633286368070612 -2315.3168075371254 -1627.1363988842384 3676.546481093298
39633293699713933 -2232.170682946478 -1520.2010598986935 3577.330547134809
39633297361339933 -1435.6185041180017 -1056.4869159920613 2381.054399675011
39633300955859788 -1788.4279503288615 -1217.148847713317 2923.635803838471
39633293699711558 -1728.349094933033 -1165.1191036272219 2756.799884239098
39633282651917747 -1961.9706006302508 -1308.1754219436646 3051.7055896048346
39633275215415639 -1226.1404881959731 -895.61888600166 1918.6601228333136
39633275223805181 -2121.1667295053076 -1600.7394412743022 3382.1918357402483
39633275223804834 -2123.8168105511622 -1600.13626833883 3383.3774970808504
39633282698052826 -1397.6236273478755 -1089.2774179180178 2290.981675133641
39633271440542413 -1661.981611151975 -1150.208202304513 2546.9488454378375
39633297340368748 -1767.5896821660594 -1205.9009266228086 2856.8510240539845
39633278931569979 -1416.9360020521867 -954.0517065546248 2187.77855759806
39633278939955326 -1747.6233507133156 -1196.2944562438736 2714.753794832518
39633286363875594 -1681.8995754517098 -1161.0647349444369 2668.6949007278095
39633278952540993 -1973.6012222230302 -1430.500903429668 3119.2467597630102
39633267674056603 -1776.815202968769 -1294.9111893494514 2751.241515395104
39633297348756483 -1605.9277889264354 -1126.2841274789007 2630.302144573269
39633293695518932 -1705.0520905277256 -1140.8010909826585 2725.635090189979
39633278969318372 -2211.738699147458 -1698.6589326927792 3573.725818166834
39633278939958636 -1947.7249655969385 -1350.785419176824 3032.7290764032723
39633282693859393 -1423.5484585678007 -1097.5911655655711 2320.7278465389545
39633275190251380 -1849.633611905708 -1239.4046029079616 2824.3299131882127
39633278973511863 -1518.045762233907 -1179.9627929886572 2467.693723133878
39633278939958456 -1432.4703088149374 -992.7195514243383 2229.567939103616
39633293716490046 -1503.1965031238954 -1084.7918943494806 2458.1077413282146
39633290054861452 -2266.8953010556124 -1613.1079447935415 3675.4219808438297
39633293724878560 -1426.352490818674 -1059.7833191398101 2347.8607141249213
39633300981024589 -1557.804208262953 -1158.4310229843773 2627.865487678467
39633297348757156 -1307.1299395504216 -920.1032850013939 2149.77453966303
39633297352952468 -1796.412963418744 -1287.9775808715522 2958.2478151036685
39633300964248488 -1347.950840873883 -945.9660940115573 2233.2223060839806
39633293724878883 -1754.1264767862838 -1305.2000620339727 2890.4394815455385
39633300981024397 -1887.0971340599292 -1402.125117912811 3183.0670125977963
39633290050667641 -2292.110758649041 -1609.4398145139726 3677.512364257099
39633286363874683 -1894.2934962505951 -1302.630402932487 2996.7217660101373
39633282651915667 -1629.5421315184078 -1076.90629605283 2516.6248791601165
39633297348757371 -1904.0164418741635 -1341.6375785427601 3133.275122414167
39633293724880217 -1970.8803811992545 -1473.9861815447389 3259.981013887175
39633263865628120 -1443.4709746881151 -1024.6920238964794 2191.8501648487654
39633275219610465 -1675.1228778295415 -1245.1778997964768 2647.773558889144
39633271432153796 -1992.4260992872612 -1338.42128891753 3013.103092996557
39633300964248176 -1641.0880819793367 -1150.2941874129347 2718.5388522234284
39633293703906389 -1545.893248859525 -1061.4463950606748 2499.2975996947293
39633286359681462 -2273.0072405369237 -1546.2326765742434 3592.3693665840756
39633282656109213 -1719.2030417798853 -1150.693496806323 2664.679512078615
39633286389040450 -2072.4028475682608 -1559.9770286922296 3381.3318144023824
39633290063249853 -2223.413972449639 -1628.136971674334 3637.02768938901
39633290046473282 -2174.698486378913 -1502.534624675776 3465.2433164652134
39633271453125047 -1638.6484083240111 -1186.6804826505197 2551.186641942718
39633290046473048 -1326.0706010549768 -915.2580219470113 2113.1394941758304
39633271436345971 -1961.9131297705176 -1326.4375513157293 2978.4616601682856
39633271432154008 -2183.032844079232 -1467.6707891116052 3302.802727878274
39633300968440561 -1565.1695312903773 -1106.1297042246429 2582.7373865208106
39633282681275635 -1925.0731821832671 -1414.453340822388 3082.782263352442
39633300976831251 -1675.3080514729118 -1231.0064175652108 2810.3533950262563
39633278952538190 -1166.1636214944012 -834.9850257847164 1828.0628875327063
39633300976831186 -1974.486673262509 -1450.5952382386304 3313.6903280082056
39633278931569460 -1681.8795873398713 -1130.2507970441918 2588.3065606685022
39633275219610187 -2228.2762701487 -1654.2130858954392 3521.7084333329185
39633300976830817 -1832.0386402607608 -1344.0687350905137 3072.012999193609
39633300968440698 -2046.7664617821563 -1447.5049157081473 3376.4767052918573
39633290033891219 -1611.1834409783232 -1066.2634404932714 2535.336674850032
39633271448928368 -2316.4371201424647 -1634.5760598478287 3559.1996281745687
39633300968440729 -2241.429835073263 -1585.4049461122108 3697.978213645032
39633286355485819 -2046.8787938824653 -1363.2530329076192 3197.674305646726
39633308136507195 -1642.1646826679573 -1148.209477859901 2746.78848611858
39633300981025785 -1557.668207077856 -1164.6544524027813 2624.390262596835
39633300968443203 -1617.7278443569874 -1156.6948902158172 2694.477189112057
39633308140702463 -2001.906094973117 -1428.4638470212867 3382.5649423983436
39633297357145378 -2099.0648736163193 -1519.5788607111344 3465.749585040621
39633271465706559 -2049.8566707278983 -1538.9873370156074 3233.91279373149
39633304567152977 -1158.2841441347302 -822.403364158612 1933.9074566791505
39633308136507210 -2043.5248889445782 -1428.933567730281 3418.228947064666
39633282672886139 -2128.0984333157594 -1511.8863756661374 3363.5231185657935
