data/coord/ELG_7_clustering_data.ecsv
# %ECSV 1.0
# ---
# datatype:
# - {name: TARGETID, datatype: int64}
# - {name: X, unit: deg, datatype: float64}
# - {name: Y, unit: deg, datatype: float64}
# - {name: Z, unit: deg, datatype: float64}
# schema: astropy-2.0
TARGETID X Y Z
[from data line 7381]
39632966447530091 -2819.69794089502 -2324.52890454973 2479.0179975267883
39632966443340193 -2493.7452636400603 -2055.381256684482 2192.162414620373
39632991231676978 -2994.945765137529 -2234.7545552423953 2675.021385038748
39632976388034002 -1905.997397337746 -1436.5052010526213 1655.563372282603
39632966426559190 -2648.2182593639877 -2071.2945679459426 2284.995777423649
39632981349892230 -1775.5778667225045 -1316.5196837266496 1549.5033116121515
39632966426559091 -2073.2414300965847 -1621.122397697932 1788.2207126022038
39632981349895309 -1787.9194722020668 -1336.2764077448974 1565.1366832200852
39632966422365714 -1793.5082189281763 -1392.170801026448 1543.3448181527049
39632971430364976 -1828.6246371317973 -1457.747800307962 1606.6404096832664
39632966426560904 -2540.8831403585286 -1995.3962607998026 2197.7576123212966
39632966426560962 -2468.045379263277 -1938.5433246237856 2135.8365194661574
39632966430755268 -2010.7460603511197 -1597.7260267632007 1756.3584907900438
39632966426560967 -2247.2730235553227 -1765.150874988128 1945.950848894373
39632996172563860 -2664.0857801484185 -2073.2059146974393 2436.5533651568403
39632981366671675 -2651.603871433658 -2065.883145026974 2363.2069277280234
39632966426561203 -2398.9127269682263 -1885.4506103434414 2076.6098066241166
39632951339649455 -2311.8002201255345 -1758.4441754561446 1914.367025074594
39632966413977075 -2301.3351909365033 -1747.1384863801577 1975.665794580325
39632986303366607 -2507.765704393264 -1896.5124737031779 2228.000914003333
39632966413977142 -2309.292585800475 -1753.492263612101 1982.7064261925498
39632966426561233 -2326.600950965752 -1828.7637658068845 2012.6877862454533
39632996172563947 -2715.1028823547313 -2113.4527415329944 2482.9288148388055
39632961405978969 -2583.9695079116523 -1983.0592660803716 2195.535092467016
39632996172563983 -2590.8691807939044 -2016.966151530721 2370.4410715298472
39632996172563879 -2012.2961045840557 -1566.0542820106011 1841.5496002573698
39632946281319736 -3043.694776798715 -2289.203841201542 2507.2931967006944
39632966430753143 -2309.9153872290135 -1825.277900938371 2010.608508930318
39632971417780376 -2026.831466336543 -1556.5965648764445 1752.991630580914
39632996172566212 -2302.088541137639 -1803.8490979760202 2110.328160756295
39632946298097423 -2808.8099744921633 -2207.6973111643665 2331.68551505772
39632961410173784 -2197.136396602141 -1707.7658473927197 1875.6603366886757
39632951360620008 -2790.2295544054405 -2233.474648943527 2359.316621494034
39632976409002724 -1987.7075457380406 -1569.8386866485098 1759.6487945685801
39632951360619860 -1960.662985597103 -1568.892790920243 1656.9637896046495
39632941235570861 -2833.494673880661 -2232.504083069766 2339.727680651696
39632941235570734 -2210.294337658263 -1740.9022419434216 1824.9177305094179
39632951369007588 -1857.6321620426186 -1515.2861864540623 1587.3066658537987
39632941235570659 -2895.5635671445566 -2280.325013225172 2393.842130189051
39632941235570548 -2211.380238764416 -1741.0190991272902 1825.447102219882
39632941235570526 -2718.0733962284253 -2139.8169685651155 2244.8089028833238
39632941235570522 -3053.2823110319105 -2403.6910271186293 2524.4259099002015
39632941235570365 -2857.63635148306 -2248.7778525964864 2361.0835565059774
39632941235570363 -2357.327817326324 -1855.0608712273213 1947.3529388018044
39632941235570341 -2337.979282143619 -1839.72846416077 1932.066864010661
39632951364816732 -2921.7469033076186 -2380.244751767914 2496.6933794158895
39632941235570640 -2209.256561913834 -1739.7384298224067 1823.5781379345701
39632941235570371 -2211.8230937503586 -1740.5980492977894 1826.3757849730528
39632951360620835 -2185.8215389553443 -1753.3355159970708 1851.1998645276428
39632956368619517 -3029.4824127577604 -2238.5022557678203 2522.975029129261
39632946306483633 -2093.6506038142543 -1672.2201051235045 1753.4092820530159
39632951339649593 -2356.1183176602817 -1792.7980322963228 1954.4249852984933
39632976421587386 -2909.5278189705905 -2385.1294125041027 2602.8435319490236
39632966439142329 -2681.4835477441643 -2169.222552435106 2342.565954318786
39632961401786174 -2656.5771000068185 -2024.4308713913022 2260.976808071379
39632976421587106 -2584.2577304222623 -2116.9951540964357 2310.6888289218555
39632966418170878 -1824.4415496221627 -1398.354211792677 1561.1292600514573
39632966401395149 -2397.4872061520005 -1764.4193922303475 2031.9559665048228
39632986311757413 -1937.7892596555441 -1504.0445139591166 1738.471401732466
39632981358283443 -2489.7459393746453 -1901.0605331519987 2200.8209401078693
39632966443339944 -2556.2446276911933 -2105.5660053361808 2244.428285937871
39632976421587154 -2331.187598137591 -1909.9543459215838 2083.353196207904
39632971401004342 -1937.361790731369 -1428.9119323228977 1646.8204826907868
39632966434947142 -2092.614350537564 -1670.399187612846 1828.8181749944167
39632961426950374 -2229.672303704519 -1806.310889373317 1939.8295365280335
39632976388032585 -2555.5567353070755 -1918.775536510322 2218.1384677859855
39632991248453797 -2622.4569665606846 -2045.2585731180723 2377.8274259065633
39632971401005938 -1815.8973652888515 -1345.75934115118 1547.8914543856065
39632961401786175 -2321.7261039391537 -1769.2666783950926 1975.2805149589549
39632981370866455 -2632.6463290694164 -2078.316409918504 2352.348454814441
39632991248453897 -2750.6722425007533 -2145.689290739753 2495.2614602571234
39632986303366749 -2130.1410532330947 -1611.6476505470328 1884.5742307548344
39632986303366373 -2690.029630632841 -2033.046114694154 2379.5799123123156
39632986303368568 -2468.9495571115317 -1877.747007700308 2200.2139612977626
39632981370866342 -2673.179367172034 -2109.619295092462 2387.2667121441023
39632976388032142 -2206.6855747324253 -1654.4332435300312 1916.2186380742596
39632986303366396 -2378.9632128440794 -1798.0294974037204 2103.9590910693323
39632956372813350 -2696.3063913138753 -2011.3765935215247 2246.1675587270997
39632956364425444 -2613.704827220968 -1910.4954076588758 2172.5095791089147
39632946285514076 -2225.4405049820375 -1694.3759061799717 1842.099019959341
39632996172562564 -2545.9981983400794 -1974.2015387014108 2316.999154628659
39632956377007689 -2522.9465492851023 -1903.5678065587852 2110.7246776695665
39632961401785298 -2100.5979247271616 -1596.9905142664502 1787.1995197414094
39632991261032550 -2496.379588482097 -1991.226799495704 2268.4079043260926
39632951360620016 -2778.009966377475 -2223.7398556657245 2352.0635726869773
39632966443337603 -2468.8290658480637 -2022.40234847735 2172.307359995317
39632966443337682 -2160.161093492682 -1769.944985458 1900.7923485286192
39632946298094325 -2578.3511291861682 -2012.0690847106885 2136.0768478452096
39632976421585565 -1975.4122712269077 -1611.5893461759445 1764.8948416445758
39632961426949599 -2315.371634588209 -1871.5112082126614 2016.7670470210949
39632976388032342 -2756.974730477448 -2068.4369404406634 2395.0711109912663
39632956364425523 -2204.3060472216516 -1611.6583656271948 1832.4722059146955
39632976396421169 -2295.3515344375787 -1760.447284028308 2007.0550942103657
39632981358283848 -2779.9504154967294 -2124.645437102082 2442.384000719368
39632971438751994 -1759.6359235351474 -1427.088356356574 1554.7573524127974
39632946281319567 -3065.4620556863315 -2304.6644212788724 2517.748721288165
39632981358283817 -2795.715659800545 -2136.563685564967 2455.8580302342293
39632986311757587 -2592.1863185469447 -2012.9868014865924 2324.926416054216
39632966434947154 -2271.020224909341 -1812.8803529212746 1984.2891124921537
39632951352230626 -1609.334022254222 -1258.1815851178062 1350.2934370054556
39632986328534029 -2545.255258443748 -2066.2351492876423 2316.289109058439
39632961410173749 -2200.5956855194377 -1710.3278837958167 1878.0460359847727
39632966443337401 -2251.583287636108 -1843.653055894659 1981.2100779735886
39632971401005012 -2188.424436716579 -1617.6210655646764 1863.25860940665
39632956389590177 -1732.5625648096918 -1347.6386055740243 1471.1612175531475
39632981387643614 -2585.7255801937645 -2131.8793464903392 2344.27723599737
39632951360619842 -2087.405356682456 -1670.22367776559 1765.5073875640821
39632971401005015 -2647.931945598239 -1957.2957767348817 2254.367367675293
39632951364815806 -2773.652131553455 -2253.850681720945 2368.0769312255
39632961389199753 -2102.7343777894653 -1536.0629065761543 1755.9106262636512
39632956381203000 -2870.7669661857713 -2193.2203891796776 2416.8744951415797
39632986320146204 -2014.8676637852648 -1602.8789064562998 1814.8094139889422
39632951339649693 -2306.475233546065 -1755.475617085891 1923.452927012391
39632951364815786 -2877.702461376943 -2338.275388181855 2459.3270053499987
39632981383446648 -2274.5335237836057 -1841.4771227389115 2057.998143547124
39632986320145549 -2370.849343144313 -1882.4472317919071 2139.307875347606
39632981358284364 -2055.766390066472 -1573.1608186882825 1806.072531077096
39632981358284337 -1878.3354945910849 -1437.2886585637345 1650.364542314815
39632976388033563 -2680.508968085203 -2018.1008858896316 2330.6857516071145
39632996172564362 -2477.2155730662034 -1930.7171612980205 2259.958512509948
39632986324336746 -1945.3923306102577 -1548.1772098359918 1753.5969992218488
39632981387642503 -2086.426140084238 -1714.974191917495 1884.7919295950833
39632961410172905 -2530.035805426381 -1961.6144552178057 2168.345536442011
39632946281319714 -1927.5959326363654 -1449.6880585400747 1583.2543049377273
39632991265229597 -2238.8899831992762 -1820.1015151763256 2051.632836346696
39632986294980013 -2291.003952010357 -1700.399197778322 2019.5300574544633
39632941235571998 -2343.3292625427353 -1851.2105861384664 1937.083469083249
39632956402173395 -2158.1215091469226 -1735.9052771955987 1848.7686306767573
39632951339649655 -2842.038484404418 -2162.877907382243 2356.3148270663182
39632986303366566 -2527.4790011231953 -1911.1762884864663 2242.882376927343
39632981366670371 -2179.6896250924506 -1692.1516133621549 1923.764488409185
39632971401005041 -2111.084706370946 -1560.6369194731765 1800.2982953776316
39632986328534353 -1704.6584193942388 -1385.1086040820276 1558.2663227159414
39632966447531948 -1938.7451320625364 -1605.4399172199928 1709.9127143342193
39632976421587674 -2551.603603200493 -2093.0562511827925 2284.9141857534623
39632981366670577 -1803.0253314238282 -1400.5050259223558 1591.7556990278356
39632981362475235 -2261.5032116795924 -1733.768957716222 1990.5099370161852
39632966439142152 -1949.5413098897848 -1576.2367509010946 1707.9678324214105
39632986315948944 -2897.265716394051 -2260.415993556186 2597.0411413651022
39632981362475104 -2829.309721484256 -2168.425399858164 2488.3426639352106
39632986303366597 -2437.0457207244663 -1842.9571021516879 2162.849612831761
39632961435337880 -1857.352169012589 -1532.2762531735857 1629.9120621895445
39632976400615971 -1862.728564865633 -1446.2390818431436 1642.2376296603318
39632961435337733 -1935.3888084717155 -1595.926491059012 1698.8507336525004
39632946302288626 -2363.6441334895308 -1864.0003714334944 1973.1921034625282
39632966447531859 -2554.336485671344 -2114.673328125942 2252.31925368746
39632981366670784 -2821.9380621024 -2193.169151014272 2494.2229022135434
39632971417781850 -2680.1419375110495 -2066.4275795557064 2315.253158527466
39632976421587115 -2456.9431067916576 -2012.730185684194 2203.6414284197695
39632956402172837 -2160.507627595533 -1735.1537719427063 1849.3489189392158
39632966418172867 -1679.5479225805689 -1294.946822236307 1450.6605246179854
39632991240062045 -2693.2306430553385 -2039.1505050045034 2410.644616669246
39632976421587320 -2234.2062977859564 -1831.2565693599104 1996.3841418051506
39632976421587353 -2233.929029049089 -1831.15621368715 1996.1334956690296
39632956372814476 -2594.7115635485948 -1941.5336589305596 2158.8508976787866
39632971430365176 -2823.3104121523666 -2251.875825684757 2489.5838642287467
39632981366670682 -2619.3796948114436 -2035.1390630833735 2312.3474601000594
39632971430365060 -2891.798731668626 -2305.8549571637536 2549.1998379146517
39632976379642967 -2481.241890661328 -1816.4023435075894 2125.818051232577
39632971434558677 -2063.690646149224 -1660.5333273026274 1813.2522923556605
39632946281317474 -3031.890939376729 -2267.815120006191 2491.355897991788
39632971405200169 -2743.360290258689 -2054.3460652569274 2345.168844989954
39632956389590872 -2767.487270364249 -2155.850335824587 2349.0242695602965
39632981358284338 -2303.855422425429 -1762.8968453442376 2025.9817031503826
39632951339649712 -2310.46842275945 -1758.6114515051238 1913.7422017153149
39632956368619847 -1955.5417325192645 -1446.6006169706134 1626.072133623352
39632976379642903 -2205.5583759303313 -1614.2051290114289 1890.6909420044522
39632966418172722 -2685.0872853192877 -2069.3696937591913 2318.7842913006257
39632971430365225 -2082.2559235685712 -1660.9663360574625 1836.1136898179202
39632976379642957 -2953.234467870259 -2161.880228134682 2531.353385518119
39632956368619833 -1982.2493284672767 -1466.3156635721543 1648.2865143291685
39632961435338853 -1939.7942175010432 -1604.6220890726197 1703.6188890229616
39632961435338944 -2556.010418811046 -2114.7670916471548 2245.674499123632
39632946302289169 -3010.666989555437 -2377.668354423085 2526.025449429811
39632961426949577 -2350.3869337314272 -1899.6381698604584 2043.4840015968512
39632946281316706 -2530.8895330081873 -1889.1266337990478 2066.1278125112626
39632986315949450 -2474.6400644477653 -1933.6649213005787 2218.9429655304893
39632976425779428 -2282.022636086775 -1879.6934512397365 2056.4853366065045
39632956368619348 -2012.3161535177537 -1486.139983896548 1664.7138300708507
39632956397978684 -2135.648586707757 -1696.660255387944 1829.1890087114887
39632956372814357 -2502.812117273433 -1872.1576626244967 2096.402287858204
39632971413588508 -1999.5629028598676 -1528.2740141434022 1730.2067071159995
39632991261032767 -1710.5055889381679 -1365.1787338524791 1557.9920495956562
39632956372814223 -2457.855944000219 -1837.9015305696619 2058.3787829881267
39632956372814166 -2455.2459852023076 -1835.6475324330877 2056.4085439485484
39632981379253001 -2516.570707434704 -2019.3744614818904 2255.4728929479406
39632956372813949 -1716.8717605659633 -1282.8994228240629 1437.4277213107955
39632991261033303 -2765.776765868304 -2211.1733304346876 2514.4462935156107
39632981379253049 -1937.198132249383 -1554.648092058573 1736.2181647352502
39632956397978691 -2496.047021834192 -1983.0068352774992 2136.9536278865953
39632991261033264 -2782.9296945309716 -2224.597602116122 2530.013402985184
39632991248453428 -1745.7294102517544 -1360.2126829940642 1571.8081936445665
39632956397978458 -2137.190798940255 -1697.001387146355 1829.7042043492393
39632946306483624 -2800.9147809368233 -2237.0719735016473 2350.1306486864387
39632986299173061 -1975.2277425782056 -1480.2385518245326 1750.626901028291
39632961397590514 -2369.86505100243 -1781.0003012583468 1995.7751991042703
39632981366672413 -2068.16195172682 -1614.3852312031158 1839.2878511578583
39632961431145653 -2603.007340416771 -2139.4136947036145 2267.5722245110755
39632971438754381 -2523.284377334743 -2059.3654940390015 2231.2836153904714
39632991256841913 -1982.578638095 -1580.875819563317 1804.972667155842
39632961389200194 -2351.221628949923 -1720.0336957489262 1973.0090573703762
39632986303366823 -2708.6316112128393 -2049.779917029326 2399.471128521785
39632971438754319 -2528.4927016527245 -2063.3127161145 2235.553432804297
39632961426950283 -2539.221382627979 -2056.4898359281137 2199.537627311111
39632961426950362 -2085.6827665270994 -1689.6054476288848 1816.74105635672
39632981370865976 -1817.6111695661903 -1432.8497513596367 1627.6278153589758
39632961397589824 -2878.3303801536713 -2158.6848750537138 2418.729434252654
39632961389200898 -2212.750756974905 -1621.933139198268 1857.5694912464778
39632966409781678 -2707.331859709553 -2026.035846396103 2300.9064167305723
39632951348039899 -2151.559101485151 -1678.8704687062448 1801.3683269877486
