data/coord/ELG_8_clustering_data.ecsv
# %ECSV 1.0
# ---
# datatype:
# - {name: TARGETID, datatype: int64}
# - {name: X, unit: deg, datatype: float64}
# - {name: Y, unit: deg, datatype: float64}
# - {name: Z, unit: deg, datatype: float64}
# schema: astropy-2.0
TARGETID X Y Z
[from data line 6091]
39627770250134772 -3172.964513552965 -2395.714733190551 -55.37794830652713
39627746061582800 -3587.699161712306 -2537.0066030075177 -125.95714025611238
39627806467952624 -3520.7700547393597 -2551.1298543918647 50.73356980409681
39627812507751461 -2850.2682180094757 -2069.3022518643897 57.64970943871009
39627812511941026 -2604.7246326236377 -1893.7933608530745 51.97302667161635
39627812507751353 -2994.3182397163696 -2173.555121850404 61.60702874768717
39627812507751335 -3431.0026025346815 -2490.484001198201 69.92155629775148
39627812511941041 -3737.9464514277356 -2717.8021392217975 76.43311109447271
39627812511940930 -2523.335276002312 -1834.2903272357835 51.71083802844022
39627788377919605 -2232.234722544568 -1724.796817572474 -4.195249222128963
39627776277352782 -3199.0767700788533 -2363.6438818984334 -31.567217199031745
39627776281542960 -3082.477098321919 -2281.997961089464 -28.9931451203598
39627758174733203 -2923.185415132249 -2226.240037598243 -83.00348509853232
39627782329732979 -3502.3572713492003 -2656.5294342824263 -27.24065660660743
39627794384162614 -2690.1422068503334 -1927.8357641069508 20.542027500047393
39627746086751740 -2676.6552685207944 -2009.4710826973508 -96.56089905990038
39627770241747110 -3082.5318685903962 -2289.224331875918 -56.44979269747975
39627752130744516 -2724.7770539229778 -2066.9137998165675 -93.01975054536742
39627752130744505 -3123.4581376124875 -2369.254345596521 -106.68398939089612
39627770212390470 -3241.0407442660535 -2267.4354231017332 -49.28987811262119
39627776260574091 -2514.826084407899 -1784.9910233618725 -31.707508484372166
39627800449127164 -2406.5414859356897 -1827.2315923424337 30.679974557563515
39627752105575690 -3091.07317131733 -2209.2499510518746 -102.38725474145045
39627788335974953 -3110.5920978663016 -2185.6387104935275 2.3682008202703355
39627764214533253 -2393.3508851625006 -1828.860110182812 -53.07305996626909
39627764214533276 -2412.600216675763 -1843.636193945249 -52.95461238391432
39627758145376249 -2233.1501969176 -1604.0966455305615 -58.59797954877835
39627806459565463 -2401.240284796799 -1709.5655603645807 35.13936971561219
39627770224969894 -1990.900436377619 -1424.35728551789 -31.251468985870876
39627800419763285 -2455.479589854791 -1737.6742077099807 27.616658117653785
39627776298320427 -2750.021972021296 -2111.9630976505864 -25.077052917658193
39627746061583883 -2446.6512146817713 -1732.950819980752 -87.40752754572303
39627770224973205 -2887.6910701228812 -2075.0183179804244 -45.31043356487194
39627770224970085 -2714.5458775678453 -1942.6069168776162 -42.045268945724395
39627806459565653 -2356.3487002509323 -1678.0467011978833 34.39999759862439
39627764197753125 -2512.7423814406643 -1843.1532247556286 -60.04489329237628
39627776260574376 -2947.6345862539674 -2093.1686233124874 -35.41456822953148
39627776260574694 -3334.548686201812 -2369.057057343306 -43.476070670309056
39627770237555903 -3284.338072466099 -2428.4680671184096 -49.99821811114889
39627800423962219 -2506.210779869826 -1802.3143646412327 22.828397760095445
39627770212386840 -3528.339097065148 -2455.368915682935 -56.551213733693444
39627776281543451 -2471.503718796604 -1831.2906398886976 -24.116161233231
39627800415573349 -2513.3533431782475 -1773.965140533738 25.02537223908907
39627758174733238 -2922.783220980627 -2226.030556035916 -83.07782433359957
39627770212388724 -2563.8373615073624 -1789.1264365457623 -39.526267643962804
39627770212388606 -3354.2018400418874 -2340.2158018848963 -51.384959294982814
39627770212388738 -3232.3935900157653 -2255.709482720199 -49.18624415361651
39627770212389117 -3231.8900009723616 -2256.514622610923 -49.25104784365151
39627788331783211 -3709.336325795971 -2596.6839839363033 0.6069798679398342
39627806476338234 -2264.927531577938 -1663.7204236732175 33.187111369729735
39627788361139735 -2850.739619196903 -2114.8537691810075 -3.408855374356054
39627758153764773 -2769.0159153171503 -2023.6407390934571 -82.18813910884809
39627800432350144 -2284.392841780577 -1672.643320064353 18.741337945579286
39627788331782141 -2977.6814306981023 -2080.545402953324 -7.37987980009367
39627776260573501 -2379.3155655414116 -1687.2564315062948 -30.163562722024786
39627800415570034 -2737.6017077993324 -1923.4207953883113 27.686723045447856
39627788331782885 -3712.732252615916 -2597.5485524966557 7.873488177772746
39627812507750234 -3289.2560639021876 -2383.513984653135 62.26181304891414
39627800415573574 -3179.0449334956165 -2244.71721629852 32.362975806114754
39627770212387928 -3299.6590488413253 -2299.6875958016876 -50.106503291133535
39627770212388207 -3750.0058964729888 -2614.64016132493 -57.00475916696563
39627770212386664 -2768.715352950154 -1926.2403073434282 -42.449456352092426
39627788335972629 -2564.540886987613 -1796.4259924226087 0.5710175061039048
39627800415571851 -3488.025024133826 -2456.517158633486 34.77707434560287
39627770212389571 -3397.8966759133655 -2373.9313549297417 -52.17259326541915
39627800415571422 -2702.8846649526176 -1902.5915551554658 27.382188661106138
39627770212389633 -2562.7690626144517 -1790.607263627679 -39.24260508827545
39627770212386501 -2761.2220003007037 -1920.547712197253 -41.243892272655565
39627800415572956 -2843.592237606783 -2005.8315324905443 30.164694109094814
39627770216579237 -2631.841274956551 -1843.1308063171466 -38.88984445464172
39627764197754838 -3440.0934871862805 -2529.425081718551 -68.60099031649385
39627782291982017 -2835.35961602391 -1971.8043357324777 -15.329231981448551
39627800415572317 -2602.979855182202 -1834.4014071612905 26.730305933227722
39627806459562902 -2360.339100039324 -1674.5726679564034 32.24155959856781
39627812516135851 -3333.5656830359517 -2447.8744206887804 67.73945056195706
39627776273155603 -3735.5446556795932 -2720.7929161915367 -46.84304600780009
39627788335972492 -2512.0161036726195 -1759.2447206708766 -3.498190560366411
39627788352755327 -2570.0059453223325 -1884.3239428422735 -3.3461841256023717
39627776260573613 -2485.186970318186 -1762.5965877669566 -30.442915290442457
39627770258524365 -2802.4646927112904 -2158.9586730675724 -40.81047776878049
39627746082559515 -1857.8105085400032 -1386.2031404458166 -68.7784286651499
39627746074165954 -2478.7176927014157 -1803.1758308627675 -94.1598559169285
39627752134934981 -2657.755868014717 -2022.3519766019238 -84.19178326690928
39627758153762640 -3212.704205902725 -2340.8380024131634 -92.28887198167762
39627758153762439 -3208.8891444602205 -2337.3732790805793 -91.71096239451187
39627752134934866 -2658.1885485831504 -2022.3332416511394 -83.77469345789773
39627800444932927 -2825.394491715948 -2124.752318961301 36.74678427331042
39627776268962932 -2972.3423734005437 -2148.356722833277 -36.337318988154
39627788335977735 -3633.7213333115824 -2561.9951769891104 4.447484002854841
39627776277353584 -3463.3141755632973 -2562.5867292954345 -33.223231184816825
39627794388356674 -3219.964217588619 -2328.4230989771568 15.007196391796937
39627770233358089 -2485.285867412035 -1810.808283084871 -45.37218890286716
39627764201947637 -3653.7405817229483 -2705.7701491933444 -69.51418649238724
39627806459565270 -2306.501178409459 -1641.674114633787 37.43510496074344
39627806459565828 -3054.292850764185 -2175.5721380623854 50.768910803817334
39627806459563992 -3744.214590643391 -2660.387086234636 58.60212958157326
39627806459564109 -2323.1444384201513 -1650.9402297486076 35.97946788870987
39627806459566896 -2665.8490884484754 -1901.507399568941 43.3511078992359
39627788331782611 -2880.1832792272207 -2014.1558690145612 6.621910000949726
39627800444928814 -3662.770792025723 -2737.980060706096 47.94816837038905
39627770241745353 -2780.419696495726 -2058.946953993053 -52.61826048915212
39627800415570101 -2537.892130064712 -1783.2705991130697 23.798442792322703
39627800415573186 -3185.6049718470827 -2247.9459683893388 34.71637209693712
39627800415569700 -3088.571807197999 -2168.7415900260808 29.445739225453526
39627770212386460 -2875.308949384652 -1999.7758243611588 -44.77665750239426
39627782291983435 -3365.968994128439 -2345.3971728065517 -19.188919620335717
39627800415573331 -3762.252946369938 -2655.3657569320035 42.060912966375696
39627812507751138 -2653.9347290105857 -1925.8119835502382 56.0387022107416
39627800444929025 -3437.4397799597514 -2570.2280951824414 45.69596469472338
39627782291983834 -2789.774773455339 -1944.9630068220235 -19.78214555432397
39627764197754862 -2364.938461871547 -1738.9453757785664 -46.76898821667391
39627812511942802 -2363.574077474841 -1723.7486628492206 49.251768575958145
39627806463754989 -3433.608184276391 -2451.807297148509 58.77574306990755
39627776256377943 -2425.361669800174 -1700.6250233349792 -19.687094941776966
39627770250134391 -2431.807624581988 -1834.92678859032 -37.57997232055517
39627788335972590 -3141.004249944301 -2200.108258350099 -1.20346249591119
39627806459565748 -2870.8300708751462 -2044.6924987826633 42.35882224179497
39627770212389157 -3354.558835182112 -2342.2747771971076 -52.71212994681422
39627806472143244 -3188.571657289746 -2317.8751755563085 43.22237822567332
39627770250135165 -3709.4675949689176 -2802.655704688713 -58.2742747512621
39627806472143061 -2648.407212648349 -1924.714407897119 36.214071076876806
39627800449123454 -3107.0628656136755 -2345.2703585507606 39.39811404206414
39627806467952958 -3073.7600145647957 -2228.3832839852407 57.87280573189046
39627794400939906 -2430.3729065162393 -1809.3874131499103 11.178364278527443
39627782325539083 -2830.7326427913586 -2126.85650226817 -14.171878041042746
39627782304564215 -2865.0589595921297 -2046.3267062384496 -16.099376242189752
39627782304564176 -2383.4546313456167 -1702.2544754662367 -13.244570889864724
39627746061582749 -3592.575396745464 -2540.2374056576573 -125.48508273800049
39627764197753207 -2171.6201403125765 -1593.1210719662736 -42.17615996746559
39627794409324889 -3342.863136124186 -2520.2711768066238 10.458723746815005
39627746061587457 -2734.1734816522676 -1949.1276939295835 -99.10596116189191
39627746074166625 -2387.089917157664 -1738.623467358794 -87.2193420378783
39627752118160820 -2705.558613227714 -1993.0319016239987 -80.78997210956562
39627758149571298 -3702.2731479984404 -2684.9853603159945 -91.83057940642414
39627770258527411 -3401.4699467559785 -2632.761873012075 -55.10290111824326
39627776256382487 -3320.4028641588675 -2343.198435965074 -27.571044586414974
39627758157958774 -2539.372154681792 -1871.545104152167 -75.66575542633795
39627776256382841 -3229.8585147363437 -2280.36975797744 -27.62695415159767
39627758149572277 -3036.865423029574 -2206.1046815064274 -85.13780500909927
39627794396743012 -2733.41605688672 -2008.4695690315104 14.144250070559748
39627758162152014 -2727.5044619991495 -2027.4354893149543 -81.48350393563786
39627770229166081 -3682.790529966036 -2666.5361159219124 -52.43733155228972
39627788344361074 -3175.883921351098 -2265.4168009751806 -4.5432879942051665
39627758149566633 -2736.038519294533 -1970.026089862397 -76.8416052303729
39627758174735805 -3099.4321911517736 -2370.685495877186 -88.57227020783711
39627788373725893 -2867.416319229607 -2195.2170852641084 -3.1131220948763336
39627758157958654 -2808.5554537753405 -2069.5264951989957 -83.59794832074631
39627758174735454 -3661.6230592824722 -2799.199712768842 -105.49463628075358
39627758174735581 -3564.591074923876 -2725.4986499631905 -103.11670332978444
39627758174735607 -2611.7238410001664 -1997.0566408509494 -75.91180977676972
39627764189366819 -2596.8070282116237 -1876.5038343030428 -57.20513559898667
39627758174735953 -2373.5575745479764 -1815.942772489389 -68.46697796487156
39627770224974313 -2370.568152105643 -1706.377290701594 -42.66241482412023
39627788369530334 -3234.12184800838 -2449.1847291446443 -6.386155123520648
39627800449126991 -3334.209631795146 -2530.8021892644056 30.293521594101346
39627752109772927 -2643.4154560719235 -1916.7426566883353 -86.28832332119771
39627770229162035 -2315.111863960369 -1666.652074509756 -42.23171037850467
39627752130745195 -2666.5379209240514 -2025.1536360732061 -92.12556493972187
39627776268959885 -3488.704537760368 -2511.778970722417 -35.83773878104069
39627794375774986 -3295.4133231553274 -2324.120518399177 9.778168878329357
39627758149572330 -2979.2512481325502 -2164.4197155017764 -83.28044333698182
39627752130745167 -2669.583571759769 -2027.3691852622308 -92.19369734192216
39627788348560753 -2944.847150582252 -2136.2161540894576 7.2359513289083015
39627788369527513 -3218.75870760782 -2428.0290695509457 8.695061967167643
39627776268960007 -3011.0581738197675 -2168.2535180491295 -29.9377930097526
39627770229166831 -2607.617316262686 -1890.3746633830908 -36.44404396822889
39627788348557455 -2455.1366440447955 -1772.4168135246744 1.1304550452464666
39627788361143977 -3442.2105016258843 -2569.265026117577 -8.739541163615055
39627764197756771 -2469.4132565604655 -1821.5271173268736 -55.301293139130784
39627764197756686 -2570.0597610386376 -1895.3959393643572 -57.54111303643706
39627782333929254 -2692.2431100710446 -2064.6933913822077 -9.54349212429971
39627788344363458 -1921.0209360154138 -1374.5313896144257 -1.7132168882184742
39627764189366928 -2219.945676757776 -1604.4262809600298 -48.78458596299454
39627776268960054 -2929.49286638528 -2109.671642913469 -29.292615510093974
39627752130745294 -2669.836046302192 -2028.048333259354 -93.35028147622681
39627764176786393 -3723.358849369151 -2627.3945367429965 -77.12688270087247
39627800419765721 -3039.7514854815972 -2158.7470130816414 28.06212438272595
39627794388358040 -2499.9200604822745 -1810.851444490864 7.087100186877302
39627800419765693 -3109.91945619361 -2208.489121426339 28.80850147532961
39627770212388249 -3450.2522227021745 -2405.767132707596 -60.03218548992632
39627800449126698 -2406.231856765621 -1825.4937136747274 24.144270220618715
39627782333924797 -3134.3975219383065 -2387.8976672826675 -17.865295065813445
39627794388358048 -2615.1416450080696 -1894.3401771809067 7.6837827700061405
39627746082559683 -2185.0651631460623 -1630.8634765997567 -80.01121080039464
39627776289933488 -3164.1618971096495 -2393.620402445161 -42.45689388578043
39627788369528657 -3191.156252634442 -2411.079024452247 0.7486346493571356
39627752109770507 -3279.511329854646 -2368.799930546347 -107.0154989000874
39627800449126644 -3286.9770599063945 -2493.368075840122 33.66069791238983
39627764176786328 -2615.740809333713 -1845.5976789756621 -52.94078327971103
39627800419765494 -2523.948981936244 -1791.8815943540314 22.822036178130134
39627794405134497 -2774.306384976301 -2084.360718655524 19.290018188633322
39627764189366925 -2950.8918715159443 -2132.6998011957 -69.90573995544958
39627782338117704 -3490.17167577489 -2678.150104374548 -21.642067202314312
39627788373723603 -3264.7834359422736 -2491.9497950506066 2.030924358642833
39627764189367270 -2598.137431146061 -1878.8020573213605 -60.38945284432174
39627764193559612 -2566.8796528413386 -1868.110821909179 -52.45710501408147
39627764189367054 -3061.5006714668657 -2213.1173216934176 -71.84297928877818
39627794375774759 -3073.254115966409 -2166.711738607837 8.576563983835394
39627788348557232 -2709.694013642328 -1955.5671146847028 0.9707010821937436
39627776273157131 -2287.8754648467575 -1670.6399549817736 -22.06207576217846
39627764193561297 -3331.814662023877 -2432.153469825516 -80.32500504504327
39627764201950832 -3247.911186437325 -2419.9261695817945 -63.35324080778705
39627764206146863 -3097.071196100027 -2332.9487967257373 -75.58490000707647
39627770224974102 -2074.452760965274 -1492.7220198522446 -38.74883902184412
39627794375774975 -2769.0329981253753 -1952.864287818813 9.486634024300248
39627764206144749 -2885.176437081399 -2166.4036822823455 -65.98010206815584
39627788344363507 -3490.6487864149276 -2497.77807241076 -7.955515867652567
39627746082559360 -2403.457058443921 -1792.9151837904424 -87.2259822397388
39627746082559310 -2613.5468099561044 -1949.4674362011 -95.27461092294152
39627746065778388 -3097.6008475737044 -2216.1372219730133 -120.0000077416372
