data/coord/ELG_1_clustering_data.ecsv
# %ECSV 1.0
# ---
# datatype:
# - {name: TARGETID, datatype: int64}
# - {name: X, unit: deg, datatype: float64}
# - {name: Y, unit: deg, datatype: float64}
# - {name: Z, unit: deg, datatype: float64}
# schema: astropy-2.0
TARGETID X Y Z
[from data line 10697]
39627781692197020 -3786.5336680707014 60.010290438546114 -17.84719733343657
39627805847191710 -4106.721547042085 89.2173483729256 62.43129586569153
39627805855584039 -3662.7410119291453 37.6065629197635 48.33701586262994
39627781679616578 -3296.6558559929713 89.24339451684853 -9.552175191482414
39627805855584051 -4456.263069438848 45.71095480816517 59.54915876453592
39627799836760021 -4318.075697995689 -56.47234883018927 45.08174177828679
39627787761353374 -4301.367516856077 -58.94207993447724 -2.0335995401521236
39627781692196638 -4167.318843529066 67.09982489867453 -19.62422158859507
39627793767599403 -3313.146207477187 61.8389600157913 7.3177506100990914
39627769608406482 -3040.698166086814 63.126250754155166 -42.43964866343678
39627787723607051 -3282.519819731903 78.4515722858804 6.799965237204156
39627811899572422 -4076.2093890405263 34.92030528577937 72.65588350936962
39627817935179073 -4426.4196401252375 45.63531425496212 103.31442753434057
39627793763406155 -3770.190103859397 84.91802891768108 14.943243355491614
39627793763406132 -3281.9922086700576 73.97031715913032 12.945112795444368
39627763568612245 -3849.8088316084895 67.43594170540105 -60.48448711272408
39627811903768286 -3472.5766710945636 9.900969919158593 67.12007032461375
39627775656591408 -3965.012953405897 51.885396574487324 -39.74063759421756
39627799828371100 -4043.7989487088707 -16.322252977565917 29.502536225607646
39627811903768409 -4363.850921871739 11.99676179202119 84.6044587506524
39627757533006095 -3597.425851186593 55.401814382490734 -74.15589094843457
39627769633574641 -3295.7741865069975 -23.715757702186362 -50.02377045458216
39627763568612227 -3528.8394038129927 61.868410349836545 -54.10139461413073
39627775656593563 -3226.2071659170747 36.400745971147465 -24.49566729555127
39627811886989370 -3339.351533742816 72.80747921282136 55.39688714700824
39627793796959683 -3441.0587107268557 -39.59637494860681 16.23643692275081
39627805855582182 -3725.030900097991 43.53206889862294 45.498358819019145
39627793767599391 -3269.3196132834073 61.040931629092825 9.574362071770247
39627817935178988 -3511.5049923715837 36.42845608421692 82.62721529882782
39627775677563128 -2636.7260969372533 -23.304874325919037 -23.578381386185928
39627769641962013 -3386.1155161204815 -51.00830217649925 -37.97872346632648
39627775677563211 -3403.2094091074273 -30.257488586623012 -30.525931670739638
39627769637770805 -3207.023248065812 -40.82671644325664 -38.85026057149128
39627757533007094 -2893.0764308290845 41.91387821088645 -62.89568857214621
39627757533007203 -4349.4322446199485 62.616332100239376 -94.74308334209132
39627775644012816 -3480.5367513026126 78.97967941279649 -29.140326939343602
39627793796959354 -3457.206122241422 -38.929266300789656 14.339234844940915
39627805843000449 -3561.143267938221 83.02925115790181 48.722679711971466
39627805847193596 -3642.5092390533823 73.54620441949814 40.955692770798414
39627793775989135 -3720.976415956107 33.93782640595378 13.500952375678823
39627805851389714 -3350.8077712575514 47.324547172557246 46.28110750232417
39627769625184690 -3407.3322868186715 9.140568274398388 -50.48486888689657
39627775644013110 -4000.6463877251895 89.87744502801867 -33.65145762627861
39627793796959633 -4376.193680272676 -50.191897463973184 18.79906931190739
39627769625184676 -4101.297647288903 11.022680196491079 -60.721167402467586
39627775673374158 -3238.2869980036107 -26.629830425226295 -27.331825159152267
39627805872360978 -2847.4796647949183 -20.810195259827704 32.024592666676114
39627775673370873 -3751.3777656818033 -23.192016857204443 -32.64939508232397
39627769629377542 -3229.9474139584922 -2.336052260736112 -48.913193499434726
39627805843000622 -3544.7827675790163 82.15776057728601 49.18389823604433
39627805842998977 -4533.485781250329 111.60676525850526 65.51756276556281
39627805855583096 -4063.8616329821784 44.49082628017535 53.83365476854551
39627775656595537 -4028.706319652741 38.449043551402625 -40.82368359119109
39627805863973583 -3623.583798858236 1.7453661735291988 43.22031635875803
39627775656592904 -4134.649056783253 49.170457333650596 -44.22086763119511
39627757549783256 -4473.722543455543 -7.7510311564249585 -96.23031759650361
39627757545591777 -3770.0079265287686 1.0704301390089164 -83.98794099219302
39627757549782946 -4115.853913377599 -6.162986499662385 -87.95888069656814
39627757549782376 -4436.078761611154 -4.663034497732447 -94.26062406614028
39627805855582591 -3265.589101618189 37.071135928103004 47.23357830999991
39627781708976601 -4012.3587630449492 -12.285382995758415 -20.49976454220004
39627793767596419 -3660.282203022365 78.76951750895215 14.912580840675165
39627775652400712 -3845.0653277614624 55.941665812199425 -27.579795796591576
39627799819980728 -3257.9530364360317 17.79699350112865 22.633997639308056
39627787723604904 -3927.160976683046 100.45986233310428 7.084080224695062
39627787723604926 -4042.841585394741 103.36559759495509 7.224015575151837
39627781708973486 -2437.2953448154285 -2.5240255267378062 -11.528552389897111
39627781683806717 -3802.7595131850594 98.26900848407404 -9.014824130134766
39627781688001115 -2892.797040909918 61.977625189439195 -7.981668818950865
39627793763402393 -3516.9821824461696 90.37788867491933 7.872853560897367
39627793763402427 -3515.6626380331204 90.24232612721393 8.216287966187961
39627799815785217 -4574.687969056456 48.66022648828956 42.216833089561604
39627811891184393 -4503.784663976445 75.1414048943169 76.68119577598085
39627799815785320 -4386.669378168154 46.24609358555836 39.49498474393402
39627793755017813 -3251.5068759514697 99.66037717784891 13.783680071146154
39627763568607520 -3714.0463618170315 80.04036643401697 -72.13644061844977
39627769600021898 -2902.10341514761 76.22653580436689 -37.45774584278697
39627769600021862 -3332.220594652097 87.62430971830068 -42.67757288481781
39627817926791167 -3894.527864849647 69.61782722977 85.11768549771078
39627793801154412 -3210.708973743132 -52.81649829455673 7.650867877056151
39627781708976347 -4197.38246042135 -12.228296047660919 -20.594088598760873
39627757553977260 -3120.897058407198 -19.119634982234167 -71.01040330378798
39627793796959003 -3628.476593060474 -39.88922111839044 14.343348710433888
39627811895380497 -4459.350197004763 48.80923525332258 82.62383607187991
39627799819981392 -3694.9985293444765 18.11165081885492 26.80044885928606
39627781692197349 -3635.6263546577097 56.79823028711363 -19.496660348062086
39627757549785171 -2962.2868938321944 -10.081309174557768 -66.44699073291342
39627775644013286 -3433.0411945422325 76.59247236165551 -36.37966045843473
39627799828367787 -3548.5493415222422 -6.131597002208813 27.69359285589824
39627775677564415 -4160.231521384968 -40.5372477286732 -41.69560028400542
39627805876555139 -3693.427580240079 -41.22976043349692 53.118382671472055
39627787727802917 -3329.044493196964 59.15954063624842 -5.695491507876211
39627793763404262 -4139.671611854792 100.07585487024755 15.055267302996555
39627757553977908 -4531.060024181539 -30.61820475989075 -94.34863298907494
39627799819977242 -3641.920400434807 29.813838232331374 30.087475408403847
39627757528811720 -2995.1594512538954 59.72015822333983 -67.84521568379894
39627799811588283 -4436.380608232802 76.9226826155679 40.92847894691692
39627799824173896 -4036.4887986881326 9.339279393329873 28.290730246642976
39627769616796472 -3400.399305266787 37.54537682840465 -37.13221735537819
39627799824174050 -4489.919877474782 9.834650869209081 31.693792348709298
39627793775985300 -2937.0702256863715 36.763389024179794 12.03303336279408
39627763581190239 -3642.2904546506893 31.57197539256649 -58.1924995015106
39627793763404567 -4233.948847664583 101.36660718744879 12.856505413382239
39627775639816168 -3874.828576738599 112.34682604739105 -31.385133352750792
39627775677566032 -4088.532720415013 -44.94518693295832 -33.261249602453155
39627787731995945 -2934.5695667775994 42.76975049818549 5.473918352197498
39627781721555484 -3576.744052056459 -48.494732090381355 -22.470224174759373
39627775656594916 -3919.3106228687707 39.51126547369995 -31.174940649652726
39627775656595016 -2947.4263538986597 29.414577053527697 -22.740668580527124
39627793775985207 -3826.5452423080715 48.197386746001605 16.471537469155844
39627811903770954 -4381.3422865736475 2.114075151634129 82.36161385167134
39627775664981636 -2773.677606753648 8.800320484000867 -23.457229262452195
39627787731995912 -3626.2905214306156 52.9674128908303 7.6642387047323695
39627787731995931 -3729.8733031997617 54.43586256946621 7.823741978297182
39627769604212693 -4543.7123274473215 111.48582185503076 -64.79712513501993
39627811903770981 -3314.6905075288705 1.5207940572775145 62.14729267115895
39627793796960837 -3742.5933695889075 -46.46770563302712 13.567238048336842
39627775648204218 -4637.435264992152 96.44519409778198 -47.26447000385113
39627775648203958 -3934.531904719864 82.45732194096608 -40.54283234507542
39627787761354400 -3626.376655822658 -53.14244150233847 0.5063279874626281
39627769604215796 -4599.8643007683095 101.90459230976447 -67.87551520213705
39627769604215857 -3989.708513742011 88.22288443398081 -59.09928965727539
39627769625186772 -2964.0445041853227 3.476982952678768 -45.19091749794994
39627805847194945 -3639.751645319808 69.42169046326325 41.714552306686805
39627799836754267 -3060.2335411675044 -27.34499778618622 26.675385006339763
39627769604215704 -3867.840426454247 85.99861269815469 -57.030581591211856
39627769616795399 -3545.745632383818 41.86724295564494 -51.521592062075825
39627757537202157 -4550.856049679191 43.72595459980581 -101.92414104335377
39627811903771109 -2973.703267250629 1.0132397882694397 53.69122465221915
39627763585390671 -2737.326389319139 0.5427192536293074 -49.24451758818616
39627787731993265 -2856.2092322896956 48.161258376966856 3.7600155113756144
39627787731993003 -4448.150696314291 75.99096750200762 6.259910314289996
39627781713171780 -3278.5904648416176 -26.47601819102389 -9.800802083439576
39627757528812384 -3448.1146999086923 66.80238282919203 -76.06173421820688
39627787727802230 -3624.707254040347 66.44067456492839 -1.8087724027585474
39627757553976360 -3209.156310697929 -17.068466486275742 -63.976580058067256
39627769625186461 -3620.0942362013607 4.961877771804303 -52.99649381066799
39627799811590181 -4372.939811155971 68.50683463381401 37.41482227875171
39627805876554309 -3573.1016552532906 -37.88398854925681 49.45494721688158
39627775648203979 -3932.006636399654 82.35297756644681 -40.50305146692064
39627805863970067 -4153.144824659186 13.933682968291128 60.85117324717847
39627805859775753 -4165.115765564113 32.344108016672365 56.59119966258857
39627817939370071 -2700.7791789538064 23.362249935718 57.49194482380281
39627763572802367 -3163.4439077706293 52.992330643883875 -51.60854618931958
39627763568611659 -3172.914783335865 57.03497940070962 -53.243505024870565
39627757533008163 -3542.8106403661445 47.85780952471363 -78.07421015308168
39627781683808840 -4171.459294164067 101.47264043949369 -26.159773270118944
39627811895378330 -3516.744649009119 44.99839045571296 65.25068457726202
39627763568611031 -2835.096021800902 52.479746849743655 -48.37985459997543
39627805859778346 -2945.8034161480255 17.579964979170605 37.838748475697216
39627781679615218 -3973.5988907477395 111.6733890463517 -13.899255830812193
39627811903766911 -4328.429398662154 17.681692005282468 74.35449698639844
39627757533008514 -4111.075758538654 54.16996394526864 -91.52310151736388
39627775656594786 -3239.5230127929794 32.96783799474421 -27.031456745295245
39627775656594837 -3138.852835272582 31.849155368855023 -25.990661069712147
39627805859777238 -3045.7642227477977 20.496995797993794 39.43201114690728
39627781696390722 -4102.405802252097 48.35966250291009 -12.288983891636326
39627763576998345 -3674.3003961001705 41.04803558013046 -58.16900839226124
39627793784377686 -3025.3057807656346 2.3307044694854677 19.204743454147632
39627763576998944 -2941.106738545034 31.488395415744513 -53.02358165145965
39627781713171987 -3276.98902100451 -26.922749716170078 -9.3710940561669
39627787731993771 -4067.186389618678 66.82545746753915 5.193397436482103
39627793788569086 -3632.3131075669457 -4.43959263800341 8.686880895873761
39627793775985023 -3022.3992817404096 38.547456402854806 11.900476366279142
39627805855584549 -3930.200090253989 38.9302050642954 46.16588943623343
39627757549785497 -4420.61714452925 -16.22344996415214 -95.7514175936994
39627805876555089 -2569.1708164013794 -28.605396296664065 37.039284333171686
39627769600021250 -3666.0599251410986 98.10224265984603 -49.66306234874682
39627775669177662 -4173.01163999323 -9.608437903219567 -41.11331664102145
39627757537202809 -3800.1492266851606 34.46456445913462 -83.05943445938503
39627757549784982 -3841.469713421805 -12.462195853093442 -84.13067689045216
39627781692197604 -3320.338678550237 51.26334220698967 -17.777769659411213
39627769604211677 -3732.7582649055757 94.8951168524477 -47.08166473395687
39627775677565482 -4301.102851904527 -45.41752042125948 -36.15447952958797
39627799807398403 -3975.9209563179465 70.6972805610574 36.56646813116257
39627793771791826 -3623.192290270792 57.58935953562688 8.175134572835988
39627775639816690 -2974.8351640149085 85.16078903302676 -23.768906058232922
39627769600021948 -4143.972041530398 108.71704890929547 -55.80199011153261
39627793759209004 -3250.4999988474037 95.42488197123724 14.789477121243058
39627787723608118 -4638.520589335577 106.82551458795508 8.997799016128376
39627775669178193 -4043.3983709798517 -10.688314647245964 -38.992740875115835
39627793759208914 -2922.8697689430032 86.00124563078968 13.275619894553056
39627787727802187 -3648.3678180767374 67.01437129626113 -1.786448633021144
39627787761354110 -4052.9453163654834 -58.25051822120941 1.611891965989972
39627793796956488 -3398.7581462410085 -30.323249062915583 8.283653977738929
39627817935179296 -3034.9149931740867 30.763749577616668 65.92776527544689
39627805876554172 -3587.562260075221 -37.72730531023236 49.76076274757116
39627805876552350 -3337.154516985538 -30.81101752331742 43.177102239439215
39627805855584511 -3552.387207479756 35.30002947759756 38.81849424147608
39627781696390316 -3676.7764056341325 44.59794073177401 -12.309213547407385
39627781692197964 -3997.853812593232 60.604477245513195 -20.032383152786522
39627757524618213 -4373.60147160353 102.42723282643382 -92.38308866589355
39627751497400678 -3476.4294418469394 44.390446466626784 -84.68439329135913
39627757524617772 -4475.440774678742 106.48416254667676 -92.50524703485853
39627757549786008 -3140.4940841205116 -13.071786777926185 -68.71971549963922
39627793775986445 -3449.233796177941 39.74309283675649 18.44335315603721
39627769600017590 -4156.706246171732 123.23258201631435 -53.63970972012303
39627799807396974 -3268.363657733458 62.12107755263136 35.301261961940725
39627757549785758 -3312.3393779287594 -13.076271190815563 -73.15232196516703
39627811882795131 -3064.743303771245 79.90761254829911 48.42677338441858
39627793775986649 -4616.895833690739 52.08863211329602 23.938868247234296
39627757524617115 -2738.9759646572707 66.9756142870965 -54.895020360107566
39627757524618687 -4120.519141017424 94.62898572475598 -87.97010047726509
39627793784377504 -3215.2160255694375 2.923466377080184 18.839370802905897
39627805855583980 -4064.5370569397096 41.908945647224826 46.011471448664935
39627769600021493 -3400.332057629624 90.2817529798467 -51.393499562274485
39627769600021282 -3163.828240733687 84.56621183883277 -47.71590458259865
39627799811589843 -4442.777321250601 70.86452806719524 35.87849210112188
39627799811592787 -3292.775945166262 44.853773417556184 24.02071387214075
39627769600021273 -3363.25258904146 89.9267020361841 -50.83377480252628
39627769600021427 -4649.833937403297 123.70945242513 -70.34713258394133
39627817935180963 -4312.6853807896205 38.36707940320493 91.98680297608085
39627787744576527 -4034.8620134776297 14.645406949141679 -6.447418465991176
