TARGETID,p_void,p_sheet,p_filament,p_knot,H
39628475698512738,0.01,0.99,0.0,0.0,0.04039656794795559
39628480941393805,0.0,0.98,0.02,0.0,0.07072027127091034
39628427900226170,0.0,0.8,0.2,0.0,0.36096404744368116
39628470430466893,0.0,0.45,0.55,0.0,0.49638722699390414
39628470430467235,0.0,0.53,0.47,0.0,0.4987007942838698
39628449270205942,0.0,0.7,0.3,0.0,0.44064544961534635
39628449286979839,0.0,0.08,0.92,0.0,0.2010895951011364
39628411756347537,0.0,0.57,0.43,0.0,0.4929075185894599
39628449286979905,0.0,0.01,0.99,0.0,0.04039656794795559
39628427896031149,0.0,0.01,0.99,0.0,0.04039656794795559
39628438595702394,0.0,0.13,0.87,0.0,0.2787190925139945
39628411752154597,0.0,0.98,0.02,0.0,0.07072027127091034
39628449261816849,0.0,0.09,0.91,0.0,0.21823490853205144
39628427917003730,0.0,0.22,0.78,0.0,0.38008375148098283
39628449286981734,0.0,0.12,0.88,0.0,0.2646804326436822
39628459894375598,0.0,0.21,0.79,0.0,0.37074136996563684
39628427917003088,0.0,0.53,0.47,0.0,0.4987007942838698
39628459865016298,0.0,0.54,0.46,0.0,0.49768921941011285
39628422544100581,0.0,0.12,0.87,0.01,0.30414992414989617
39628454584386627,0.0,0.07,0.93,0.0,0.18296182545011158
39628454588581695,0.0,0.84,0.16,0.0,0.3171547773202831
39628454588585255,0.0,0.97,0.03,0.0,0.0971959289157881
39628465149838550,0.0,0.02,0.98,0.0,0.07072027127091034
39628449257624403,0.0,0.95,0.05,0.0,0.14319847855797813
39628411752157549,0.0,0.8,0.2,0.0,0.36096404744368116
39628422531518885,0.0,0.54,0.46,0.0,0.49768921941011285
39628427912806818,0.0,0.03,0.96,0.01,0.13737165703039006
39628459890181251,0.0,0.01,0.99,0.0,0.04039656794795559
39628417167002298,0.0,0.58,0.42,0.0,0.49072694751682683
39628449261816551,0.0,0.37,0.63,0.0,0.47533604634353294
39628449261816555,0.0,0.82,0.18,0.0,0.34003852286413994
39628449261816557,0.0,0.39,0.61,0.0,0.4823997742525436
39628459890181362,0.0,0.39,0.61,0.0,0.4823997742525436
39628454584386600,0.0,0.4,0.6,0.0,0.4854752972273343
39628449261816738,0.0,0.24,0.76,0.0,0.39752013969226113
39628459865016050,0.0,0.31,0.69,0.0,0.4465867291889284
39628449261816951,0.0,0.72,0.28,0.0,0.4277254052800653
39628422531518854,0.0,0.28,0.72,0.0,0.4277254052800653
39628449261817038,0.0,0.2,0.8,0.0,0.36096404744368116
39628454588581535,0.0,0.31,0.69,0.0,0.4465867291889284
39628422531518665,0.0,0.0,1.0,0.0,-0.0
39628454588581327,0.0,0.01,0.99,0.0,0.04039656794795559
39628422552487308,0.0,0.46,0.54,0.0,0.49768921941011285
39628465170809264,0.0,0.66,0.34,0.0,0.46240935248651505
39628454571803611,0.0,0.0,0.99,0.01,0.04039656794795559
39628433247963936,0.0,0.05,0.95,0.0,0.14319847855797813
39628443947632041,0.0,0.99,0.01,0.0,0.04039656794795559
39628433264739174,0.0,0.01,0.91,0.08,0.24088153359695552
39628411756348660,0.0,0.1,0.9,0.0,0.2344977967946406
39628459890183273,0.0,0.47,0.53,0.0,0.4987007942838698
39628433264739173,0.0,0.41,0.59,0.0,0.488250234378912
39628459885987079,0.0,0.82,0.18,0.0,0.34003852286413994
39628411756347810,0.0,0.93,0.07,0.0,0.18296182545011158
39628443947632004,0.0,0.62,0.38,0.0,0.47902101111314976
39628433277321597,0.0,0.04,0.96,0.0,0.12114609454120741
39628417141834057,0.0,0.78,0.22,0.0,0.38008375148098283
39628454571803763,0.0,0.69,0.31,0.0,0.4465867291889284
39628459885986829,0.0,0.89,0.11,0.0,0.249957979082264
39628454571803641,0.0,0.65,0.35,0.0,0.4670340276877455
39628427887643194,0.0,0.85,0.15,0.0,0.3049201523582002
39628433264739171,0.0,0.15,0.85,0.0,0.3049201523582002
39628427887643439,0.0,0.66,0.34,0.0,0.46240935248651505
39628454588581279,0.0,0.9,0.1,0.0,0.2344977967946406
39628459894376625,0.0,0.05,0.95,0.0,0.14319847855797813
39628411752153743,0.0,0.49,0.51,0.0,0.49985572087640495
39628454601163146,0.0,0.19,0.81,0.0,0.3507357299419487
39628454592776740,0.0,0.4,0.6,0.0,0.4854752972273343
39628422539906016,0.0,0.59,0.41,0.0,0.488250234378912
39628417150225896,0.0,0.76,0.24,0.0,0.39752013969226113
39628427912806950,0.0,0.11,0.89,0.0,0.249957979082264
39628433273127402,0.0,0.37,0.63,0.0,0.47533604634353294
39628422539906274,0.0,0.02,0.98,0.0,0.07072027127091034
39628465170814773,0.0,0.9,0.1,0.0,0.2344977967946406
39628459894376333,0.0,0.05,0.95,0.0,0.14319847855797813
39628422539906188,0.0,0.86,0.14,0.0,0.292119405821428
39628454584387024,0.0,0.17,0.83,0.0,0.32885238937210975
39628438599893652,0.0,0.61,0.39,0.0,0.4823997742525436
39628417162808969,0.0,0.17,0.83,0.0,0.32885238937210975
39628411752153826,0.0,0.69,0.31,0.0,0.4465867291889284
39628459894376384,0.0,0.16,0.84,0.0,0.3171547773202831
39628433285710059,0.0,0.49,0.51,0.0,0.49985572087640495
39628422531514538,0.0,0.23,0.77,0.0,0.38900565177326885
39628422518936027,0.0,0.58,0.42,0.0,0.49072694751682683
39628449257622823,0.0,0.91,0.09,0.0,0.21823490853205144
39628454596970926,0.0,0.4,0.6,0.0,0.4854752972273343
39628465149839428,0.0,0.08,0.92,0.0,0.2010895951011364
39628411752153673,0.0,0.63,0.37,0.0,0.47533604634353294
39628438599893707,0.0,0.21,0.79,0.0,0.37074136996563684
39628465170814679,0.0,0.04,0.96,0.0,0.12114609454120741
39628411752153908,0.0,0.68,0.32,0.0,0.45219072886224687
39628465170814669,0.0,0.07,0.93,0.0,0.18296182545011158
39628422535712941,0.0,0.99,0.01,0.0,0.04039656794795559
39628417162806240,0.0,0.14,0.86,0.0,0.292119405821428
39628417162809285,0.0,0.79,0.21,0.0,0.37074136996563684
39628411752153385,0.0,0.25,0.75,0.0,0.4056390622295664
39628422531514801,0.0,0.27,0.73,0.0,0.42073231810408784
39628427917002343,0.0,0.08,0.92,0.0,0.2010895951011364
39628438604091034,0.0,0.81,0.19,0.0,0.3507357299419487
39628449291174466,0.0,0.22,0.78,0.0,0.38008375148098283
39628449257622920,0.0,0.87,0.13,0.0,0.2787190925139945
39628422527320624,0.0,0.75,0.25,0.0,0.4056390622295664
39628438625062020,0.0,0.21,0.79,0.0,0.37074136996563684
39628422535712869,0.0,0.24,0.76,0.0,0.39752013969226113
39628438591509335,0.0,0.0,0.99,0.01,0.04039656794795559
39628454588581262,0.0,0.28,0.72,0.0,0.4277254052800653
39628449291174685,0.0,1.0,0.0,0.0,-0.0
39628443935051288,0.0,0.0,0.97,0.03,0.0971959289157881
39628438625061752,0.0,0.17,0.83,0.0,0.32885238937210975
39628433273130126,0.0,1.0,0.0,0.0,-0.0
39628438599893635,0.0,0.25,0.75,0.0,0.4056390622295664
39628433264738413,0.0,0.85,0.15,0.0,0.3049201523582002
39628417137640014,0.0,0.15,0.85,0.0,0.3049201523582002
39628465145646288,0.0,0.73,0.27,0.0,0.42073231810408784
39628465175003824,0.0,0.13,0.87,0.0,0.2787190925139945
39628411756350035,0.0,0.95,0.05,0.0,0.14319847855797813
39628459894374822,0.0,0.0,1.0,0.0,-0.0
39628411756347738,0.0,0.54,0.46,0.0,0.49768921941011285
39628449266010055,0.0,0.68,0.32,0.0,0.45219072886224687
39628449266010192,0.0,0.02,0.98,0.0,0.07072027127091034
39628411756350253,0.0,0.39,0.61,0.0,0.4823997742525436
39628454571803622,0.0,0.41,0.59,0.0,0.488250234378912
39628411756350551,0.0,0.05,0.93,0.02,0.21317104534994366
39628411756351768,0.0,0.02,0.98,0.0,0.07072027127091034
39628411752157649,0.0,0.69,0.31,0.0,0.4465867291889284
39628449266011099,0.0,0.7,0.3,0.0,0.44064544961534635
39628449266011139,0.0,0.49,0.51,0.0,0.49985572087640495
39628449266011147,0.0,0.11,0.89,0.0,0.249957979082264
39628411756349766,0.0,0.06,0.94,0.0,0.16372245957723813
39628449266008621,0.0,0.8,0.2,0.0,0.36096404744368116
39628411756349736,0.0,0.37,0.63,0.0,0.47533604634353294
39628433264738547,0.06,0.94,0.0,0.0,0.16372245957723813
39628433264738567,0.0,0.43,0.57,0.0,0.4929075185894599
39628459894375221,0.0,0.48,0.52,0.0,0.4994227679976009
39628433264738883,0.0,0.28,0.72,0.0,0.4277254052800653
39628465175004082,0.0,0.98,0.02,0.0,0.07072027127091034
39628433264739001,0.0,0.84,0.16,0.0,0.3171547773202831
39628417137644479,0.0,0.85,0.15,0.0,0.3049201523582002
39628417137641825,0.0,0.73,0.27,0.0,0.42073231810408784
39628411756348063,0.0,0.63,0.37,0.0,0.47533604634353294
39628465145646494,0.0,0.97,0.03,0.0,0.0971959289157881
39628411756348757,0.0,0.0,0.99,0.01,0.04039656794795559
39628411756348897,0.0,0.01,0.85,0.14,0.33142210248480686
39628433264739008,0.0,0.11,0.89,0.0,0.249957979082264
39628465145646455,0.0,0.09,0.91,0.0,0.21823490853205144
39628411756349637,0.0,0.12,0.88,0.0,0.2646804326436822
39628433264739005,0.0,0.92,0.08,0.0,0.2010895951011364
39628449266011380,0.0,0.0,0.94,0.06,0.16372245957723813
39628422531514480,0.0,0.78,0.22,0.0,0.38008375148098283
39628417167001276,0.0,1.0,0.0,0.0,-0.0
39628459890181810,0.0,0.6,0.4,0.0,0.4854752972273343
39628417167001403,0.0,0.81,0.19,0.0,0.3507357299419487
39628449261817294,0.0,0.89,0.11,0.0,0.249957979082264
39628417167001457,0.0,0.01,0.97,0.02,0.11097036642660543
39628470438857832,0.0,0.0,0.99,0.01,0.04039656794795559
39628422531518842,0.0,0.24,0.76,0.0,0.39752013969226113
39628422518936224,0.0,0.98,0.02,0.0,0.07072027127091034
39628459890181463,0.0,0.04,0.96,0.0,0.12114609454120741
39628438599893780,0.0,0.07,0.93,0.0,0.18296182545011158
39628454588584261,0.0,0.0,0.79,0.21,0.37074136996563684
39628438599893776,0.0,0.27,0.73,0.0,0.42073231810408784
39628422518936208,0.0,0.91,0.09,0.0,0.21823490853205144
39628459890181216,0.0,0.07,0.93,0.0,0.18296182545011158
39628417167002727,0.0,0.9,0.1,0.0,0.2344977967946406
39628438599893715,0.0,0.07,0.93,0.0,0.18296182545011158
39628427908615387,0.0,0.04,0.96,0.0,0.12114609454120741
39628438599893949,0.0,0.82,0.18,0.0,0.34003852286413994
39628454584387456,0.0,0.66,0.34,0.0,0.46240935248651505
39628422535711855,0.0,1.0,0.0,0.0,-0.0
39628422523130210,0.0,0.29,0.71,0.0,0.43436062316970225
39628411752157208,0.0,0.89,0.11,0.0,0.249957979082264
39628454584386189,0.0,0.07,0.93,0.0,0.18296182545011158
39628417154417766,0.0,0.32,0.68,0.0,0.45219072886224687
39628411752156778,0.0,1.0,0.0,0.0,-0.0
39628422535711911,0.0,0.33,0.67,0.0,0.4574631863898637
39628433252157369,0.0,0.08,0.92,0.0,0.2010895951011364
39628417154417747,0.0,0.79,0.21,0.0,0.37074136996563684
39628417137641521,0.0,0.96,0.04,0.0,0.12114609454120741
39628438629254943,0.0,0.93,0.07,0.0,0.18296182545011158
39628454571805400,0.0,0.05,0.95,0.0,0.14319847855797813
39628459890183832,0.0,0.38,0.62,0.0,0.47902101111314976
39628427908615445,0.0,0.57,0.43,0.0,0.4929075185894599
39628465175008900,0.07,0.93,0.0,0.0,0.18296182545011158
39628465179197553,0.0,1.0,0.0,0.0,-0.0
39628465179197880,0.0,1.0,0.0,0.0,-0.0
39628438595699297,0.0,0.36,0.64,0.0,0.4713415946277461
39628438625061955,0.0,0.29,0.71,0.0,0.43436062316970225
39628438599893249,0.0,0.41,0.59,0.0,0.488250234378912
39628454588580302,0.0,0.31,0.69,0.0,0.4465867291889284
39628454563418377,0.0,0.6,0.4,0.0,0.4854752972273343
39628417146032396,0.0,0.08,0.92,0.0,0.2010895951011364
39628417146032223,0.0,1.0,0.0,0.0,-0.0
39628417146032173,0.0,0.25,0.75,0.0,0.4056390622295664
39628449253425540,0.0,0.06,0.94,0.0,0.16372245957723813
39628417146032172,0.0,0.0,0.97,0.03,0.0971959289157881
39628465166615089,0.0,0.93,0.07,0.0,0.18296182545011158
39628422552488635,0.0,0.93,0.07,0.0,0.18296182545011158
39628449266013402,0.0,0.75,0.25,0.0,0.4056390622295664
39628417146032156,0.0,0.58,0.42,0.0,0.49072694751682683
39628454588581095,0.0,0.0,0.79,0.21,0.37074136996563684
39628438599893194,0.0,0.2,0.8,0.0,0.36096404744368116
39628438599893272,0.0,0.61,0.39,0.0,0.4823997742525436
39628422544099742,0.0,0.22,0.78,0.0,0.38008375148098283
39628417146032523,0.0,0.9,0.1,0.0,0.2344977967946406
39628454588585093,0.0,0.0,0.97,0.03,0.0971959289157881
39628454571807305,0.0,0.78,0.22,0.0,0.38008375148098283
39628449249232961,0.0,1.0,0.0,0.0,-0.0
39628427912810233,0.0,1.0,0.0,0.0,-0.0
39628449249233257,0.0,0.26,0.74,0.0,0.4133731862463089
39628427912810601,0.0,0.1,0.9,0.0,0.2344977967946406
39628427912810743,0.0,0.99,0.01,0.0,0.04039656794795559
39628449266013158,0.0,0.07,0.93,0.0,0.18296182545011158
39628417146032721,0.0,0.3,0.7,0.0,0.44064544961534635
39628454588581120,0.0,0.98,0.02,0.0,0.07072027127091034
39628422552489223,0.0,0.04,0.93,0.03,0.2174448102113104
39628465162424996,0.0,0.06,0.94,0.0,0.16372245957723813
39628465162425039,0.0,0.03,0.97,0.0,0.0971959289157881
39628427912810939,0.0,0.01,0.99,0.0,0.04039656794795559
39628454571807051,0.0,0.68,0.32,0.0,0.45219072886224687
39628417150223332,0.0,0.33,0.67,0.0,0.4574631863898637
39628454592774243,0.0,0.21,0.79,0.0,0.37074136996563684
39628449257619760,0.0,0.55,0.45,0.0,0.49638722699390414
39628427887642683,0.0,0.41,0.59,0.0,0.488250234378912
39628417146030205,0.0,0.22,0.78,0.0,0.38008375148098283
39628427887643356,0.0,0.55,0.45,0.0,0.49638722699390414
39628417146030474,0.0,0.0,0.92,0.08,0.2010895951011364
39628422552487557,0.0,0.89,0.11,0.0,0.249957979082264
39628422552487405,0.0,0.81,0.19,0.0,0.3507357299419487
39628427887644072,0.0,0.18,0.82,0.0,0.34003852286413994
39628427912811633,0.0,0.11,0.89,0.0,0.249957979082264
39628449253428079,0.0,0.81,0.19,0.0,0.3507357299419487
39628449270202678,0.0,0.45,0.55,0.0,0.49638722699390414
39628427887642344,0.0,0.72,0.28,0.0,0.4277254052800653
39628454571807123,0.0,0.8,0.2,0.0,0.36096404744368116
39628454592774265,0.0,0.74,0.26,0.0,0.4133731862463089
39628417146032114,0.0,0.53,0.47,0.0,0.4987007942838698
39628417146032094,0.0,0.28,0.72,0.0,0.4277254052800653
39628422548292921,0.0,0.46,0.54,0.0,0.49768921941011285
39628449253430067,0.0,0.01,0.99,0.0,0.04039656794795559
39628427887642297,0.0,0.35,0.65,0.0,0.4670340276877455
39628465166617597,0.0,0.19,0.81,0.0,0.3507357299419487
39628427896030419,0.0,0.27,0.73,0.0,0.42073231810408784
39628417146030128,0.0,0.0,0.99,0.01,0.04039656794795559
39628417146028126,0.0,0.9,0.1,0.0,0.2344977967946406
39628465162422490,0.0,0.74,0.26,0.0,0.4133731862463089
39628454588584939,0.0,0.0,0.99,0.01,0.04039656794795559
39628422552490300,0.0,0.33,0.67,0.0,0.4574631863898637
39628433285710529,0.0,0.19,0.81,0.0,0.3507357299419487
39628443972796736,0.0,0.78,0.22,0.0,0.38008375148098283
39628459877600395,0.0,0.14,0.86,0.0,0.292119405821428
39628459865016714,0.0,0.05,0.95,0.0,0.14319847855797813
39628433285710899,0.0,0.04,0.96,0.0,0.12114609454120741
39628454588584950,0.0,0.33,0.67,0.0,0.4574631863898637
39628454588580152,0.0,0.44,0.56,0.0,0.4947937606110278
39628454592775853,0.0,0.3,0.7,0.0,0.44064544961534635
39628433285711042,0.0,0.58,0.42,0.0,0.49072694751682683
39628422552489983,0.0,0.14,0.86,0.0,0.292119405821428
39628443943439726,0.0,0.13,0.87,0.0,0.2787190925139945
39628427912809413,0.0,0.29,0.71,0.0,0.43436062316970225
39628438625058943,0.0,0.77,0.23,0.0,0.38900565177326885
39628433256351043,0.0,0.45,0.55,0.0,0.49638722699390414
39628433256350948,0.0,0.29,0.71,0.0,0.43436062316970225
39628433256350746,0.0,0.1,0.89,0.01,0.27413031336294724
39628427887642168,0.0,0.54,0.46,0.0,0.49768921941011285
39628454567609589,0.0,0.01,0.99,0.0,0.04039656794795559
39628433243771287,0.0,0.03,0.96,0.01,0.13737165703039006
39628465162422399,0.0,0.14,0.86,0.0,0.292119405821428
39628427908616786,0.0,0.76,0.24,0.0,0.39752013969226113
39628438633448475,0.0,0.05,0.95,0.0,0.14319847855797813
39628454559226349,0.0,0.61,0.39,0.0,0.4823997742525436
39628438604087338,0.0,0.61,0.39,0.0,0.4823997742525436
39628433256350506,0.0,0.81,0.19,0.0,0.3507357299419487
39628438595701607,0.0,0.12,0.88,0.0,0.2646804326436822
39628417150223606,0.0,0.4,0.6,0.0,0.4854752972273343
39628438625060826,0.02,0.98,0.0,0.0,0.07072027127091034
39628422535709463,0.0,0.07,0.93,0.0,0.18296182545011158
39628433243771875,0.03,0.97,0.0,0.0,0.0971959289157881
39628454592777801,0.0,0.52,0.48,0.0,0.4994227679976009
39628459885989561,0.0,0.36,0.64,0.0,0.4713415946277461
39628427887641988,0.0,0.12,0.88,0.0,0.2646804326436822
39628433243771776,0.0,0.07,0.93,0.0,0.18296182545011158
39628422535709501,0.0,0.66,0.34,0.0,0.46240935248651505
39628433256350410,0.0,0.45,0.55,0.0,0.49638722699390414
39628465149842958,0.0,0.76,0.24,0.0,0.39752013969226113
39628438595699870,0.0,1.0,0.0,0.0,-0.0
39628438595699909,0.0,1.0,0.0,0.0,-0.0
39628433256350498,0.0,0.58,0.42,0.0,0.49072694751682683
39628433243771679,0.0,0.27,0.73,0.0,0.42073231810408784
39628459890183563,0.0,0.23,0.77,0.0,0.38900565177326885
39628427912809590,0.0,0.25,0.75,0.0,0.4056390622295664
39628417146029944,0.0,0.03,0.94,0.03,0.19372245957723813
39628433256351573,0.0,0.17,0.83,0.0,0.32885238937210975
39628465170813954,0.0,0.49,0.51,0.0,0.49985572087640495
39628438595702702,0.0,0.65,0.35,0.0,0.4670340276877455
39628427887643674,0.0,0.08,0.92,0.0,0.2010895951011364
39628427908616341,0.0,0.23,0.77,0.0,0.38900565177326885
39628427908616164,0.0,0.14,0.86,0.0,0.292119405821428
39628427912811653,0.0,0.37,0.63,0.0,0.47533604634353294
39628411752153864,0.03,0.97,0.0,0.0,0.0971959289157881
39628438633449648,0.0,0.09,0.91,0.0,0.21823490853205144
39628465170814491,0.0,0.72,0.28,0.0,0.4277254052800653
39628459894374604,0.0,0.69,0.31,0.0,0.4465867291889284
39628411752153965,0.0,0.81,0.19,0.0,0.3507357299419487
39628465166616489,0.0,0.05,0.94,0.01,0.1832231322266888
39628422531519143,0.0,0.03,0.94,0.03,0.19372245957723813
39628465149838208,0.0,1.0,0.0,0.0,-0.0
39628411752154110,0.0,0.02,0.98,0.0,0.07072027127091034
39628433256353391,0.0,0.87,0.13,0.0,0.2787190925139945
39628422531518974,0.0,0.07,0.93,0.0,0.18296182545011158
39628438633449723,0.0,0.5,0.5,0.0,0.5
39628465170811050,0.0,0.39,0.61,0.0,0.4823997742525436
39628422531518907,0.0,0.01,0.99,0.0,0.04039656794795559
39628459890185723,0.0,0.17,0.83,0.0,0.32885238937210975
39628465170814306,0.0,0.23,0.77,0.0,0.38900565177326885
39628443943437866,0.0,0.77,0.23,0.0,0.38900565177326885
39628433256353033,0.0,0.84,0.16,0.0,0.3171547773202831
39628417150223543,0.0,0.03,0.96,0.01,0.13737165703039006
39628465149839454,0.0,0.27,0.73,0.0,0.42073231810408784
39628454571805645,0.0,0.82,0.18,0.0,0.34003852286413994
39628454567608629,0.0,0.85,0.15,0.0,0.3049201523582002
39628411752153692,0.0,0.42,0.58,0.0,0.49072694751682683
39628427887642372,0.0,0.59,0.41,0.0,0.488250234378912
39628454563418547,0.0,0.01,0.95,0.04,0.16124668093016215
39628433256351903,0.0,0.26,0.74,0.0,0.4133731862463089
39628433256352239,0.0,0.73,0.27,0.0,0.42073231810408784
39628427887643232,0.0,0.25,0.75,0.0,0.4056390622295664
39628427887643234,0.0,0.2,0.8,0.0,0.36096404744368116
39628465166617057,0.0,0.02,0.98,0.0,0.07072027127091034
39628465170814270,0.0,0.35,0.65,0.0,0.4670340276877455
39628449291175424,0.0,0.91,0.09,0.0,0.21823490853205144
39628411752153747,0.0,0.56,0.44,0.0,0.4947937606110278
39628433256352318,0.0,0.43,0.57,0.0,0.4929075185894599
39628422531519176,0.0,0.11,0.89,0.0,0.249957979082264
39628459869211796,0.0,0.13,0.87,0.0,0.2787190925139945
39628459890185715,0.0,0.82,0.18,0.0,0.34003852286413994
39628433256352584,0.0,0.57,0.43,0.0,0.4929075185894599
39628443943438054,0.0,0.12,0.88,0.0,0.2646804326436822
39628438595701443,0.0,0.0,0.97,0.03,0.0971959289157881
39628465149843219,0.0,0.14,0.86,0.0,0.292119405821428
39628422531516164,0.0,0.19,0.81,0.0,0.3507357299419487
39628454567608873,0.0,0.42,0.58,0.0,0.49072694751682683
39628433252157681,0.0,0.71,0.29,0.0,0.43436062316970225
39628438629256415,0.0,0.01,0.94,0.05,0.1832231322266888
39628465170809604,0.0,0.12,0.88,0.0,0.2646804326436822
39628417158613235,0.0,0.0,0.97,0.03,0.0971959289157881
39628433252157207,0.0,0.2,0.8,0.0,0.36096404744368116
39628433252157166,0.0,0.62,0.38,0.0,0.47902101111314976
39628422531519328,0.0,0.01,0.99,0.0,0.04039656794795559
39628422527322403,0.0,0.54,0.46,0.0,0.49768921941011285
39628422531519341,0.0,0.95,0.05,0.0,0.14319847855797813
39628433252156770,0.0,0.73,0.27,0.0,0.42073231810408784
39628433252156528,0.0,0.2,0.8,0.0,0.36096404744368116
39628459890183972,0.0,0.88,0.12,0.0,0.2646804326436822
39628433252156222,0.0,0.09,0.91,0.0,0.21823490853205144
39628465170809332,0.0,0.89,0.11,0.0,0.249957979082264
39628433252159561,0.0,0.07,0.93,0.0,0.18296182545011158
39628422527322414,0.0,0.28,0.72,0.0,0.4277254052800653
39628422527322476,0.0,0.19,0.81,0.0,0.3507357299419487
39628438629256499,0.0,0.02,0.98,0.0,0.07072027127091034
39628465170810688,0.0,0.57,0.43,0.0,0.4929075185894599
39628465170809643,0.0,0.04,0.96,0.0,0.12114609454120741
39628433252157728,0.0,0.01,0.99,0.0,0.04039656794795559
39628449266011653,0.0,0.7,0.3,0.0,0.44064544961534635
39628449266011744,0.0,0.95,0.05,0.0,0.14319847855797813
39628454563415708,0.0,0.16,0.84,0.0,0.3171547773202831
39628454563415152,0.0,0.95,0.05,0.0,0.14319847855797813
39628433252158240,0.0,0.99,0.01,0.0,0.04039656794795559
39628465170809971,0.0,0.94,0.06,0.0,0.16372245957723813
39628433252159371,0.0,0.52,0.48,0.0,0.4994227679976009
39628433252159517,0.0,0.51,0.49,0.0,0.49985572087640495
39628449266012403,0.0,0.41,0.59,0.0,0.488250234378912
39628454571806929,0.0,0.52,0.48,0.0,0.4994227679976009
39628454571805483,0.0,0.44,0.56,0.0,0.4947937606110278
39628433252158094,0.0,0.76,0.24,0.0,0.39752013969226113
39628422531519384,0.01,0.83,0.16,0.0,0.3562867308783886
39628438629256392,0.0,0.51,0.49,0.0,0.49985572087640495
39628454571805442,0.0,0.01,0.99,0.0,0.04039656794795559
39628443939246177,0.0,0.53,0.47,0.0,0.4987007942838698
39628465170808954,0.0,0.14,0.86,0.0,0.292119405821428
39628438625062644,0.0,0.92,0.08,0.0,0.2010895951011364
39628433247963484,0.0,0.16,0.84,0.0,0.3171547773202831
39628459890184838,0.0,0.36,0.64,0.0,0.4713415946277461
39628433247962133,0.0,0.29,0.71,0.0,0.43436062316970225
39628459885989092,0.0,0.4,0.6,0.0,0.4854752972273343
39628459890183700,0.0,0.0,0.97,0.03,0.0971959289157881
39628454563414452,0.0,0.07,0.93,0.0,0.18296182545011158
39628454571807092,0.0,0.44,0.56,0.0,0.4947937606110278
39628454588580442,0.03,0.97,0.0,0.0,0.0971959289157881
39628465166619270,0.0,0.01,0.99,0.0,0.04039656794795559
39628465154031733,0.0,0.61,0.39,0.0,0.4823997742525436
39628459885989004,0.0,0.35,0.65,0.0,0.4670340276877455
39628459885988928,0.0,0.93,0.07,0.0,0.18296182545011158
39628465170813841,0.0,0.56,0.44,0.0,0.4947937606110278
39628459860822801,0.05,0.95,0.0,0.0,0.14319847855797813
39628433256349776,0.0,0.03,0.97,0.0,0.0971959289157881
39628438604087334,0.0,0.51,0.49,0.0,0.49985572087640495
39628443939246104,0.0,0.13,0.87,0.0,0.2787190925139945
39628438625061220,0.0,0.03,0.97,0.0,0.0971959289157881
39628438595699620,0.0,0.3,0.7,0.0,0.44064544961534635
39628465162422141,0.0,0.41,0.59,0.0,0.488250234378912
39628427912807388,0.0,0.86,0.14,0.0,0.292119405821428
39628459885989127,0.0,0.79,0.21,0.0,0.37074136996563684
39628438629253219,0.0,0.34,0.66,0.0,0.46240935248651505
39628417150223634,0.0,0.89,0.11,0.0,0.249957979082264
39628465170808934,0.0,0.47,0.53,0.0,0.4987007942838698
39628438625063687,0.0,0.01,0.99,0.0,0.04039656794795559
39628438625063563,0.0,0.74,0.26,0.0,0.4133731862463089
39628422531519210,0.0,0.7,0.3,0.0,0.44064544961534635
39628422531519409,0.0,0.11,0.89,0.0,0.249957979082264
39628427912809527,0.0,0.97,0.03,0.0,0.0971959289157881
39628443968603210,0.0,0.21,0.79,0.0,0.37074136996563684
39628433247963769,0.0,0.1,0.9,0.0,0.2344977967946406
39628433247965685,0.0,0.59,0.41,0.0,0.488250234378912
39628449286982781,0.0,0.04,0.96,0.0,0.12114609454120741
39628433247965063,0.0,0.83,0.17,0.0,0.32885238937210975
39628454567608706,0.0,0.37,0.63,0.0,0.47533604634353294
39628438625063110,0.0,0.4,0.6,0.0,0.4854752972273343
39628438625063107,0.0,0.11,0.89,0.0,0.249957979082264
39628433247963777,0.0,0.26,0.74,0.0,0.4133731862463089
39628433247965735,0.0,0.98,0.02,0.0,0.07072027127091034
39628454588581156,0.0,0.04,0.96,0.0,0.12114609454120741
39628459869213392,0.0,0.9,0.1,0.0,0.2344977967946406
39628459885988174,0.0,0.06,0.94,0.0,0.16372245957723813
39628465162422997,0.0,0.09,0.91,0.0,0.21823490853205144
39628465179199928,0.0,0.07,0.93,0.0,0.18296182545011158
39628454571807292,0.0,0.87,0.13,0.0,0.2787190925139945
39628417150223049,0.0,0.92,0.08,0.0,0.2010895951011364
39628427912809908,0.0,0.77,0.23,0.0,0.38900565177326885
39628459881797413,0.0,0.0,0.91,0.09,0.21823490853205144
39628459881797318,0.0,1.0,0.0,0.0,-0.0
39628454575997113,0.0,0.02,0.98,0.0,0.07072027127091034
39628427908614202,0.0,0.38,0.62,0.0,0.47902101111314976
39628427917002649,0.0,0.6,0.4,0.0,0.4854752972273343
39628459894377294,0.0,0.4,0.6,0.0,0.4854752972273343
39628454567608582,0.0,0.54,0.46,0.0,0.49768921941011285
39628459894378375,0.0,0.13,0.87,0.0,0.2787190925139945
39628443935051588,0.0,0.0,0.98,0.02,0.07072027127091034
39628427917003757,0.0,0.02,0.95,0.03,0.1674722434193448
39628459894378743,0.0,0.36,0.64,0.0,0.4713415946277461
39628459894378754,0.0,0.48,0.52,0.0,0.4994227679976009
39628459894378818,0.0,0.68,0.32,0.0,0.45219072886224687
39628470422081445,0.0,0.91,0.09,0.0,0.21823490853205144
39628427917002716,0.0,0.05,0.75,0.2,0.49588007409048673
39628459894377258,0.0,0.63,0.37,0.0,0.47533604634353294
39628459894377078,0.0,0.36,0.64,0.0,0.4713415946277461
39628427904423078,0.0,0.54,0.46,0.0,0.49768921941011285
39628427921195881,0.0,0.96,0.04,0.0,0.12114609454120741
39628427921195869,0.0,0.56,0.44,0.0,0.4947937606110278
39628427921195639,0.0,0.1,0.9,0.0,0.2344977967946406
39628427921195580,0.0,0.98,0.02,0.0,0.07072027127091034
39628465179198076,0.0,0.72,0.28,0.0,0.4277254052800653
39628465162425222,0.0,0.96,0.04,0.0,0.12114609454120741
39628438620868146,0.0,0.22,0.77,0.01,0.4186777986697226
39628427921195358,0.0,0.98,0.02,0.0,0.07072027127091034
39628427921195170,0.0,0.28,0.72,0.0,0.4277254052800653
39628427917005073,0.0,0.92,0.08,0.0,0.2010895951011364
39628427917004666,0.0,0.58,0.42,0.0,0.49072694751682683
39628438620868057,0.0,0.24,0.76,0.0,0.39752013969226113
39628427908615441,0.0,0.28,0.72,0.0,0.4277254052800653
39628427908615126,0.0,0.67,0.33,0.0,0.4574631863898637
39628422535708776,0.0,0.05,0.95,0.0,0.14319847855797813
39628454563419892,0.0,0.46,0.54,0.0,0.49768921941011285
39628465162422787,0.0,0.67,0.33,0.0,0.4574631863898637
39628438604090445,0.0,0.13,0.87,0.0,0.2787190925139945
39628459894376355,0.0,0.92,0.08,0.0,0.2010895951011364
39628417150222882,0.0,0.61,0.39,0.0,0.4823997742525436
39628417150222925,0.0,0.07,0.93,0.0,0.18296182545011158
39628427908614623,0.0,0.2,0.8,0.0,0.36096404744368116
39628465162425510,0.0,0.01,0.98,0.01,0.08072027127091033
39628454588584869,0.0,0.23,0.77,0.0,0.38900565177326885
39628443935051100,0.0,0.6,0.4,0.0,0.4854752972273343
39628459881793049,0.0,0.51,0.49,0.0,0.49985572087640495
39628443930853705,0.0,0.4,0.6,0.0,0.4854752972273343
39628443930853507,0.0,0.2,0.8,0.0,0.36096404744368116
39628454559225658,0.0,0.42,0.58,0.0,0.49072694751682683
39628443930853487,0.0,0.03,0.97,0.0,0.0971959289157881
39628454576000557,0.0,0.02,0.97,0.01,0.11097036642660543
39628443926663399,0.0,0.93,0.07,0.0,0.18296182545011158
39628438591509165,0.0,0.11,0.89,0.0,0.249957979082264
39628454567610202,0.0,0.69,0.31,0.0,0.4465867291889284
39628454575997095,0.0,0.2,0.8,0.0,0.36096404744368116
39628427917003538,0.0,0.01,0.99,0.0,0.04039656794795559
39628459881795000,0.0,0.86,0.14,0.0,0.292119405821428
39628454575997096,0.0,0.08,0.92,0.0,0.2010895951011364
39628427917003242,0.0,0.02,0.98,0.0,0.07072027127091034
39628459881794132,0.0,0.61,0.39,0.0,0.4823997742525436
39628438591509360,0.0,0.39,0.61,0.0,0.4823997742525436
39628459881794320,0.0,0.2,0.8,0.0,0.36096404744368116
39628427917003483,0.0,0.38,0.62,0.0,0.47902101111314976
39628459881794427,0.0,0.0,1.0,0.0,-0.0
39628454567610591,0.0,0.31,0.69,0.0,0.4465867291889284
39628417150223136,0.0,0.13,0.87,0.0,0.2787190925139945
39628427917003271,0.0,0.14,0.86,0.0,0.292119405821428
39628438591509186,0.01,0.77,0.22,0.0,0.41867779866972266
39628443930853877,0.0,0.85,0.15,0.0,0.3049201523582002
39628443930854176,0.0,0.05,0.95,0.0,0.14319847855797813
39628465162423526,0.0,0.24,0.76,0.0,0.39752013969226113
39628427917002803,0.0,0.81,0.19,0.0,0.3507357299419487
39628427917003698,0.0,0.29,0.71,0.0,0.43436062316970225
39628427917002935,0.0,0.26,0.74,0.0,0.4133731862463089
39628427917003016,0.0,0.2,0.8,0.0,0.36096404744368116
39628438595700939,0.0,0.3,0.7,0.0,0.44064544961534635
39628454575997000,0.0,0.1,0.9,0.0,0.2344977967946406
39628427904422096,0.0,0.88,0.12,0.0,0.2646804326436822
39628427904422254,0.0,0.01,0.98,0.01,0.08072027127091033
39628454575998448,0.0,0.31,0.69,0.0,0.4465867291889284
39628454575997056,0.0,0.46,0.54,0.0,0.49768921941011285
39628459881795700,0.0,0.08,0.92,0.0,0.2010895951011364
39628454575998679,0.0,0.64,0.36,0.0,0.4713415946277461
39628443930857576,0.0,0.74,0.26,0.0,0.4133731862463089
39628454575998756,0.0,1.0,0.0,0.0,-0.0
39628454575998814,0.0,0.88,0.12,0.0,0.2646804326436822
39628454575998959,0.0,0.66,0.34,0.0,0.46240935248651505
39628454567609970,0.0,0.26,0.74,0.0,0.4133731862463089
39628443930855087,0.0,0.08,0.91,0.01,0.24088153359695552
39628443930854219,0.0,0.15,0.85,0.0,0.3049201523582002
39628465162425515,0.0,0.14,0.86,0.0,0.292119405821428
39628465162425543,0.0,0.0,0.99,0.01,0.04039656794795559
39628427908616007,0.0,0.18,0.82,0.0,0.34003852286413994
39628459869213741,0.01,0.85,0.14,0.0,0.33142210248480686
39628427912811455,0.0,0.19,0.81,0.0,0.3507357299419487
39628459894374943,0.0,1.0,0.0,0.0,-0.0
39628427891839813,0.0,0.6,0.4,0.0,0.4854752972273343
39628411756348031,0.0,0.66,0.34,0.0,0.46240935248651505
39628427908615975,0.0,1.0,0.0,0.0,-0.0
39628465166615776,0.0,0.02,0.98,0.0,0.07072027127091034
39628459869214074,0.0,0.25,0.75,0.0,0.4056390622295664
39628438620869133,0.0,0.0,0.97,0.03,0.0971959289157881
39628459885987818,0.0,0.21,0.79,0.0,0.37074136996563684
39628459894375018,0.0,0.1,0.9,0.0,0.2344977967946406
39628454559226345,0.0,0.38,0.62,0.0,0.47902101111314976
39628454563418897,0.0,0.97,0.03,0.0,0.0971959289157881
39628417162811061,0.0,0.99,0.01,0.0,0.04039656794795559
39628438595701238,0.0,0.44,0.56,0.0,0.4947937606110278
39628411756348567,0.0,0.01,0.98,0.01,0.08072027127091033
39628438604087802,0.0,0.73,0.27,0.0,0.42073231810408784
39628465145646806,0.0,0.8,0.2,0.0,0.36096404744368116
39628459885987053,0.0,0.92,0.08,0.0,0.2010895951011364
39628459885987894,0.0,0.35,0.65,0.0,0.4670340276877455
39628427891837585,0.0,0.79,0.21,0.0,0.37074136996563684
39628465166616288,0.0,0.95,0.05,0.0,0.14319847855797813
39628465170814847,0.0,0.93,0.07,0.0,0.18296182545011158
39628454563418708,0.0,0.0,1.0,0.0,-0.0
39628427887644962,0.0,0.02,0.97,0.01,0.11097036642660543
39628438595700080,0.0,0.65,0.35,0.0,0.4670340276877455
39628465166616047,0.0,0.28,0.72,0.0,0.4277254052800653
39628459885988017,0.0,0.12,0.88,0.0,0.2646804326436822
39628465170814991,0.0,0.4,0.6,0.0,0.4854752972273343
39628454592775061,0.0,0.04,0.96,0.0,0.12114609454120741
39628411752157147,0.0,0.94,0.06,0.0,0.16372245957723813
39628459885987916,0.0,0.23,0.77,0.0,0.38900565177326885
39628465170815018,0.0,0.07,0.93,0.0,0.18296182545011158
39628465170815063,0.0,0.67,0.33,0.0,0.4574631863898637
39628417146031115,0.0,0.38,0.62,0.0,0.47902101111314976
39628454571805771,0.0,0.53,0.47,0.0,0.4987007942838698
39628465166615841,0.0,0.03,0.97,0.0,0.0971959289157881
39628427891837161,0.0,0.04,0.96,0.0,0.12114609454120741
39628438620869355,0.0,0.08,0.92,0.0,0.2010895951011364
39628459885987914,0.0,0.12,0.88,0.0,0.2646804326436822
39628454559226263,0.0,0.65,0.35,0.0,0.4670340276877455
39628470447247782,0.0,0.05,0.95,0.0,0.14319847855797813
39628454588580768,0.0,0.37,0.63,0.0,0.47533604634353294
39628465175007149,0.0,0.53,0.47,0.0,0.4987007942838698
39628465175007260,0.0,0.95,0.05,0.0,0.14319847855797813
39628465175007300,0.0,0.58,0.42,0.0,0.49072694751682683
39628454588585278,0.0,0.71,0.29,0.0,0.43436062316970225
39628422531516322,0.0,0.07,0.93,0.0,0.18296182545011158
39628465175007643,0.0,0.12,0.88,0.0,0.2646804326436822
39628422535708923,0.0,0.66,0.34,0.0,0.46240935248651505
39628427908615517,0.0,0.92,0.08,0.0,0.2010895951011364
39628459894375565,0.0,0.84,0.16,0.0,0.3171547773202831
39628427904419476,0.0,0.23,0.77,0.0,0.38900565177326885
39628427908615470,0.0,0.01,0.96,0.03,0.13737165703039006
39628427908615463,0.0,0.84,0.16,0.0,0.3171547773202831
39628417146032492,0.0,0.4,0.6,0.0,0.4854752972273343
39628422527320135,0.0,0.22,0.78,0.0,0.38008375148098283
39628465175008203,0.0,0.77,0.23,0.0,0.38900565177326885
39628459885986637,0.0,0.82,0.18,0.0,0.34003852286413994
39628427921196766,0.0,0.44,0.56,0.0,0.4947937606110278
39628465162425558,0.0,0.12,0.88,0.0,0.2646804326436822
39628454601164074,0.0,0.8,0.2,0.0,0.36096404744368116
39628459885986630,0.0,0.86,0.14,0.0,0.292119405821428
39628427900227358,0.0,0.75,0.25,0.0,0.4056390622295664
39628422523129412,0.0,0.02,0.97,0.01,0.11097036642660543
39628470447247724,0.0,1.0,0.0,0.0,-0.0
39628454588584717,0.02,0.96,0.02,0.0,0.14114609454120738
39628438620868490,0.0,0.6,0.4,0.0,0.4854752972273343
39628411756349574,0.0,0.86,0.14,0.0,0.292119405821428
39628422523128586,0.0,0.02,0.98,0.0,0.07072027127091034
39628427900226379,0.0,0.89,0.11,0.0,0.249957979082264
39628427900226412,0.0,0.32,0.68,0.0,0.45219072886224687
39628411756350501,0.0,0.8,0.2,0.0,0.36096404744368116
39628454592774267,0.0,0.0,0.98,0.02,0.07072027127091034
39628422523128653,0.0,0.31,0.69,0.0,0.4465867291889284
39628427900227201,0.0,0.24,0.76,0.0,0.39752013969226113
39628465175006206,0.0,0.48,0.52,0.0,0.4994227679976009
39628427900227297,0.0,0.03,0.97,0.0,0.0971959289157881
39628427908615569,0.0,0.73,0.27,0.0,0.42073231810408784
39628465175006679,0.0,0.12,0.88,0.0,0.2646804326436822
39628465175006898,0.0,0.26,0.74,0.0,0.4133731862463089
39628422523129390,0.0,0.98,0.02,0.0,0.07072027127091034
39628465175007053,0.0,0.98,0.02,0.0,0.07072027127091034
39628443968604434,0.0,0.81,0.19,0.0,0.3507357299419487
39628454567608859,0.0,0.06,0.94,0.0,0.16372245957723813
39628438599894472,0.0,0.08,0.92,0.0,0.2010895951011364
39628433268933160,0.0,0.37,0.63,0.0,0.47533604634353294
39628433268932883,0.0,0.08,0.92,0.0,0.2010895951011364
39628449253428092,0.0,0.87,0.13,0.0,0.2787190925139945
39628422539904637,0.0,0.04,0.96,0.0,0.12114609454120741
39628422535712172,0.0,0.75,0.25,0.0,0.4056390622295664
39628459885990254,0.0,0.76,0.24,0.0,0.39752013969226113
39628422539904213,0.0,0.45,0.55,0.0,0.49638722699390414
39628417154416954,0.0,0.89,0.11,0.0,0.249957979082264
39628449253427787,0.0,0.08,0.92,0.0,0.2010895951011364
39628454563420000,0.0,0.13,0.87,0.0,0.2787190925139945
39628438599895655,0.0,0.04,0.96,0.0,0.12114609454120741
39628422552487520,0.0,0.52,0.48,0.0,0.4994227679976009
39628422535711932,0.0,0.51,0.49,0.0,0.49985572087640495
39628417154417234,0.0,0.21,0.79,0.0,0.37074136996563684
39628459865016184,0.0,0.05,0.92,0.03,0.239266955218135
39628459890181649,0.0,0.67,0.33,0.0,0.4574631863898637
39628427912808445,0.0,0.6,0.4,0.0,0.4854752972273343
39628449253429034,0.0,0.94,0.06,0.0,0.16372245957723813
39628459885990270,0.0,0.17,0.83,0.0,0.32885238937210975
39628438599893918,0.0,0.53,0.47,0.0,0.4987007942838698
39628438599893310,0.0,0.68,0.32,0.0,0.45219072886224687
39628433281515850,0.0,0.53,0.47,0.0,0.4987007942838698
39628433268935822,0.0,0.0,0.99,0.01,0.04039656794795559
39628438599894231,0.0,0.12,0.88,0.0,0.2646804326436822
39628433281515856,0.0,0.46,0.54,0.0,0.49768921941011285
39628422539903023,0.0,0.96,0.04,0.0,0.12114609454120741
39628459865015950,0.0,0.79,0.21,0.0,0.37074136996563684
39628422539903029,0.0,0.6,0.4,0.0,0.4854752972273343
39628433268934848,0.0,0.0,1.0,0.0,-0.0
39628433268934694,0.0,0.65,0.35,0.0,0.4670340276877455
39628433268934642,0.0,0.45,0.55,0.0,0.49638722699390414
39628449253428481,0.0,0.52,0.48,0.0,0.4994227679976009
39628422535712248,0.0,0.0,1.0,0.0,-0.0
39628459885991343,0.0,0.04,0.96,0.0,0.12114609454120741
39628422535711925,0.0,0.9,0.1,0.0,0.2344977967946406
39628459890182188,0.0,0.71,0.29,0.0,0.43436062316970225
39628454588581940,0.0,0.59,0.41,0.0,0.488250234378912
39628422552488485,0.0,0.92,0.08,0.0,0.2010895951011364
39628443943438468,0.0,0.65,0.35,0.0,0.4670340276877455
39628449253426340,0.0,0.1,0.9,0.0,0.2344977967946406
39628449253426198,0.0,0.18,0.82,0.0,0.34003852286413994
39628449253426021,0.0,0.01,0.99,0.0,0.04039656794795559
39628417154419036,0.0,0.36,0.64,0.0,0.4713415946277461
39628422535711407,0.0,0.99,0.01,0.0,0.04039656794795559
39628417154418754,0.0,0.63,0.37,0.0,0.47533604634353294
39628459885990167,0.0,0.03,0.97,0.0,0.0971959289157881
39628459885990124,0.0,0.32,0.68,0.0,0.45219072886224687
39628449253425697,0.0,0.07,0.93,0.0,0.18296182545011158
39628417150225594,0.0,0.5,0.5,0.0,0.5
39628422552488638,0.0,0.85,0.15,0.0,0.3049201523582002
39628459885990078,0.0,0.13,0.87,0.0,0.2787190925139945
39628417154419065,0.0,0.33,0.67,0.0,0.4574631863898637
39628449261817669,0.0,0.0,1.0,0.0,-0.0
39628449253425575,0.0,0.59,0.41,0.0,0.488250234378912
39628433281516770,0.0,0.41,0.59,0.0,0.488250234378912
39628449261817676,0.0,0.21,0.79,0.0,0.37074136996563684
39628454563419971,0.0,0.14,0.85,0.01,0.33142210248480686
39628449253427475,0.0,0.38,0.62,0.0,0.47902101111314976
39628449253426462,0.0,1.0,0.0,0.0,-0.0
39628449253427216,0.0,0.56,0.44,0.0,0.4947937606110278
39628417150224354,0.0,0.38,0.62,0.0,0.47902101111314976
39628449253427003,0.0,0.92,0.08,0.0,0.2010895951011364
39628449253426968,0.0,0.99,0.01,0.0,0.04039656794795559
39628449253426961,0.0,0.18,0.82,0.0,0.34003852286413994
39628449253426956,0.0,0.1,0.9,0.0,0.2344977967946406
39628449253426932,0.0,0.21,0.79,0.0,0.37074136996563684
39628459890182020,0.0,0.37,0.63,0.0,0.47533604634353294
39628449253426784,0.0,0.95,0.05,0.0,0.14319847855797813
39628449253426697,0.0,0.28,0.72,0.0,0.4277254052800653
39628449253426646,0.0,0.88,0.12,0.0,0.2646804326436822
39628438599893297,0.0,0.24,0.76,0.0,0.39752013969226113
39628449253426605,0.0,0.8,0.2,0.0,0.36096404744368116
39628449253426501,0.0,0.1,0.89,0.01,0.27413031336294724
39628449270202558,0.0,0.9,0.1,0.0,0.2344977967946406
39628438599893864,0.0,0.2,0.8,0.0,0.36096404744368116
39628459885990440,0.0,0.28,0.72,0.0,0.4277254052800653
39628433268936249,0.0,0.81,0.19,0.0,0.3507357299419487
39628433285714517,0.0,0.18,0.82,0.0,0.34003852286413994
39628433285714619,0.0,0.01,0.94,0.05,0.1832231322266888
39628433285714750,0.0,0.05,0.95,0.0,0.14319847855797813
39628443943437252,0.0,0.0,1.0,0.0,-0.0
39628449257620275,0.0,0.01,0.97,0.02,0.11097036642660543
39628422527321712,0.0,0.18,0.82,0.0,0.34003852286413994
39628433273130514,0.0,0.78,0.22,0.0,0.38008375148098283
39628433273130321,0.0,0.77,0.23,0.0,0.38900565177326885
39628449257620151,0.0,0.01,0.97,0.02,0.11097036642660543
39628422544101448,0.0,0.2,0.8,0.0,0.36096404744368116
39628422535713029,0.0,0.42,0.58,0.0,0.49072694751682683
39628449257620075,0.0,0.37,0.63,0.0,0.47533604634353294
39628438599893404,0.0,0.0,1.0,0.0,-0.0
39628454588581141,0.0,0.22,0.78,0.0,0.38008375148098283
39628417150226668,0.0,0.98,0.02,0.0,0.07072027127091034
39628417150225461,0.0,0.99,0.01,0.0,0.04039656794795559
39628422544100985,0.0,0.78,0.22,0.0,0.38008375148098283
39628417150225438,0.0,0.12,0.88,0.0,0.2646804326436822
39628438599893577,0.0,0.63,0.37,0.0,0.47533604634353294
39628433273131586,0.0,0.91,0.09,0.0,0.21823490853205144
39628433277322336,0.0,0.52,0.48,0.0,0.4994227679976009
39628433277322269,0.0,0.82,0.18,0.0,0.34003852286413994
39628454567609560,0.0,0.98,0.02,0.0,0.07072027127091034
39628417150226913,0.0,0.65,0.35,0.0,0.4670340276877455
39628433277321961,0.0,0.85,0.15,0.0,0.3049201523582002
39628433277323547,0.0,0.0,0.79,0.21,0.37074136996563684
39628427904423583,0.01,0.97,0.02,0.0,0.11097036642660543
39628433277321758,0.0,0.48,0.52,0.0,0.4994227679976009
39628459885991303,0.0,0.81,0.19,0.0,0.3507357299419487
39628433273131413,0.0,0.54,0.46,0.0,0.49768921941011285
39628438599893335,0.0,0.29,0.71,0.0,0.43436062316970225
39628422544099342,0.0,0.01,0.97,0.02,0.11097036642660543
39628422544099356,0.0,0.0,1.0,0.0,-0.0
39628433277324383,0.0,0.28,0.72,0.0,0.4277254052800653
39628459885991160,0.01,0.59,0.4,0.0,0.5221627763481467
39628438599893592,0.0,0.27,0.73,0.0,0.42073231810408784
39628433285713459,0.0,0.0,0.92,0.08,0.2010895951011364
39628433277324830,0.0,0.97,0.03,0.0,0.0971959289157881
39628433285713731,0.0,0.0,0.98,0.02,0.07072027127091034
39628422544100336,0.0,0.62,0.38,0.0,0.47902101111314976
39628443943437642,0.0,0.02,0.98,0.0,0.07072027127091034
39628417150226643,0.0,0.58,0.42,0.0,0.49072694751682683
39628433273129471,0.0,1.0,0.0,0.0,-0.0
39628422548291767,0.02,0.96,0.02,0.0,0.14114609454120738
39628433273127309,0.0,0.09,0.91,0.0,0.21823490853205144
39628449257622756,0.0,0.36,0.64,0.0,0.4713415946277461
39628449257622713,0.06,0.91,0.03,0.0,0.2595582210645035
39628427912808482,0.0,0.15,0.85,0.0,0.3049201523582002
39628438599893563,0.0,0.6,0.4,0.0,0.4854752972273343
39628433273127248,0.0,0.45,0.55,0.0,0.49638722699390414
39628422535714004,0.0,0.77,0.23,0.0,0.38900565177326885
39628433285711894,0.0,0.05,0.95,0.0,0.14319847855797813
39628433268937518,0.0,0.77,0.23,0.0,0.38900565177326885
39628422535712273,0.0,0.0,0.97,0.03,0.0971959289157881
39628449253429926,0.0,0.2,0.8,0.0,0.36096404744368116
39628427912809280,0.0,0.97,0.03,0.0,0.0971959289157881
39628422535714050,0.0,0.89,0.11,0.0,0.249957979082264
39628433281515805,0.0,0.79,0.21,0.0,0.37074136996563684
39628433273127027,0.0,0.18,0.82,0.0,0.34003852286413994
39628465170812497,0.0,0.52,0.48,0.0,0.4994227679976009
39628422535713707,0.0,0.91,0.09,0.0,0.21823490853205144
39628433273129469,0.0,0.6,0.4,0.0,0.4854752972273343
39628449257620035,0.0,0.0,0.9,0.1,0.2344977967946406
39628433277325513,0.0,0.12,0.88,0.0,0.2646804326436822
39628417150225273,0.0,0.63,0.37,0.0,0.47533604634353294
39628454571806637,0.0,0.3,0.7,0.0,0.44064544961534635
39628422548291894,0.0,0.24,0.76,0.0,0.39752013969226113
39628454588581607,0.0,0.88,0.12,0.0,0.2646804326436822
39628454588581631,0.0,0.04,0.96,0.0,0.12114609454120741
39628449257619983,0.0,0.62,0.38,0.0,0.47902101111314976
39628433273129178,0.0,0.86,0.14,0.0,0.292119405821428
39628422535712414,0.0,0.85,0.15,0.0,0.3049201523582002
39628417150227057,0.0,0.54,0.46,0.0,0.49768921941011285
39628459885990589,0.0,1.0,0.0,0.0,-0.0
39628422535713696,0.0,0.77,0.23,0.0,0.38900565177326885
39628417150226533,0.0,0.61,0.39,0.0,0.4823997742525436
39628433277325821,0.0,0.72,0.28,0.0,0.4277254052800653
39628443943436661,0.0,0.7,0.3,0.0,0.44064544961534635
39628417154419224,0.0,0.72,0.28,0.0,0.4277254052800653
39628417150226903,0.0,0.01,0.99,0.0,0.04039656794795559
39628449257621581,0.0,0.61,0.39,0.0,0.4823997742525436
39628449249234860,0.0,0.27,0.73,0.0,0.42073231810408784
39628449257621376,0.0,0.01,0.86,0.13,0.31810566868628926
39628459885989752,0.0,0.52,0.48,0.0,0.4994227679976009
39628422535711163,0.0,0.29,0.71,0.0,0.43436062316970225
39628422539905984,0.0,0.42,0.58,0.0,0.49072694751682683
39628459885989585,0.0,0.71,0.29,0.0,0.43436062316970225
39628422535711172,0.0,0.11,0.89,0.0,0.249957979082264
39628422535710586,0.0,0.67,0.33,0.0,0.4574631863898637
39628459885991790,0.0,0.0,0.98,0.02,0.07072027127091034
39628422535709752,0.0,0.71,0.29,0.0,0.43436062316970225
39628449257621573,0.0,0.22,0.78,0.0,0.38008375148098283
39628422535710489,0.0,0.83,0.17,0.0,0.32885238937210975
39628422535710196,0.02,0.96,0.02,0.0,0.14114609454120738
39628433260545665,0.0,0.94,0.06,0.0,0.16372245957723813
39628427912807905,0.0,0.41,0.59,0.0,0.488250234378912
39628459885990034,0.01,0.99,0.0,0.0,0.04039656794795559
39628459885989792,0.0,0.0,1.0,0.0,-0.0
39628454592776727,0.0,0.02,0.98,0.0,0.07072027127091034
39628427908612293,0.0,0.18,0.82,0.0,0.34003852286413994
39628449278595551,0.0,0.68,0.32,0.0,0.45219072886224687
39628449249234786,0.0,0.66,0.34,0.0,0.46240935248651505
39628443972797065,0.0,0.43,0.57,0.0,0.4929075185894599
39628459890182929,0.0,0.73,0.27,0.0,0.42073231810408784
39628449249233369,0.0,0.13,0.87,0.0,0.2787190925139945
39628422535710120,0.0,0.96,0.04,0.0,0.12114609454120741
39628422535709963,0.0,0.83,0.17,0.0,0.32885238937210975
39628449266008461,0.0,0.28,0.72,0.0,0.4277254052800653
39628454567609229,0.0,0.41,0.59,0.0,0.488250234378912
39628422552489148,0.0,0.18,0.82,0.0,0.34003852286413994
39628422535709949,0.0,0.98,0.02,0.0,0.07072027127091034
39628422535711124,0.0,0.01,0.99,0.0,0.04039656794795559
39628459885989803,0.0,0.15,0.85,0.0,0.3049201523582002
39628433264738391,0.0,0.19,0.81,0.0,0.3507357299419487
39628417150226305,0.0,0.02,0.97,0.01,0.11097036642660543
39628449249233009,0.0,0.92,0.08,0.0,0.2010895951011364
39628422535711331,0.0,0.27,0.73,0.0,0.42073231810408784
39628459885991784,0.0,0.0,0.99,0.01,0.04039656794795559
39628433281516836,0.0,0.74,0.26,0.0,0.4133731862463089
39628422527324532,0.0,0.53,0.47,0.0,0.4987007942838698
39628449261818640,0.0,0.21,0.79,0.0,0.37074136996563684
39628422535709659,0.0,0.78,0.22,0.0,0.38008375148098283
39628449266009324,0.0,0.97,0.03,0.0,0.0971959289157881
39628433281516984,0.0,0.1,0.9,0.0,0.2344977967946406
39628459885991509,0.0,0.54,0.46,0.0,0.49768921941011285
39628459885991763,0.0,0.0,0.88,0.12,0.2646804326436822
39628417150226180,0.0,0.24,0.76,0.0,0.39752013969226113
39628422539906715,0.0,0.11,0.89,0.0,0.249957979082264
39628433260544700,0.0,0.21,0.79,0.0,0.37074136996563684
39628449249233365,0.0,0.15,0.85,0.0,0.3049201523582002
39628422552488893,0.0,0.92,0.08,0.0,0.2010895951011364
39628422535710128,0.0,0.01,0.99,0.0,0.04039656794795559
39628449266009146,0.0,0.18,0.82,0.0,0.34003852286413994
39628454588581955,0.0,0.41,0.59,0.0,0.488250234378912
39628433281517071,0.0,0.63,0.37,0.0,0.47533604634353294
39628433260544881,0.0,0.3,0.7,0.0,0.44064544961534635
39628422539906669,0.0,0.03,0.97,0.0,0.0971959289157881
39628433260544646,0.0,0.93,0.07,0.0,0.18296182545011158
39628459885989893,0.0,0.08,0.9,0.02,0.2705942015390087
39628417150226066,0.0,0.0,0.93,0.07,0.18296182545011158
39628438599896148,0.0,0.18,0.82,0.0,0.34003852286413994
39628459885990015,0.0,0.23,0.77,0.0,0.38900565177326885
39628459894378315,0.0,0.81,0.19,0.0,0.3507357299419487
39628427900224496,0.0,0.29,0.71,0.0,0.43436062316970225
39628449261815299,0.0,0.94,0.06,0.0,0.16372245957723813
39628433273127441,0.0,0.67,0.33,0.0,0.4574631863898637
39628438599893683,0.0,0.09,0.9,0.01,0.2579475764741046
39628459881796973,0.0,0.07,0.93,0.0,0.18296182545011158
39628427900224346,0.0,0.85,0.15,0.0,0.3049201523582002
39628427912806759,0.0,0.44,0.56,0.0,0.4947937606110278
39628465170810516,0.0,0.96,0.04,0.0,0.12114609454120741
39628438599896438,0.0,0.64,0.36,0.0,0.4713415946277461
39628438629256274,0.0,0.59,0.41,0.0,0.488250234378912
39628427917002769,0.0,0.14,0.86,0.0,0.292119405821428
39628433268937331,0.0,0.48,0.52,0.0,0.4994227679976009
39628465162423415,0.0,0.58,0.42,0.0,0.49072694751682683
39628438616675726,0.0,0.76,0.24,0.0,0.39752013969226113
39628427908612368,0.0,0.3,0.7,0.0,0.44064544961534635
39628449266008287,0.0,0.35,0.65,0.0,0.4670340276877455
39628433277325980,0.0,0.82,0.18,0.0,0.34003852286413994
39628433273127083,0.0,0.97,0.03,0.0,0.0971959289157881
39628454584388044,0.0,0.63,0.37,0.0,0.47533604634353294
39628422531517483,0.0,0.88,0.12,0.0,0.2646804326436822
39628465145646836,0.0,0.02,0.97,0.01,0.11097036642660543
39628465145646810,0.0,0.15,0.85,0.0,0.3049201523582002
39628449286980007,0.0,0.52,0.48,0.0,0.4994227679976009
39628417154419721,0.0,1.0,0.0,0.0,-0.0
39628443968602698,0.0,0.84,0.16,0.0,0.3171547773202831
39628465145646788,0.0,1.0,0.0,0.0,-0.0
39628417154419770,0.0,0.65,0.35,0.0,0.4670340276877455
39628438629257106,0.0,0.32,0.68,0.0,0.45219072886224687
39628449266009735,0.0,0.23,0.77,0.0,0.38900565177326885
39628454601163909,0.0,0.96,0.04,0.0,0.12114609454120741
39628438620867685,0.0,0.65,0.35,0.0,0.4670340276877455
39628454588585208,0.0,0.33,0.67,0.0,0.4574631863898637
39628454601164058,0.0,0.65,0.35,0.0,0.4670340276877455
39628459865016414,0.0,0.07,0.93,0.0,0.18296182545011158
39628438604088559,0.0,1.0,0.0,0.0,-0.0
39628438620867672,0.0,1.0,0.0,0.0,-0.0
39628454601163302,0.0,0.41,0.59,0.0,0.488250234378912
39628433256351354,0.0,0.11,0.89,0.0,0.249957979082264
39628433256350963,0.0,0.99,0.01,0.0,0.04039656794795559
39628433256350898,0.0,0.99,0.01,0.0,0.04039656794795559
39628433256350869,0.0,0.48,0.52,0.0,0.4994227679976009
39628422531516747,0.0,0.56,0.44,0.0,0.4947937606110278
39628454601163346,0.0,0.11,0.89,0.0,0.249957979082264
39628433273131614,0.0,0.92,0.08,0.0,0.2010895951011364
39628454567609105,0.0,0.14,0.86,0.0,0.292119405821428
39628427917004013,0.0,0.21,0.79,0.0,0.37074136996563684
39628459873406734,0.0,0.08,0.92,0.0,0.2010895951011364
39628465170811357,0.03,0.97,0.0,0.0,0.0971959289157881
39628438591509372,0.0,0.98,0.02,0.0,0.07072027127091034
39628433277321591,0.0,0.59,0.41,0.0,0.488250234378912
39628459894376244,0.0,0.99,0.01,0.0,0.04039656794795559
39628449257623565,0.0,0.17,0.83,0.0,0.32885238937210975
39628433277321327,0.0,0.01,0.99,0.0,0.04039656794795559
39628465170810917,0.0,0.91,0.09,0.0,0.21823490853205144
39628454580192858,0.0,0.01,0.99,0.0,0.04039656794795559
39628438591509323,0.0,0.0,1.0,0.0,-0.0
39628427912810110,0.0,0.39,0.61,0.0,0.4823997742525436
39628433252159853,0.0,0.01,0.98,0.01,0.08072027127091033
39628433277325802,0.0,0.25,0.75,0.0,0.4056390622295664
39628443968603244,0.0,0.24,0.76,0.0,0.39752013969226113
39628438599893434,0.0,0.06,0.94,0.0,0.16372245957723813
39628438591509196,0.0,0.07,0.93,0.0,0.18296182545011158
39628433273128000,0.0,0.02,0.98,0.0,0.07072027127091034
39628438629257162,0.0,0.2,0.8,0.0,0.36096404744368116
39628433273127578,0.0,0.01,0.97,0.02,0.11097036642660543
39628433273127444,0.0,0.55,0.45,0.0,0.49638722699390414
39628459881797050,0.0,0.0,0.92,0.08,0.2010895951011364
39628438604088402,0.0,0.01,0.99,0.0,0.04039656794795559
39628427917003583,0.0,0.11,0.89,0.0,0.249957979082264
39628465162424118,0.0,0.57,0.43,0.0,0.4929075185894599
39628454580192967,0.0,0.04,0.96,0.0,0.12114609454120741
39628433260546256,0.0,0.08,0.92,0.0,0.2010895951011364
39628438599896518,0.0,0.66,0.34,0.0,0.46240935248651505
39628427912809478,0.0,0.71,0.29,0.0,0.43436062316970225
39628433260547430,0.0,0.42,0.58,0.0,0.49072694751682683
39628417154419930,0.0,0.99,0.01,0.0,0.04039656794795559
39628459881797258,0.0,0.0,0.98,0.02,0.07072027127091034
39628433260547471,0.0,0.44,0.56,0.0,0.4947937606110278
39628427912809104,0.0,0.03,0.97,0.0,0.0971959289157881
39628438591509220,0.0,0.32,0.68,0.0,0.45219072886224687
39628465145646056,0.0,1.0,0.0,0.0,-0.0
39628427917003946,0.0,0.18,0.82,0.0,0.34003852286413994
39628443926662730,0.0,0.01,0.98,0.01,0.08072027127091033
39628433294098557,0.0,0.96,0.04,0.0,0.12114609454120741
39628459885988658,0.0,0.09,0.91,0.0,0.21823490853205144
39628475694319700,0.0,0.98,0.02,0.0,0.07072027127091034
39628449286983467,0.0,0.03,0.96,0.01,0.13737165703039006
39628417146030970,0.0,0.0,0.69,0.31,0.4465867291889284
39628465170809605,0.0,0.85,0.15,0.0,0.3049201523582002
39628459890182714,0.0,0.4,0.6,0.0,0.4854752972273343
39628427887643930,0.0,0.17,0.83,0.0,0.32885238937210975
39628433264743159,0.0,0.75,0.25,0.0,0.4056390622295664
39628449286981650,0.0,0.19,0.81,0.0,0.3507357299419487
39628433252157688,0.0,0.91,0.09,0.0,0.21823490853205144
39628433281516320,0.0,0.53,0.47,0.0,0.4987007942838698
39628422552486964,0.0,0.05,0.95,0.0,0.14319847855797813
39628422535711316,0.0,0.83,0.17,0.0,0.32885238937210975
39628465170809657,0.0,0.94,0.06,0.0,0.16372245957723813
39628422535711082,0.0,0.2,0.8,0.0,0.36096404744368116
39628454563418134,0.0,0.86,0.14,0.0,0.292119405821428
39628438591507655,0.0,0.0,0.77,0.23,0.38900565177326885
39628459865016822,0.0,0.0,0.99,0.01,0.04039656794795559
39628454584388086,0.0,0.03,0.97,0.0,0.0971959289157881
39628449261818321,0.0,0.52,0.48,0.0,0.4994227679976009
39628459890183090,0.0,0.47,0.53,0.0,0.4987007942838698
39628433281516335,0.0,0.8,0.2,0.0,0.36096404744368116
39628417158613498,0.0,0.75,0.25,0.0,0.4056390622295664
39628459890182750,0.0,0.24,0.76,0.0,0.39752013969226113
39628417162808597,0.0,0.51,0.49,0.0,0.49985572087640495
39628443930853895,0.0,0.71,0.29,0.0,0.43436062316970225
39628438591508818,0.0,0.66,0.34,0.0,0.46240935248651505
39628454596971498,0.0,0.93,0.07,0.0,0.18296182545011158
39628443930853789,0.0,0.24,0.76,0.0,0.39752013969226113
39628433281516348,0.0,0.01,0.99,0.0,0.04039656794795559
39628422531516545,0.0,0.56,0.44,0.0,0.4947937606110278
39628459865016201,0.01,0.99,0.0,0.0,0.04039656794795559
39628465170809517,0.0,0.0,0.98,0.02,0.07072027127091034
39628438612479440,0.0,0.89,0.11,0.0,0.249957979082264
39628459865017583,0.0,0.96,0.04,0.0,0.12114609454120741
39628427912808131,0.0,0.39,0.61,0.0,0.4823997742525436
39628454596971423,0.0,1.0,0.0,0.0,-0.0
39628433264742132,0.0,0.56,0.44,0.0,0.4947937606110278
39628438591508748,0.0,0.02,0.97,0.01,0.11097036642660543
39628465170809466,0.0,0.89,0.11,0.0,0.249957979082264
39628433264739609,0.0,0.2,0.8,0.0,0.36096404744368116
39628417158613625,0.0,0.18,0.82,0.0,0.34003852286413994
39628459885987995,0.0,0.24,0.76,0.0,0.39752013969226113
39628427912809017,0.0,0.57,0.43,0.0,0.4929075185894599
39628433252158634,0.0,0.69,0.31,0.0,0.4465867291889284
39628427891836710,0.0,0.65,0.35,0.0,0.4670340276877455
39628433247961296,0.0,0.3,0.7,0.0,0.44064544961534635
39628449261816756,0.0,0.0,0.97,0.03,0.0971959289157881
39628438612481096,0.0,0.35,0.65,0.0,0.4670340276877455
39628417154419410,0.0,0.09,0.91,0.0,0.21823490853205144
39628459890183745,0.0,0.36,0.64,0.0,0.4713415946277461
39628454580192005,0.0,1.0,0.0,0.0,-0.0
39628422518936979,0.0,0.85,0.15,0.0,0.3049201523582002
39628454584388196,0.0,0.84,0.16,0.0,0.3171547773202831
39628438591509147,0.0,0.24,0.76,0.0,0.39752013969226113
39628427912809408,0.0,0.46,0.54,0.0,0.49768921941011285
39628443939245467,0.0,0.27,0.73,0.0,0.42073231810408784
39628433252158236,0.0,0.83,0.17,0.0,0.32885238937210975
39628427912808102,0.0,0.87,0.13,0.0,0.2787190925139945
39628438629256099,0.01,0.8,0.19,0.0,0.3896037431552768
39628427912811532,0.0,0.04,0.96,0.0,0.12114609454120741
39628465170809869,0.0,0.94,0.06,0.0,0.16372245957723813
39628454567611488,0.0,0.54,0.46,0.0,0.49768921941011285
39628454592774728,0.0,0.01,0.97,0.02,0.11097036642660543
39628465166618867,0.0,0.79,0.21,0.0,0.37074136996563684
39628422548296463,0.0,0.06,0.94,0.0,0.16372245957723813
39628443930853597,0.0,0.51,0.49,0.0,0.49985572087640495
39628433281516243,0.0,0.23,0.77,0.0,0.38900565177326885
39628459890182700,0.0,0.23,0.77,0.0,0.38900565177326885
39628449261818045,0.0,0.43,0.57,0.0,0.4929075185894599
39628459890183181,0.0,0.17,0.83,0.0,0.32885238937210975
39628449270206566,0.0,0.11,0.89,0.0,0.249957979082264
39628470434661370,0.0,0.15,0.85,0.0,0.3049201523582002
39628465170813614,0.0,0.69,0.31,0.0,0.4465867291889284
39628465170813391,0.0,0.0,0.97,0.03,0.0971959289157881
39628411760542725,0.0,0.95,0.05,0.0,0.14319847855797813
39628470430471126,0.0,0.93,0.07,0.0,0.18296182545011158
39628465170812772,0.0,0.0,0.99,0.01,0.04039656794795559
39628454571805699,0.0,0.69,0.31,0.0,0.4465867291889284
39628454588584167,0.0,0.86,0.14,0.0,0.292119405821428
39628411760542735,0.0,0.02,0.98,0.0,0.07072027127091034
39628459890180226,0.0,0.04,0.94,0.02,0.19127133459887283
39628465179199912,0.0,0.27,0.73,0.0,0.42073231810408784
39628470434660425,0.0,0.42,0.58,0.0,0.49072694751682683
39628422539905237,0.0,0.28,0.72,0.0,0.4277254052800653
39628449270206831,0.0,0.45,0.55,0.0,0.49638722699390414
39628470434665203,0.0,0.8,0.2,0.0,0.36096404744368116
39628465170813401,0.0,0.01,0.99,0.0,0.04039656794795559
39628422548295966,0.0,0.91,0.09,0.0,0.21823490853205144
39628470430469987,0.0,0.55,0.45,0.0,0.49638722699390414
39628470430470698,0.0,1.0,0.0,0.0,-0.0
39628465170813029,0.0,0.0,0.98,0.02,0.07072027127091034
39628433264742612,0.0,0.75,0.25,0.0,0.4056390622295664
39628470434661976,0.0,0.5,0.5,0.0,0.5
39628470430469907,0.0,0.53,0.47,0.0,0.4987007942838698
39628417141834179,0.0,0.89,0.11,0.0,0.249957979082264
39628417141834164,0.0,0.95,0.05,0.0,0.14319847855797813
39628454580194513,0.02,0.98,0.0,0.0,0.07072027127091034
39628417158611897,0.0,0.44,0.56,0.0,0.4947937606110278
39628417158611854,0.0,0.99,0.01,0.0,0.04039656794795559
39628449270206635,0.0,0.9,0.1,0.0,0.2344977967946406
39628470434661597,0.0,0.04,0.96,0.0,0.12114609454120741
39628449257621057,0.0,0.05,0.95,0.0,0.14319847855797813
39628459877601674,0.0,0.13,0.87,0.0,0.2787190925139945
39628465162424515,0.0,0.38,0.62,0.0,0.47902101111314976
39628470434662007,0.0,0.07,0.93,0.0,0.18296182545011158
39628422544097907,0.0,0.1,0.9,0.0,0.2344977967946406
39628443943440239,0.0,0.71,0.29,0.0,0.43436062316970225
39628427908613379,0.0,0.23,0.77,0.0,0.38900565177326885
39628443930857042,0.0,0.08,0.92,0.0,0.2010895951011364
39628470430468381,0.0,0.79,0.21,0.0,0.37074136996563684
39628470434663228,0.0,1.0,0.0,0.0,-0.0
39628427908613051,0.0,0.47,0.53,0.0,0.4987007942838698
39628443943440349,0.0,0.24,0.76,0.0,0.39752013969226113
39628470434664911,0.0,0.65,0.35,0.0,0.4670340276877455
39628470434661212,0.0,0.36,0.64,0.0,0.4713415946277461
39628438591509912,0.0,0.99,0.01,0.0,0.04039656794795559
39628438591508154,0.0,0.28,0.72,0.0,0.4277254052800653
39628454588580856,0.0,0.14,0.86,0.0,0.292119405821428
39628443943440368,0.0,0.52,0.48,0.0,0.4994227679976009
39628470434665038,0.0,0.83,0.17,0.0,0.32885238937210975
39628470438855275,0.0,0.86,0.14,0.0,0.292119405821428
39628443943439664,0.0,0.02,0.98,0.0,0.07072027127091034
39628465162424365,0.0,0.21,0.79,0.0,0.37074136996563684
39628433281516005,0.0,0.36,0.64,0.0,0.4713415946277461
39628438591508281,0.0,0.16,0.84,0.0,0.3171547773202831
39628454588580824,0.0,0.18,0.82,0.0,0.34003852286413994
39628470434661133,0.0,0.68,0.32,0.0,0.45219072886224687
39628454575998066,0.0,0.98,0.02,0.0,0.07072027127091034
39628449257621973,0.0,0.02,0.98,0.0,0.07072027127091034
39628470434665280,0.0,0.86,0.14,0.0,0.292119405821428
39628470430469579,0.0,0.49,0.51,0.0,0.49985572087640495
39628422544097888,0.0,0.1,0.9,0.0,0.2344977967946406
39628470430469658,0.0,1.0,0.0,0.0,-0.0
39628470430469693,0.0,0.98,0.02,0.0,0.07072027127091034
39628470438856561,0.0,0.98,0.02,0.0,0.07072027127091034
39628427908614281,0.0,0.04,0.96,0.0,0.12114609454120741
39628470430470047,0.0,0.93,0.07,0.0,0.18296182545011158
39628465158231102,0.0,0.06,0.91,0.03,0.2595582210645035
39628470430470576,0.0,0.11,0.89,0.0,0.249957979082264
39628470434661931,0.0,0.06,0.94,0.0,0.16372245957723813
39628470434664942,0.0,0.61,0.39,0.0,0.4823997742525436
39628470434664334,0.0,0.55,0.45,0.0,0.49638722699390414
39628470430469192,0.0,0.57,0.43,0.0,0.4929075185894599
39628449257621856,0.0,0.63,0.37,0.0,0.47533604634353294
39628465162423008,0.0,0.95,0.05,0.0,0.14319847855797813
39628470438856679,0.0,0.43,0.57,0.0,0.4929075185894599
39628443930857112,0.0,0.0,0.98,0.02,0.07072027127091034
39628449270206326,0.0,0.0,1.0,0.0,-0.0
39628470430468577,0.0,0.24,0.76,0.0,0.39752013969226113
39628443930857166,0.0,0.33,0.67,0.0,0.4574631863898637
39628443930854245,0.0,0.01,0.99,0.0,0.04039656794795559
39628438591508558,0.0,0.02,0.98,0.0,0.07072027127091034
39628422535712943,0.0,0.38,0.62,0.0,0.47902101111314976
39628438595700732,0.01,0.99,0.0,0.0,0.04039656794795559
39628454567611818,0.0,0.9,0.1,0.0,0.2344977967946406
39628470430468847,0.0,0.15,0.85,0.0,0.3049201523582002
39628438591508100,0.0,0.59,0.41,0.0,0.488250234378912
39628422535712965,0.0,0.07,0.93,0.0,0.18296182545011158
39628443943441444,0.0,0.86,0.14,0.0,0.292119405821428
39628433277325112,0.0,0.06,0.94,0.0,0.16372245957723813
39628454567611799,0.0,0.64,0.36,0.0,0.4713415946277461
39628427908614372,0.0,0.13,0.87,0.0,0.2787190925139945
39628417150223412,0.0,0.27,0.73,0.0,0.42073231810408784
39628422535712307,0.0,0.14,0.86,0.0,0.292119405821428
39628465158227257,0.0,0.02,0.98,0.0,0.07072027127091034
39628427925392586,0.0,0.14,0.86,0.0,0.292119405821428
39628438625060620,0.0,0.51,0.49,0.0,0.49985572087640495
39628422548295761,0.0,0.0,0.85,0.15,0.3049201523582002
39628422548295759,0.0,0.64,0.36,0.0,0.4713415946277461
39628438625060735,0.0,0.41,0.59,0.0,0.488250234378912
39628433247961503,0.0,0.86,0.14,0.0,0.292119405821428
39628427887641402,0.0,0.99,0.01,0.0,0.04039656794795559
39628459890185065,0.0,0.41,0.59,0.0,0.488250234378912
39628433247962881,0.0,0.31,0.69,0.0,0.4465867291889284
39628465175004807,0.0,0.38,0.62,0.0,0.47902101111314976
39628465175004813,0.0,0.75,0.25,0.0,0.4056390622295664
39628422527320739,0.0,0.62,0.38,0.0,0.47902101111314976
39628427896034444,0.0,0.98,0.02,0.0,0.07072027127091034
39628433264740739,0.0,0.7,0.3,0.0,0.44064544961534635
39628422535712395,0.0,0.8,0.2,0.0,0.36096404744368116
39628443943436631,0.0,0.75,0.25,0.0,0.4056390622295664
39628443943436627,0.0,0.16,0.84,0.0,0.3171547773202831
39628427900224542,0.0,0.05,0.95,0.0,0.14319847855797813
39628465158228700,0.0,0.73,0.27,0.0,0.42073231810408784
39628465154036714,0.0,0.4,0.6,0.0,0.4854752972273343
39628438591507851,0.0,0.76,0.24,0.0,0.39752013969226113
39628433273128399,0.0,0.79,0.21,0.0,0.37074136996563684
39628438595701814,0.0,0.31,0.69,0.0,0.4465867291889284
39628438625060579,0.0,0.72,0.28,0.0,0.4277254052800653
39628454571807145,0.0,0.9,0.1,0.0,0.2344977967946406
39628443947632006,0.0,0.25,0.75,0.0,0.4056390622295664
39628438599894664,0.0,0.16,0.84,0.0,0.3171547773202831
39628438599894784,0.0,0.6,0.4,0.0,0.4854752972273343
39628465166616253,0.0,0.33,0.67,0.0,0.4574631863898637
39628449291175013,0.0,0.13,0.87,0.0,0.2787190925139945
39628433277322448,0.0,0.58,0.42,0.0,0.49072694751682683
39628465158229682,0.0,0.77,0.23,0.0,0.38900565177326885
39628427887644789,0.0,0.9,0.1,0.0,0.2344977967946406
39628427887644881,0.0,0.58,0.42,0.0,0.49072694751682683
39628417150223438,0.0,0.49,0.51,0.0,0.49985572087640495
39628459865018236,0.0,0.67,0.33,0.0,0.4574631863898637
39628449270202530,0.0,0.5,0.5,0.0,0.5
39628427908616759,0.0,0.06,0.93,0.01,0.20367037270049304
39628459890185574,0.0,0.97,0.03,0.0,0.0971959289157881
39628427908616792,0.0,0.92,0.08,0.0,0.2010895951011364
39628422552488460,0.0,0.66,0.34,0.0,0.46240935248651505
39628438625060219,0.0,0.7,0.3,0.0,0.44064544961534635
39628454588580534,0.0,0.08,0.92,0.0,0.2010895951011364
39628411752157253,0.0,0.07,0.93,0.0,0.18296182545011158
39628449270202467,0.0,0.74,0.26,0.0,0.4133731862463089
39628427925392785,0.0,0.42,0.58,0.0,0.49072694751682683
39628422548296153,0.0,0.97,0.03,0.0,0.0971959289157881
39628438620869247,0.0,0.0,0.99,0.01,0.04039656794795559
39628454592774823,0.0,0.16,0.84,0.0,0.3171547773202831
39628465170809811,0.0,0.24,0.76,0.0,0.39752013969226113
39628438595700617,0.0,0.24,0.76,0.0,0.39752013969226113
39628422535710470,0.0,0.07,0.9,0.03,0.2785623417561752
39628465175008469,0.0,0.41,0.59,0.0,0.488250234378912
39628422544100421,0.0,0.76,0.24,0.0,0.39752013969226113
39628433273131256,0.0,0.45,0.55,0.0,0.49638722699390414
39628433273131279,0.0,0.56,0.44,0.0,0.4947937606110278
39628465145645076,0.0,0.04,0.96,0.0,0.12114609454120741
39628427921196362,0.0,0.42,0.58,0.0,0.49072694751682683
39628433285714393,0.0,0.01,0.94,0.05,0.1832231322266888
39628465179197684,0.0,0.71,0.29,0.0,0.43436062316970225
39628433260545798,0.0,0.6,0.4,0.0,0.4854752972273343
39628459869209479,0.0,0.0,1.0,0.0,-0.0
39628459869209602,0.0,0.85,0.15,0.0,0.3049201523582002
39628417154420151,0.0,0.29,0.71,0.0,0.43436062316970225
39628433256351989,0.0,0.25,0.75,0.0,0.4056390622295664
39628433256353525,0.0,0.85,0.15,0.0,0.3049201523582002
39628427917004860,0.0,0.11,0.89,0.0,0.249957979082264
39628459885991297,0.0,0.41,0.59,0.0,0.488250234378912
39628433277321397,0.0,0.21,0.79,0.0,0.37074136996563684
39628454588584797,0.0,0.29,0.71,0.0,0.43436062316970225
39628433256353209,0.0,0.1,0.9,0.0,0.2344977967946406
39628433285713402,0.0,0.8,0.2,0.0,0.36096404744368116
39628438633449752,0.0,0.64,0.36,0.0,0.4713415946277461
39628443968603660,0.0,0.22,0.78,0.0,0.38008375148098283
39628465175008436,0.0,0.06,0.93,0.01,0.20367037270049304
39628427900228108,0.0,0.43,0.57,0.0,0.4929075185894599
39628433273129713,0.0,0.0,1.0,0.0,-0.0
39628465166615049,0.0,0.21,0.79,0.0,0.37074136996563684
39628422527320283,0.0,0.85,0.15,0.0,0.3049201523582002
39628433273129855,0.0,0.07,0.93,0.0,0.18296182545011158
39628465170812905,0.0,0.0,0.81,0.19,0.3507357299419487
39628433273129330,0.0,0.75,0.25,0.0,0.4056390622295664
39628417154419780,0.0,0.11,0.89,0.0,0.249957979082264
39628422535712671,0.0,0.47,0.53,0.0,0.4987007942838698
39628438608284269,0.0,1.0,0.0,0.0,-0.0
39628465170812000,0.0,0.91,0.09,0.0,0.21823490853205144
39628454584388013,0.0,0.26,0.74,0.0,0.4133731862463089
39628465154036829,0.0,0.16,0.84,0.0,0.3171547773202831
39628433260546238,0.0,0.64,0.36,0.0,0.4713415946277461
39628422535712566,0.0,0.53,0.47,0.0,0.4987007942838698
39628433273130964,0.0,0.42,0.58,0.0,0.49072694751682683
39628427921196811,0.0,0.53,0.47,0.0,0.4987007942838698
39628433273130977,0.0,0.22,0.78,0.0,0.38008375148098283
39628422535712905,0.0,0.05,0.95,0.0,0.14319847855797813
39628427917001253,0.0,0.9,0.1,0.0,0.2344977967946406
39628449286980065,0.0,0.21,0.79,0.0,0.37074136996563684
39628449266011146,0.0,0.69,0.31,0.0,0.4465867291889284
39628433264742290,0.0,0.02,0.97,0.01,0.11097036642660543
39628438633449507,0.0,0.95,0.05,0.0,0.14319847855797813
39628454580195402,0.0,0.25,0.75,0.0,0.4056390622295664
39628438633449456,0.0,0.3,0.7,0.0,0.44064544961534635
39628443943440042,0.0,0.08,0.92,0.0,0.2010895951011364
39628433264741394,0.0,0.25,0.75,0.0,0.4056390622295664
39628449261817837,0.0,0.1,0.9,0.0,0.2344977967946406
39628422556680371,0.0,0.09,0.91,0.0,0.21823490853205144
39628443939245700,0.0,0.36,0.64,0.0,0.4713415946277461
39628470430469515,0.0,0.0,0.93,0.07,0.18296182545011158
39628470430468602,0.0,0.95,0.05,0.0,0.14319847855797813
39628433273131177,0.0,0.49,0.51,0.0,0.49985572087640495
39628438620870098,0.0,0.03,0.97,0.0,0.0971959289157881
39628411756347446,0.0,0.03,0.97,0.0,0.0971959289157881
39628465175007697,0.0,0.33,0.67,0.0,0.4574631863898637
39628454580195182,0.0,0.29,0.71,0.0,0.43436062316970225
39628427904419365,0.0,0.05,0.95,0.0,0.14319847855797813
39628427917001807,0.0,0.02,0.96,0.02,0.14114609454120738
39628449257624448,0.0,0.74,0.26,0.0,0.4133731862463089
39628422539904928,0.0,0.71,0.29,0.0,0.43436062316970225
39628459869209649,0.0,0.49,0.51,0.0,0.49985572087640495
39628465175007604,0.0,0.62,0.38,0.0,0.47902101111314976
39628465162425427,0.0,0.25,0.75,0.0,0.4056390622295664
39628443935049247,0.0,0.08,0.92,0.0,0.2010895951011364
39628427925392213,0.0,0.05,0.94,0.01,0.1832231322266888
39628449261815884,0.0,0.56,0.44,0.0,0.4947937606110278
39628449261817323,0.0,0.05,0.95,0.0,0.14319847855797813
39628443943440941,0.0,0.19,0.81,0.0,0.3507357299419487
39628449257624254,0.0,0.42,0.58,0.0,0.49072694751682683
39628449261815109,0.0,0.05,0.95,0.0,0.14319847855797813
39628470438855269,0.0,0.77,0.23,0.0,0.38900565177326885
39628438620867898,0.0,0.12,0.88,0.0,0.2646804326436822
39628417150227102,0.0,0.03,0.97,0.0,0.0971959289157881
39628475690125016,0.0,0.59,0.41,0.0,0.488250234378912
39628438620869861,0.0,0.48,0.52,0.0,0.4994227679976009
39628427896031720,0.0,0.99,0.01,0.0,0.04039656794795559
39628465170811459,0.0,0.24,0.76,0.0,0.39752013969226113
39628427912806775,0.0,0.15,0.85,0.0,0.3049201523582002
39628454588579876,0.0,1.0,0.0,0.0,-0.0
39628449286981113,0.0,0.8,0.2,0.0,0.36096404744368116
39628417146030726,0.0,0.62,0.38,0.0,0.47902101111314976
39628417166999817,0.0,1.0,0.0,0.0,-0.0
39628449261815647,0.0,0.57,0.43,0.0,0.4929075185894599
39628417150223152,0.0,0.03,0.97,0.0,0.0971959289157881
39628417146032021,0.0,0.14,0.86,0.0,0.292119405821428
39628465170812193,0.0,0.01,0.99,0.0,0.04039656794795559
39628411752153863,0.0,0.18,0.82,0.0,0.34003852286413994
39628422548291777,0.01,0.95,0.04,0.0,0.16124668093016215
39628427908615118,0.0,0.61,0.39,0.0,0.4823997742525436
39628438612477038,0.0,0.96,0.04,0.0,0.12114609454120741
39628417150222784,0.0,0.27,0.73,0.0,0.42073231810408784
39628470438858519,0.0,0.27,0.73,0.0,0.42073231810408784
39628443968605062,0.0,0.8,0.2,0.0,0.36096404744368116
39628422548291821,0.0,0.81,0.19,0.0,0.3507357299419487
39628422544099512,0.0,0.32,0.68,0.0,0.45219072886224687
39628438595699241,0.0,0.28,0.72,0.0,0.4277254052800653
39628417146031984,0.0,0.18,0.82,0.0,0.34003852286413994
39628427908615545,0.0,1.0,0.0,0.0,-0.0
39628438595699274,0.0,0.89,0.11,0.0,0.249957979082264
39628465162424421,0.0,0.2,0.8,0.0,0.36096404744368116
39628454571804204,0.0,0.08,0.92,0.0,0.2010895951011364
39628438604090326,0.0,0.37,0.63,0.0,0.47533604634353294
39628411752153425,0.0,0.46,0.54,0.0,0.49768921941011285
39628411752155728,0.0,0.33,0.67,0.0,0.4574631863898637
39628411752153260,0.03,0.95,0.02,0.0,0.1674722434193448
39628411752153234,0.0,0.79,0.21,0.0,0.37074136996563684
39628411752153180,0.0,0.72,0.28,0.0,0.4277254052800653
39628417146029640,0.0,0.24,0.76,0.0,0.39752013969226113
39628454588583336,0.0,0.09,0.91,0.0,0.21823490853205144
39628427887641882,0.0,0.94,0.06,0.0,0.16372245957723813
39628411752153469,0.0,0.23,0.77,0.0,0.38900565177326885
39628427887641828,0.0,0.88,0.12,0.0,0.2646804326436822
39628417146031501,0.0,0.96,0.04,0.0,0.12114609454120741
39628422531518627,0.0,0.33,0.67,0.0,0.4574631863898637
39628417154417052,0.0,0.88,0.12,0.0,0.2646804326436822
39628411756348718,0.0,0.62,0.38,0.0,0.47902101111314976
39628465154033798,0.0,0.93,0.07,0.0,0.18296182545011158
39628417146031898,0.0,0.92,0.08,0.0,0.2010895951011364
39628411752154087,0.0,0.96,0.04,0.0,0.12114609454120741
39628454571804305,0.0,0.36,0.64,0.0,0.4713415946277461
39628454563414475,0.0,0.66,0.34,0.0,0.46240935248651505
39628417146031073,0.0,0.14,0.86,0.0,0.292119405821428
39628454588582783,0.0,0.6,0.4,0.0,0.4854752972273343
39628438595700282,0.0,0.58,0.42,0.0,0.49072694751682683
39628454559225768,0.0,0.08,0.92,0.0,0.2010895951011364
39628422527323596,0.0,1.0,0.0,0.0,-0.0
39628438599894328,0.0,0.09,0.91,0.0,0.21823490853205144
39628438612476927,0.0,0.73,0.27,0.0,0.42073231810408784
39628454588583433,0.0,0.03,0.96,0.01,0.13737165703039006
39628438599895775,0.0,0.35,0.65,0.0,0.4670340276877455
39628438599896469,0.0,1.0,0.0,0.0,-0.0
39628454559226314,0.0,0.96,0.04,0.0,0.12114609454120741
39628454559225924,0.0,0.07,0.93,0.0,0.18296182545011158
39628438595702944,0.0,0.0,0.53,0.47,0.4987007942838698
39628454588583254,0.0,0.0,0.79,0.21,0.37074136996563684
39628438629255443,0.0,0.11,0.89,0.0,0.249957979082264
39628465175008435,0.0,0.9,0.1,0.0,0.2344977967946406
39628459885989863,0.0,0.06,0.94,0.0,0.16372245957723813
39628417154416972,0.0,0.93,0.07,0.0,0.18296182545011158
39628417154417224,0.0,0.37,0.63,0.0,0.47533604634353294
39628433268937044,0.0,0.76,0.24,0.0,0.39752013969226113
39628443964410364,0.0,0.16,0.84,0.0,0.3171547773202831
39628433247965758,0.0,0.03,0.97,0.0,0.0971959289157881
39628433273127185,0.0,0.16,0.84,0.0,0.3171547773202831
39628459890185356,0.0,0.31,0.69,0.0,0.4465867291889284
39628422552486721,0.0,0.57,0.43,0.0,0.4929075185894599
39628422552486759,0.0,0.29,0.71,0.0,0.43436062316970225
39628433243770261,0.0,0.11,0.89,0.0,0.249957979082264
39628465179198283,0.0,0.1,0.9,0.0,0.2344977967946406
39628433273129171,0.0,0.05,0.95,0.0,0.14319847855797813
39628417154417305,0.0,0.57,0.43,0.0,0.4929075185894599
39628427921195500,0.0,0.8,0.2,0.0,0.36096404744368116
39628459860823507,0.0,0.35,0.65,0.0,0.4670340276877455
39628427917004727,0.0,0.83,0.17,0.0,0.32885238937210975
39628449261818286,0.0,0.7,0.3,0.0,0.44064544961534635
39628427900224058,0.0,0.87,0.13,0.0,0.2787190925139945
39628417150225565,0.0,0.4,0.6,0.0,0.4854752972273343
39628417150225687,0.0,0.15,0.85,0.0,0.3049201523582002
39628449266010636,0.0,0.0,1.0,0.0,-0.0
39628459869213805,0.0,0.0,0.7,0.3,0.44064544961534635
39628422535712744,0.0,0.0,0.99,0.01,0.04039656794795559
39628417150226966,0.0,0.85,0.15,0.0,0.3049201523582002
39628422548292290,0.0,0.25,0.75,0.0,0.4056390622295664
39628449266011949,0.0,0.65,0.35,0.0,0.4670340276877455
39628422535711225,0.0,0.09,0.91,0.0,0.21823490853205144
39628427887645308,0.0,0.1,0.9,0.0,0.2344977967946406
39628422548295569,0.0,0.6,0.4,0.0,0.4854752972273343
39628422548295650,0.0,0.77,0.23,0.0,0.38900565177326885
39628470438859749,0.0,0.06,0.94,0.0,0.16372245957723813
39628459885988150,0.0,0.22,0.78,0.0,0.38008375148098283
39628449261818323,0.0,0.3,0.7,0.0,0.44064544961534635
39628422531519344,0.0,0.75,0.25,0.0,0.4056390622295664
39628427908614039,0.0,0.15,0.85,0.0,0.3049201523582002
39628422523126812,0.0,0.88,0.12,0.0,0.2646804326436822
39628422523127166,0.0,0.39,0.61,0.0,0.4823997742525436
39628427908616157,0.0,0.04,0.96,0.0,0.12114609454120741
39628438620869122,0.0,0.87,0.13,0.0,0.2787190925139945
39628449253425966,0.0,0.87,0.13,0.0,0.2787190925139945
39628465149842432,0.0,0.99,0.01,0.0,0.04039656794795559
39628449253425445,0.0,0.22,0.78,0.0,0.38008375148098283
39628465154032141,0.0,0.08,0.92,0.0,0.2010895951011364
39628422523129267,0.0,0.8,0.2,0.0,0.36096404744368116
39628449253425371,0.0,0.01,0.96,0.03,0.13737165703039006
39628422531516817,0.0,0.4,0.6,0.0,0.4854752972273343
39628417150223150,0.0,0.92,0.08,0.0,0.2010895951011364
39628422531518398,0.0,0.82,0.18,0.0,0.34003852286413994
39628443935052014,0.0,0.0,0.99,0.01,0.04039656794795559
39628433281516229,0.0,0.42,0.58,0.0,0.49072694751682683
39628449257621413,0.0,0.07,0.93,0.0,0.18296182545011158
39628465162424856,0.0,0.04,0.96,0.0,0.12114609454120741
39628422531519723,0.0,0.28,0.72,0.0,0.4277254052800653
39628422518934440,0.02,0.96,0.02,0.0,0.14114609454120738
39628443926663756,0.0,0.43,0.57,0.0,0.4929075185894599
39628411752155499,0.0,0.58,0.42,0.0,0.49072694751682683
39628438625062229,0.0,0.02,0.94,0.04,0.1912713345988728
39628427917004498,0.0,0.1,0.9,0.0,0.2344977967946406
39628427908613856,0.0,0.05,0.95,0.0,0.14319847855797813
39628427917004030,0.0,0.7,0.3,0.0,0.44064544961534635
39628443930853972,0.0,0.35,0.65,0.0,0.4670340276877455
39628443930854428,0.0,0.74,0.26,0.0,0.4133731862463089
39628449253428678,0.0,0.39,0.61,0.0,0.4823997742525436
39628443935048526,0.0,0.27,0.73,0.0,0.42073231810408784
39628443935049078,0.0,0.17,0.83,0.0,0.32885238937210975
39628449253428584,0.0,0.0,0.97,0.03,0.0971959289157881
39628443935049651,0.0,0.34,0.66,0.0,0.46240935248651505
39628433243770113,0.0,0.97,0.03,0.0,0.0971959289157881
39628443935051481,0.0,0.38,0.62,0.0,0.47902101111314976
39628438625062068,0.0,0.04,0.96,0.0,0.12114609454120741
39628443964411133,0.0,0.11,0.89,0.0,0.249957979082264
39628454596971648,0.0,0.95,0.05,0.0,0.14319847855797813
39628454588585290,0.0,0.92,0.08,0.0,0.2010895951011364
39628443935049656,0.0,0.02,0.98,0.0,0.07072027127091034
39628443930853872,0.0,0.5,0.5,0.0,0.5
39628449261815463,0.0,0.07,0.93,0.0,0.18296182545011158
39628449261815550,0.0,0.0,0.93,0.07,0.18296182545011158
39628449261815603,0.0,0.96,0.04,0.0,0.12114609454120741
39628422552488647,0.0,0.01,0.99,0.0,0.04039656794795559
39628433268937145,0.0,0.0,1.0,0.0,-0.0
39628459885986996,0.0,0.94,0.06,0.0,0.16372245957723813
39628459885986827,0.0,0.87,0.13,0.0,0.2787190925139945
39628459885986757,0.0,0.0,0.98,0.02,0.07072027127091034
39628459885986560,0.0,0.13,0.87,0.0,0.2787190925139945
39628459885986443,0.0,0.73,0.27,0.0,0.42073231810408784
39628459885985846,0.0,0.71,0.29,0.0,0.43436062316970225
39628459877600738,0.0,0.04,0.96,0.0,0.12114609454120741
39628459869209377,0.0,0.61,0.39,0.0,0.4823997742525436
39628454588585261,0.0,0.01,0.99,0.0,0.04039656794795559
39628433260547482,0.0,0.03,0.97,0.0,0.0971959289157881
39628422552488573,0.0,0.99,0.01,0.0,0.04039656794795559
39628443964411044,0.0,0.99,0.01,0.0,0.04039656794795559
39628454563416507,0.0,0.05,0.95,0.0,0.14319847855797813
39628422518934284,0.0,0.08,0.91,0.01,0.24088153359695552
39628454563416547,0.0,0.43,0.57,0.0,0.4929075185894599
39628443943441535,0.0,0.01,0.99,0.0,0.04039656794795559
39628438633450490,0.0,0.88,0.12,0.0,0.2646804326436822
39628427925391862,0.0,0.08,0.92,0.0,0.2010895951011364
39628422531517725,0.0,0.44,0.56,0.0,0.4947937606110278
39628422523127313,0.0,0.26,0.74,0.0,0.4133731862463089
39628422531517849,0.0,0.35,0.65,0.0,0.4670340276877455
39628465162423979,0.0,0.42,0.58,0.0,0.49072694751682683
39628438604088508,0.0,0.88,0.12,0.0,0.2646804326436822
39628443943439576,0.0,0.0,0.89,0.11,0.249957979082264
39628465145645029,0.0,0.67,0.33,0.0,0.4574631863898637
39628449257621037,0.0,1.0,0.0,0.0,-0.0
39628449253426723,0.0,0.56,0.44,0.0,0.4947937606110278
39628454592777303,0.0,0.09,0.91,0.0,0.21823490853205144
39628465170812650,0.0,0.6,0.4,0.0,0.4854752972273343
39628454592777730,0.0,0.64,0.36,0.0,0.4713415946277461
39628438595699229,0.0,0.46,0.54,0.0,0.49768921941011285
39628417141834408,0.0,0.17,0.83,0.0,0.32885238937210975
39628427929584157,0.0,0.73,0.27,0.0,0.42073231810408784
39628465170813052,0.0,0.28,0.72,0.0,0.4277254052800653
39628449253426616,0.0,0.64,0.36,0.0,0.4713415946277461
39628459881792279,0.0,0.01,0.99,0.0,0.04039656794795559
39628438599896072,0.0,0.47,0.53,0.0,0.4987007942838698
39628449257622441,0.0,0.98,0.02,0.0,0.07072027127091034
39628470438856670,0.0,0.62,0.38,0.0,0.47902101111314976
39628438599896078,0.0,0.99,0.01,0.0,0.04039656794795559
39628438599896130,0.0,0.14,0.86,0.0,0.292119405821428
39628417150227027,0.0,0.82,0.18,0.0,0.34003852286413994
39628470430468849,0.0,0.05,0.94,0.01,0.1832231322266888
39628470438859939,0.0,0.95,0.05,0.0,0.14319847855797813
39628443930857069,0.0,0.99,0.01,0.0,0.04039656794795559
39628449270202873,0.0,0.04,0.96,0.0,0.12114609454120741
39628422518934898,0.0,0.2,0.8,0.0,0.36096404744368116
39628459860823433,0.0,0.05,0.95,0.0,0.14319847855797813
39628449270202737,0.0,0.88,0.12,0.0,0.2646804326436822
39628465158226693,0.0,0.34,0.66,0.0,0.46240935248651505
39628443956020367,0.0,0.77,0.23,0.0,0.38900565177326885
39628465154037020,0.0,0.02,0.98,0.0,0.07072027127091034
39628433252159637,0.0,0.24,0.76,0.0,0.39752013969226113
39628465170812880,0.0,0.17,0.83,0.0,0.32885238937210975
39628443943437998,0.02,0.96,0.02,0.0,0.14114609454120738
39628427896031922,0.0,0.65,0.35,0.0,0.4670340276877455
39628427908614695,0.0,0.34,0.66,0.0,0.46240935248651505
39628433277324431,0.0,0.84,0.16,0.0,0.3171547773202831
39628449257622678,0.0,0.24,0.76,0.0,0.39752013969226113
39628449253428555,0.0,0.69,0.31,0.0,0.4465867291889284
39628422548296015,0.0,0.01,0.99,0.0,0.04039656794795559
39628438612478347,0.0,0.29,0.71,0.0,0.43436062316970225
39628417154417433,0.0,0.53,0.47,0.0,0.4987007942838698
39628465170813222,0.01,0.78,0.21,0.0,0.4094279001393156
39628438599896419,0.0,0.16,0.84,0.0,0.3171547773202831
39628443935051082,0.0,0.93,0.07,0.0,0.18296182545011158
39628422518934917,0.0,0.46,0.54,0.0,0.49768921941011285
39628433277324054,0.0,0.01,0.97,0.02,0.11097036642660543
39628438629254061,0.0,0.34,0.66,0.0,0.46240935248651505
39628454580195085,0.0,0.06,0.94,0.0,0.16372245957723813
39628449270207473,0.0,0.23,0.77,0.0,0.38900565177326885
39628459898569812,0.0,0.21,0.79,0.0,0.37074136996563684
39628443935048409,0.0,0.02,0.98,0.0,0.07072027127091034
39628465154033509,0.0,0.02,0.98,0.0,0.07072027127091034
39628443935049279,0.0,0.37,0.63,0.0,0.47533604634353294
39628443935049463,0.0,0.04,0.96,0.0,0.12114609454120741
39628443935049569,0.0,0.21,0.79,0.0,0.37074136996563684
39628449270207384,0.0,0.79,0.21,0.0,0.37074136996563684
39628438629254015,0.0,0.03,0.97,0.0,0.0971959289157881
39628433260547851,0.0,0.02,0.97,0.01,0.11097036642660543
39628470430468810,0.0,0.82,0.18,0.0,0.34003852286413994
39628427925393571,0.0,0.58,0.42,0.0,0.49072694751682683
39628427908614883,0.0,0.07,0.93,0.0,0.18296182545011158
39628443956022037,0.0,0.06,0.94,0.0,0.16372245957723813
39628470426276518,0.0,1.0,0.0,0.0,-0.0
39628459873405016,0.0,0.51,0.49,0.0,0.49985572087640495
39628427887645652,0.0,0.29,0.71,0.0,0.43436062316970225
39628454563418785,0.0,0.66,0.34,0.0,0.46240935248651505
39628438608283731,0.0,0.14,0.86,0.0,0.292119405821428
39628427904421404,0.0,0.57,0.43,0.0,0.4929075185894599
39628433256349814,0.0,0.55,0.45,0.0,0.49638722699390414
39628417146028604,0.0,0.24,0.76,0.0,0.39752013969226113
39628449249234810,0.0,0.11,0.88,0.01,0.28950944366190023
39628433256350032,0.0,0.48,0.52,0.0,0.4994227679976009
39628454575998152,0.0,0.01,0.95,0.04,0.16124668093016215
39628459873405206,0.0,0.23,0.77,0.0,0.38900565177326885
39628433289907574,0.0,0.71,0.29,0.0,0.43436062316970225
39628417137643146,0.0,0.19,0.81,0.0,0.3507357299419487
39628454592776821,0.0,0.01,0.97,0.02,0.11097036642660543
39628417146029997,0.0,0.0,0.99,0.01,0.04039656794795559
39628417146028624,0.0,0.43,0.57,0.0,0.4929075185894599
39628422544099662,0.0,0.15,0.85,0.0,0.3049201523582002
39628427887643298,0.0,0.57,0.43,0.0,0.4929075185894599
39628465162422622,0.0,0.74,0.26,0.0,0.4133731862463089
39628427887642666,0.0,0.97,0.03,0.0,0.0971959289157881
39628427887642094,0.0,0.15,0.84,0.01,0.3441379826496441
39628465162422659,0.0,0.83,0.17,0.0,0.32885238937210975
39628454584389670,0.0,0.98,0.02,0.0,0.07072027127091034
39628454584386420,0.0,0.13,0.87,0.0,0.2787190925139945
39628465166615507,0.0,0.7,0.3,0.0,0.44064544961534635
39628454588579938,0.0,0.69,0.31,0.0,0.4465867291889284
39628438625062576,0.0,0.93,0.07,0.0,0.18296182545011158
39628449257620991,0.0,0.75,0.25,0.0,0.4056390622295664
39628454588579987,0.0,0.21,0.79,0.0,0.37074136996563684
39628443956021522,0.0,0.9,0.1,0.0,0.2344977967946406
39628422531515401,0.0,0.38,0.62,0.0,0.47902101111314976
39628417154419000,0.0,0.53,0.47,0.0,0.4987007942838698
39628417154418960,0.0,0.92,0.08,0.0,0.2010895951011364
39628438633451562,0.0,0.31,0.69,0.0,0.4465867291889284
39628454575999645,0.0,0.19,0.81,0.0,0.3507357299419487
39628443956021442,0.0,0.86,0.14,0.0,0.292119405821428
39628459890184706,0.0,0.02,0.98,0.0,0.07072027127091034
39628454588581820,0.01,0.82,0.17,0.0,0.3678974314876692
39628454571804536,0.01,0.57,0.42,0.0,0.5271677820668714
39628454563418452,0.0,0.86,0.14,0.0,0.292119405821428
39628454584389452,0.0,0.67,0.33,0.0,0.4574631863898637
39628417146028654,0.0,0.17,0.83,0.0,0.32885238937210975
39628454588581355,0.0,0.01,0.99,0.0,0.04039656794795559
39628465179199197,0.0,0.52,0.48,0.0,0.4994227679976009
39628449278595048,0.0,0.29,0.71,0.0,0.43436062316970225
39628449278595036,0.0,0.18,0.82,0.0,0.34003852286413994
39628454584389595,0.0,0.6,0.4,0.0,0.4854752972273343
39628459885988335,0.0,0.97,0.03,0.0,0.0971959289157881
39628454584389484,0.0,0.59,0.41,0.0,0.488250234378912
39628449249234789,0.0,0.01,0.99,0.0,0.04039656794795559
39628422527322192,0.0,0.99,0.01,0.0,0.04039656794795559
39628449249234852,0.0,0.16,0.84,0.0,0.3171547773202831
39628443947635946,0.01,0.96,0.03,0.0,0.13737165703039006
39628454567608681,0.0,0.59,0.41,0.0,0.488250234378912
39628443964412033,0.0,0.02,0.98,0.0,0.07072027127091034
39628443968604295,0.0,0.89,0.11,0.0,0.249957979082264
39628443968603057,0.0,0.54,0.46,0.0,0.49768921941011285
39628465170811449,0.0,0.46,0.54,0.0,0.49768921941011285
39628465170810859,0.0,0.16,0.84,0.0,0.3171547773202831
39628449249234844,0.0,0.62,0.38,0.0,0.47902101111314976
39628433264741095,0.0,0.85,0.15,0.0,0.3049201523582002
39628438599893112,0.0,0.38,0.62,0.0,0.47902101111314976
39628433247962015,0.0,0.07,0.93,0.0,0.18296182545011158
39628433243771605,0.0,0.57,0.43,0.0,0.4929075185894599
39628465170814680,0.0,0.03,0.97,0.0,0.0971959289157881
39628470451438299,0.0,0.39,0.61,0.0,0.4823997742525436
39628417137643749,0.0,0.32,0.68,0.0,0.45219072886224687
39628417137643189,0.0,0.14,0.86,0.0,0.292119405821428
39628411756350293,0.01,0.99,0.0,0.0,0.04039656794795559
39628465175006640,0.0,0.51,0.49,0.0,0.49985572087640495
39628465175006655,0.0,0.06,0.94,0.0,0.16372245957723813
39628433247963872,0.0,0.27,0.73,0.0,0.42073231810408784
39628454567609747,0.0,1.0,0.0,0.0,-0.0
39628427921195895,0.0,0.84,0.16,0.0,0.3171547773202831
39628470438858853,0.0,0.43,0.57,0.0,0.4929075185894599
39628465179198080,0.0,0.73,0.27,0.0,0.42073231810408784
39628438604090114,0.0,0.28,0.72,0.0,0.4277254052800653
39628427917004619,0.0,0.39,0.61,0.0,0.4823997742525436
39628465179199449,0.0,0.01,0.92,0.07,0.22283217282912027
39628427917002205,0.0,0.08,0.92,0.0,0.2010895951011364
39628470422078428,0.0,0.44,0.56,0.0,0.4947937606110278
39628470422080590,0.0,0.53,0.47,0.0,0.4987007942838698
39628438604090582,0.0,0.0,0.94,0.06,0.16372245957723813
39628454567611070,0.0,0.44,0.56,0.0,0.4947937606110278
39628427921196361,0.0,0.45,0.55,0.0,0.49638722699390414
39628433252156119,0.0,0.73,0.27,0.0,0.42073231810408784
39628433252159130,0.0,0.99,0.01,0.0,0.04039656794795559
39628433252159181,0.0,0.88,0.12,0.0,0.2646804326436822
39628449253426136,0.0,0.92,0.08,0.0,0.2010895951011364
39628449253429142,0.0,0.21,0.79,0.0,0.37074136996563684
39628433285712757,0.0,0.02,0.98,0.0,0.07072027127091034
39628433285711284,0.0,0.06,0.94,0.0,0.16372245957723813
39628433281517534,0.0,0.69,0.31,0.0,0.4465867291889284
39628433268936505,0.0,0.3,0.7,0.0,0.44064544961534635
39628433268936426,0.0,0.83,0.17,0.0,0.32885238937210975
39628438599893947,0.0,0.23,0.77,0.0,0.38900565177326885
39628433268935885,0.0,0.02,0.98,0.0,0.07072027127091034
39628438599895474,0.0,0.25,0.75,0.0,0.4056390622295664
39628433264742016,0.0,0.4,0.6,0.0,0.4854752972273343
39628433264741815,0.0,0.17,0.83,0.0,0.32885238937210975
39628438599896087,0.0,0.21,0.79,0.0,0.37074136996563684
39628433264741535,0.0,0.1,0.9,0.0,0.2344977967946406
39628449266008152,0.0,0.56,0.44,0.0,0.4947937606110278
39628433260547163,0.0,0.28,0.72,0.0,0.4277254052800653
39628465166616006,0.0,0.06,0.94,0.0,0.16372245957723813
39628417154419760,0.0,0.67,0.33,0.0,0.4574631863898637
39628427904421058,0.0,0.82,0.18,0.0,0.34003852286413994
39628427900227025,0.0,0.65,0.35,0.0,0.4670340276877455
39628465166615957,0.0,0.22,0.78,0.0,0.38008375148098283
39628427900225418,0.0,0.2,0.8,0.0,0.36096404744368116
39628459877601296,0.0,0.58,0.42,0.0,0.49072694751682683
39628427896030459,0.0,0.41,0.59,0.0,0.488250234378912
39628427891836997,0.0,0.01,0.99,0.0,0.04039656794795559
39628459869213149,0.0,0.18,0.82,0.0,0.34003852286413994
39628459869212405,0.0,0.24,0.76,0.0,0.39752013969226113
39628459869212395,0.0,0.0,0.82,0.18,0.34003852286413994
39628459869212237,0.0,0.92,0.08,0.0,0.2010895951011364
39628459869211537,0.0,0.11,0.89,0.0,0.249957979082264
39628459865017461,0.0,0.34,0.66,0.0,0.46240935248651505
39628427908613054,0.0,0.23,0.77,0.0,0.38900565177326885
39628459894376210,0.0,0.4,0.6,0.0,0.4854752972273343
39628427908612670,0.0,0.01,0.99,0.0,0.04039656794795559
39628459894375470,0.0,0.21,0.79,0.0,0.37074136996563684
39628459894374967,0.0,1.0,0.0,0.0,-0.0
39628454575997830,0.0,0.65,0.35,0.0,0.4670340276877455
39628459881796234,0.0,0.11,0.89,0.0,0.249957979082264
39628427908612316,0.0,0.02,0.98,0.0,0.07072027127091034
39628459890181509,0.0,0.01,0.94,0.05,0.1832231322266888
39628459890181368,0.0,0.07,0.93,0.0,0.18296182545011158
39628459890181264,0.0,0.46,0.54,0.0,0.49768921941011285
39628459885989320,0.0,0.01,0.95,0.04,0.16124668093016215
39628459885989285,0.0,0.04,0.96,0.0,0.12114609454120741
39628454588584676,0.0,0.5,0.5,0.0,0.5
39628459890181583,0.0,0.84,0.16,0.0,0.3171547773202831
39628459894378848,0.0,0.05,0.95,0.0,0.14319847855797813
39628449282787775,0.0,0.84,0.16,0.0,0.3171547773202831
39628438629257380,0.0,0.76,0.24,0.0,0.39752013969226113
39628449286981216,0.0,0.69,0.31,0.0,0.4465867291889284
39628422531519237,0.0,0.13,0.87,0.0,0.2787190925139945
39628449282787647,0.0,0.01,0.99,0.0,0.04039656794795559
39628438625062820,0.0,0.14,0.86,0.0,0.292119405821428
39628449286983128,0.0,0.98,0.02,0.0,0.07072027127091034
39628449286983203,0.0,0.94,0.06,0.0,0.16372245957723813
39628438625060578,0.0,0.45,0.55,0.0,0.49638722699390414
39628438625060380,0.0,0.02,0.98,0.0,0.07072027127091034
39628438595699789,0.0,0.64,0.36,0.0,0.4713415946277461
39628438625060196,0.0,0.69,0.31,0.0,0.4465867291889284
39628459869210482,0.0,0.38,0.62,0.0,0.47902101111314976
39628454563417007,0.0,0.83,0.17,0.0,0.32885238937210975
39628422552489699,0.0,0.28,0.72,0.0,0.4277254052800653
39628422552489597,0.0,0.34,0.66,0.0,0.46240935248651505
39628422552486040,0.0,0.31,0.69,0.0,0.4465867291889284
39628459865015861,0.0,0.14,0.86,0.0,0.292119405821428
39628422544100754,0.0,0.03,0.97,0.0,0.0971959289157881
39628454563418202,0.0,0.06,0.94,0.0,0.16372245957723813
39628422539904467,0.0,0.2,0.8,0.0,0.36096404744368116
39628422548295053,0.0,0.65,0.35,0.0,0.4670340276877455
39628454588583789,0.0,0.08,0.92,0.0,0.2010895951011364
39628443943437654,0.0,0.33,0.67,0.0,0.4574631863898637
39628438595701140,0.0,0.23,0.77,0.0,0.38900565177326885
39628427908614586,0.0,0.25,0.75,0.0,0.4056390622295664
39628427908614594,0.0,0.28,0.72,0.0,0.4277254052800653
39628417162811371,0.01,0.99,0.0,0.0,0.04039656794795559
39628417162811118,0.0,0.06,0.94,0.0,0.16372245957723813
39628443943437637,0.0,0.49,0.51,0.0,0.49985572087640495
39628417150225605,0.0,0.27,0.73,0.0,0.42073231810408784
39628417150225749,0.0,0.8,0.2,0.0,0.36096404744368116
39628417150226371,0.0,0.57,0.43,0.0,0.4929075185894599
39628417154418986,0.0,1.0,0.0,0.0,-0.0
39628454576000439,0.0,0.0,0.98,0.02,0.07072027127091034
39628427908616631,0.0,0.85,0.15,0.0,0.3049201523582002
39628465149841163,0.0,0.09,0.91,0.0,0.21823490853205144
39628417154419271,0.0,0.04,0.96,0.0,0.12114609454120741
39628454596970198,0.0,0.82,0.18,0.0,0.34003852286413994
39628417154420882,0.0,0.35,0.65,0.0,0.4670340276877455
39628417158613706,0.0,0.69,0.31,0.0,0.4465867291889284
39628454576001655,0.0,0.0,0.97,0.03,0.0971959289157881
39628459898569295,0.0,0.85,0.15,0.0,0.3049201523582002
39628417158613883,0.0,0.02,0.98,0.0,0.07072027127091034
39628443930855216,0.0,0.59,0.41,0.0,0.488250234378912
39628465166615791,0.0,0.88,0.12,0.0,0.2646804326436822
39628443930853800,0.0,0.0,1.0,0.0,-0.0
39628427912810041,0.0,0.75,0.25,0.0,0.4056390622295664
39628443930853914,0.0,0.83,0.17,0.0,0.32885238937210975
39628443930855382,0.0,0.65,0.35,0.0,0.4670340276877455
39628454567608605,0.0,0.61,0.39,0.0,0.4823997742525436
39628454576001236,0.0,0.0,0.99,0.01,0.04039656794795559
39628465166614885,0.0,0.57,0.43,0.0,0.4929075185894599
39628454576001753,0.0,0.03,0.97,0.0,0.0971959289157881
39628465166614923,0.0,0.01,0.95,0.04,0.16124668093016215
39628433247962695,0.0,0.11,0.89,0.0,0.249957979082264
39628459865016738,0.0,0.04,0.96,0.0,0.12114609454120741
39628443947632583,0.0,1.0,0.0,0.0,-0.0
39628459869212725,0.0,0.03,0.97,0.0,0.0971959289157881
39628438620868629,0.0,0.9,0.1,0.0,0.2344977967946406
39628417154419528,0.0,0.93,0.07,0.0,0.18296182545011158
39628433247962851,0.0,0.01,0.92,0.07,0.22283217282912027
39628417154419634,0.0,0.54,0.46,0.0,0.49768921941011285
39628433247962680,0.0,0.13,0.87,0.0,0.2787190925139945
39628449295368882,0.0,0.69,0.31,0.0,0.4465867291889284
39628438608283753,0.0,0.79,0.21,0.0,0.37074136996563684
39628422523125843,0.0,0.98,0.02,0.0,0.07072027127091034
39628443956021439,0.0,0.54,0.46,0.0,0.49768921941011285
39628438604087916,0.0,0.72,0.28,0.0,0.4277254052800653
39628422552485942,0.0,0.7,0.3,0.0,0.44064544961534635
39628465179199531,0.0,0.87,0.13,0.0,0.2787190925139945
39628411756350093,0.0,0.3,0.7,0.0,0.44064544961534635
39628422544100594,0.0,0.57,0.43,0.0,0.4929075185894599
39628438604088205,0.0,0.06,0.94,0.0,0.16372245957723813
39628449270205090,0.0,0.59,0.41,0.0,0.488250234378912
39628427917000791,0.0,0.65,0.35,0.0,0.4670340276877455
39628422531516166,0.0,0.02,0.98,0.0,0.07072027127091034
39628411756350344,0.0,0.12,0.88,0.0,0.2646804326436822
39628449286981283,0.0,0.64,0.36,0.0,0.4713415946277461
39628449286981269,0.0,0.69,0.31,0.0,0.4465867291889284
39628465166618653,0.0,0.96,0.04,0.0,0.12114609454120741
39628417154419050,0.0,0.01,0.99,0.0,0.04039656794795559
39628459894378703,0.0,0.97,0.03,0.0,0.0971959289157881
39628433277321842,0.0,0.51,0.49,0.0,0.49985572087640495
39628433264739674,0.0,0.84,0.16,0.0,0.3171547773202831
39628433273131510,0.0,0.16,0.84,0.0,0.3171547773202831
39628433260544307,0.0,1.0,0.0,0.0,-0.0
39628422531516218,0.0,0.95,0.05,0.0,0.14319847855797813
39628438591509568,0.0,0.95,0.05,0.0,0.14319847855797813
39628438595701391,0.0,0.75,0.25,0.0,0.4056390622295664
39628438595700597,0.0,0.81,0.19,0.0,0.3507357299419487
39628427891838961,0.0,0.38,0.62,0.0,0.47902101111314976
39628427908612136,0.0,0.04,0.96,0.0,0.12114609454120741
39628427891838769,0.0,0.56,0.44,0.0,0.4947937606110278
39628433268933216,0.0,0.52,0.48,0.0,0.4994227679976009
39628438608283858,0.0,0.85,0.15,0.0,0.3049201523582002
39628449261816691,0.0,0.63,0.37,0.0,0.47533604634353294
39628433264742117,0.0,0.6,0.4,0.0,0.4854752972273343
39628411760542733,0.0,0.3,0.7,0.0,0.44064544961534635
39628470430470843,0.0,0.69,0.31,0.0,0.4465867291889284
39628470430469859,0.0,0.73,0.27,0.0,0.42073231810408784
39628454601165947,0.0,0.66,0.34,0.0,0.46240935248651505
39628470434661175,0.0,0.94,0.06,0.0,0.16372245957723813
39628470434661183,0.0,0.83,0.17,0.0,0.32885238937210975
39628475690127815,0.0,0.93,0.07,0.0,0.18296182545011158
39628465179199344,0.0,0.38,0.62,0.0,0.47902101111314976
39628470434664463,0.0,0.88,0.12,0.0,0.2646804326436822
39628459898569072,0.0,0.81,0.19,0.0,0.3507357299419487
39628470434663281,0.0,0.01,0.99,0.0,0.04039656794795559
39628470434663324,0.0,0.89,0.11,0.0,0.249957979082264
39628459885992020,0.0,0.4,0.6,0.0,0.4854752972273343
39628459885991844,0.0,0.18,0.82,0.0,0.34003852286413994
39628470434663553,0.0,0.65,0.35,0.0,0.4670340276877455
39628438591509791,0.0,0.03,0.97,0.0,0.0971959289157881
39628433268935603,0.0,0.15,0.85,0.0,0.3049201523582002
39628459885992032,0.0,0.21,0.78,0.01,0.4094279001393156
39628465179200095,0.0,0.07,0.93,0.0,0.18296182545011158
39628470434664706,0.0,0.03,0.97,0.0,0.0971959289157881
39628470430469970,0.0,0.64,0.36,0.0,0.4713415946277461
39628459898569477,0.0,0.1,0.9,0.0,0.2344977967946406
39628470430469840,0.0,0.88,0.12,0.0,0.2646804326436822
39628449291176024,0.0,0.67,0.33,0.0,0.4574631863898637
39628459894374564,0.0,0.14,0.86,0.0,0.292119405821428
39628470434665420,0.0,0.03,0.75,0.22,0.471809170390487
39628454596968817,0.0,0.97,0.03,0.0,0.0971959289157881
39628470438855523,0.0,0.84,0.16,0.0,0.3171547773202831
39628433273129922,0.0,0.2,0.8,0.0,0.36096404744368116
39628443930853683,0.0,0.07,0.93,0.0,0.18296182545011158
39628427917001981,0.0,0.19,0.81,0.0,0.3507357299419487
39628422535709770,0.0,0.81,0.19,0.0,0.3507357299419487
39628459898569731,0.0,0.36,0.64,0.0,0.4713415946277461
39628427900227629,0.0,0.28,0.72,0.0,0.4277254052800653
39628465158230138,0.0,0.64,0.36,0.0,0.4713415946277461
39628427900227353,0.0,0.05,0.95,0.0,0.14319847855797813
39628449270202996,0.0,0.99,0.01,0.0,0.04039656794795559
39628465158230002,0.0,0.09,0.91,0.0,0.21823490853205144
39628465158228970,0.0,0.98,0.02,0.0,0.07072027127091034
39628427900227116,0.0,0.9,0.1,0.0,0.2344977967946406
39628475690128163,0.0,0.87,0.13,0.0,0.2787190925139945
39628427891840057,0.0,0.03,0.97,0.0,0.0971959289157881
39628475694318746,0.0,0.95,0.05,0.0,0.14319847855797813
39628454576000429,0.0,0.0,0.89,0.11,0.249957979082264
39628427908616458,0.0,0.23,0.77,0.0,0.38900565177326885
39628454567611941,0.0,0.42,0.58,0.0,0.49072694751682683
39628459898569765,0.0,0.82,0.18,0.0,0.34003852286413994
39628422539904732,0.0,0.14,0.86,0.0,0.292119405821428
39628470438856583,0.0,0.78,0.22,0.0,0.38008375148098283
39628427891835836,0.0,0.45,0.55,0.0,0.49638722699390414
39628427891835798,0.0,0.71,0.29,0.0,0.43436062316970225
39628443943440914,0.0,0.93,0.07,0.0,0.18296182545011158
39628427917001855,0.0,0.33,0.67,0.0,0.4574631863898637
39628427917001374,0.0,0.86,0.14,0.0,0.292119405821428
39628470434662557,0.0,0.12,0.88,0.0,0.2646804326436822
39628443943440840,0.0,0.14,0.86,0.0,0.292119405821428
39628443943440780,0.0,0.02,0.97,0.01,0.11097036642660543
39628427917001042,0.0,0.91,0.09,0.0,0.21823490853205144
39628427912811714,0.0,0.0,1.0,0.0,-0.0
39628433285712401,0.0,0.44,0.56,0.0,0.4947937606110278
39628422539905175,0.0,0.93,0.07,0.0,0.18296182545011158
39628433285712584,0.0,0.39,0.61,0.0,0.4823997742525436
39628449295368998,0.01,0.99,0.0,0.0,0.04039656794795559
39628427917001584,0.0,0.07,0.93,0.0,0.18296182545011158
39628433264742214,0.0,0.08,0.92,0.0,0.2010895951011364
39628443960214798,0.0,0.5,0.5,0.0,0.5
39628459873405691,0.0,0.04,0.96,0.0,0.12114609454120741
39628459873406397,0.0,0.03,0.97,0.0,0.0971959289157881
39628422552490338,0.0,0.1,0.9,0.0,0.2344977967946406
39628422552490082,0.0,0.23,0.77,0.0,0.38900565177326885
39628438595699292,0.0,0.97,0.03,0.0,0.0971959289157881
39628433252160159,0.0,0.87,0.13,0.0,0.2787190925139945
39628417162805734,0.0,0.66,0.34,0.0,0.46240935248651505
39628417146031926,0.0,0.04,0.96,0.0,0.12114609454120741
39628422531515170,0.0,0.19,0.81,0.0,0.3507357299419487
39628422531515015,0.0,0.01,0.92,0.07,0.22283217282912027
39628449286980955,0.0,0.41,0.59,0.0,0.488250234378912
39628459890185095,0.0,0.15,0.85,0.0,0.3049201523582002
39628459865017769,0.0,0.69,0.31,0.0,0.4465867291889284
39628443960214501,0.0,0.13,0.87,0.0,0.2787190925139945
39628454596971016,0.0,0.66,0.34,0.0,0.46240935248651505
39628465166615764,0.0,0.0,0.96,0.04,0.12114609454120741
39628438629254092,0.0,0.0,0.94,0.06,0.16372245957723813
39628422544098990,0.0,0.52,0.48,0.0,0.4994227679976009
39628459869211185,0.0,0.01,0.98,0.01,0.08072027127091033
39628438620865360,0.0,0.84,0.16,0.0,0.3171547773202831
39628465179198454,0.0,0.36,0.64,0.0,0.4713415946277461
39628422531515461,0.0,0.09,0.91,0.0,0.21823490853205144
39628438612476268,0.0,0.16,0.84,0.0,0.3171547773202831
39628438620865334,0.0,0.75,0.25,0.0,0.4056390622295664
39628427891838229,0.0,0.0,0.98,0.02,0.07072027127091034
39628459890185228,0.0,0.01,0.99,0.0,0.04039656794795559
39628422544101078,0.0,0.18,0.82,0.0,0.34003852286413994
39628465162421032,0.0,0.3,0.7,0.0,0.44064544961534635
39628459890181347,0.0,0.0,0.87,0.13,0.2787190925139945
39628411752156074,0.0,0.69,0.31,0.0,0.4465867291889284
39628459890180896,0.0,0.0,0.88,0.12,0.2646804326436822
39628438595700154,0.0,0.59,0.41,0.0,0.488250234378912
39628459865016815,0.0,0.81,0.19,0.0,0.3507357299419487
39628459865016759,0.0,0.76,0.24,0.0,0.39752013969226113
39628427891838501,0.0,0.01,0.97,0.02,0.11097036642660543
39628422527320598,0.0,0.95,0.05,0.0,0.14319847855797813
39628427900227351,0.0,0.81,0.19,0.0,0.3507357299419487
39628417146031903,0.0,0.04,0.96,0.0,0.12114609454120741
39628449266012793,0.0,0.7,0.3,0.0,0.44064544961534635
39628459894379458,0.0,0.99,0.01,0.0,0.04039656794795559
39628422548295378,0.01,0.38,0.61,0.0,0.5159469793764008
39628443943437344,0.0,0.76,0.24,0.0,0.39752013969226113
39628459894379246,0.0,0.97,0.03,0.0,0.0971959289157881
39628459877601474,0.0,0.05,0.95,0.0,0.14319847855797813
39628417141834621,0.0,0.94,0.06,0.0,0.16372245957723813
39628465175006444,0.0,0.52,0.48,0.0,0.4994227679976009
39628449266008822,0.0,0.68,0.32,0.0,0.45219072886224687
39628427917004342,0.0,0.87,0.13,0.0,0.2787190925139945
39628427917004447,0.0,0.29,0.71,0.0,0.43436062316970225
39628449266013008,0.0,0.81,0.19,0.0,0.3507357299419487
39628433260544742,0.0,0.55,0.45,0.0,0.49638722699390414
39628427917004665,0.02,0.98,0.0,0.0,0.07072027127091034
39628449266012996,0.0,0.77,0.23,0.0,0.38900565177326885
39628459894378480,0.0,0.34,0.66,0.0,0.46240935248651505
39628459894378953,0.0,0.66,0.34,0.0,0.46240935248651505
39628449266013052,0.0,0.08,0.91,0.01,0.24088153359695552
39628433268936030,0.0,0.02,0.98,0.0,0.07072027127091034
39628433268936047,0.0,0.96,0.04,0.0,0.12114609454120741
39628427891837228,0.0,0.02,0.98,0.0,0.07072027127091034
39628427917004473,0.0,0.27,0.73,0.0,0.42073231810408784
39628427891839218,0.0,0.06,0.94,0.0,0.16372245957723813
39628443939244925,0.0,0.59,0.41,0.0,0.488250234378912
39628427891838951,0.0,0.62,0.38,0.0,0.47902101111314976
39628433268933464,0.0,0.05,0.95,0.0,0.14319847855797813
39628427896031180,0.0,0.6,0.4,0.0,0.4854752972273343
39628427917004340,0.0,0.12,0.88,0.0,0.2646804326436822
39628427904421217,0.0,0.0,0.98,0.02,0.07072027127091034
39628433268937247,0.0,0.27,0.73,0.0,0.42073231810408784
39628443943441350,0.0,0.44,0.56,0.0,0.4947937606110278
39628459890184817,0.0,0.67,0.33,0.0,0.4574631863898637
39628459890184895,0.0,0.24,0.76,0.0,0.39752013969226113
39628459890184950,0.0,0.73,0.27,0.0,0.42073231810408784
39628443926662353,0.0,0.53,0.47,0.0,0.4987007942838698
39628427891835535,0.0,0.03,0.97,0.0,0.0971959289157881
39628459898569261,0.0,0.27,0.73,0.0,0.42073231810408784
39628449291174357,0.0,0.0,1.0,0.0,-0.0
39628465154037002,0.0,0.11,0.89,0.0,0.249957979082264
39628459877601569,0.0,0.41,0.59,0.0,0.488250234378912
39628443935049331,0.0,0.86,0.14,0.0,0.292119405821428
39628443935049315,0.0,0.06,0.94,0.0,0.16372245957723813
39628443939244842,0.0,0.03,0.97,0.0,0.0971959289157881
39628443935048812,0.0,0.89,0.11,0.0,0.249957979082264
39628459873407185,0.0,0.21,0.79,0.0,0.37074136996563684
39628449270205257,0.0,0.81,0.19,0.0,0.3507357299419487
39628449270205387,0.0,0.76,0.24,0.0,0.39752013969226113
39628417141834045,0.0,0.38,0.62,0.0,0.47902101111314976
39628438637643920,0.0,0.0,0.99,0.01,0.04039656794795559
39628454584386117,0.0,0.55,0.45,0.0,0.49638722699390414
39628454584386101,0.0,0.02,0.98,0.0,0.07072027127091034
39628433289905676,0.0,0.69,0.31,0.0,0.4465867291889284
39628411756347633,0.0,0.79,0.21,0.0,0.37074136996563684
39628433285709943,0.0,0.96,0.04,0.0,0.12114609454120741
39628454584387876,0.0,0.78,0.22,0.0,0.38008375148098283
39628443956023283,0.0,0.27,0.73,0.0,0.42073231810408784
39628459885988899,0.0,1.0,0.0,0.0,-0.0
39628454584386279,0.0,0.03,0.97,0.0,0.0971959289157881
39628427929584908,0.0,0.21,0.79,0.0,0.37074136996563684
39628459885988595,0.0,0.23,0.77,0.0,0.38900565177326885
39628465149838908,0.0,1.0,0.0,0.0,-0.0
39628449266011389,0.0,0.01,0.99,0.0,0.04039656794795559
39628454588580122,0.0,0.02,0.97,0.01,0.11097036642660543
39628459873407763,0.0,0.6,0.4,0.0,0.4854752972273343
39628438629255237,0.0,0.79,0.21,0.0,0.37074136996563684
39628411760541775,0.0,0.86,0.14,0.0,0.292119405821428
39628449266012999,0.0,0.7,0.3,0.0,0.44064544961534635
39628422527322689,0.0,0.47,0.53,0.0,0.4987007942838698
39628459873407884,0.01,0.99,0.0,0.0,0.04039656794795559
39628454592775894,0.0,0.04,0.96,0.0,0.12114609454120741
39628438595700418,0.0,0.87,0.13,0.0,0.2787190925139945
39628411752153158,0.0,0.93,0.07,0.0,0.18296182545011158
39628454588580313,0.0,0.03,0.97,0.0,0.0971959289157881
39628411752153346,0.0,0.0,0.98,0.02,0.07072027127091034
39628459885988396,0.0,0.11,0.89,0.0,0.249957979082264
39628427900225146,0.0,0.92,0.08,0.0,0.2010895951011364
39628438625062106,0.0,0.31,0.69,0.0,0.4465867291889284
39628417133448774,0.0,0.94,0.06,0.0,0.16372245957723813
39628438625062604,0.0,0.24,0.76,0.0,0.39752013969226113
39628438625062785,0.0,0.74,0.26,0.0,0.4133731862463089
39628459873407729,0.0,0.08,0.92,0.0,0.2010895951011364
39628427900225340,0.0,0.75,0.25,0.0,0.4056390622295664
39628433252155890,0.0,0.73,0.27,0.0,0.42073231810408784
39628411756349264,0.0,0.34,0.66,0.0,0.46240935248651505
39628454588582974,0.0,0.96,0.04,0.0,0.12114609454120741
39628433252156607,0.0,0.76,0.24,0.0,0.39752013969226113
39628459873407257,0.0,0.06,0.92,0.02,0.2335407200795017
39628411747963133,0.0,0.38,0.62,0.0,0.47902101111314976
39628422527322218,0.0,0.0,0.96,0.04,0.12114609454120741
39628459873407643,0.0,0.05,0.95,0.0,0.14319847855797813
39628422527322230,0.0,0.53,0.47,0.0,0.4987007942838698
39628433252156875,0.0,0.84,0.16,0.0,0.3171547773202831
39628427900225641,0.0,0.58,0.42,0.0,0.49072694751682683
39628449261817603,0.0,0.96,0.04,0.0,0.12114609454120741
39628459877600867,0.0,0.57,0.43,0.0,0.4929075185894599
39628433281519049,0.0,0.18,0.82,0.0,0.34003852286413994
39628433289906707,0.0,0.14,0.86,0.0,0.292119405821428
39628422539906256,0.0,0.94,0.06,0.0,0.16372245957723813
39628422539906299,0.0,0.63,0.37,0.0,0.47533604634353294
39628422527325238,0.0,0.08,0.92,0.0,0.2010895951011364
39628422527325358,0.0,0.02,0.98,0.0,0.07072027127091034
39628417167001819,0.0,0.0,1.0,0.0,-0.0
39628465149839241,0.01,0.97,0.02,0.0,0.11097036642660543
39628417141837906,0.0,0.11,0.89,0.0,0.249957979082264
39628449291177148,0.0,0.92,0.08,0.0,0.2010895951011364
39628443960216294,0.0,0.22,0.78,0.0,0.38008375148098283
39628438612479533,0.0,0.99,0.01,0.0,0.04039656794795559
39628454571805564,0.0,0.02,0.95,0.03,0.1674722434193448
39628433281519056,0.04,0.81,0.15,0.0,0.4212720490484504
39628433281519715,0.0,0.0,0.97,0.03,0.0971959289157881
39628438637642384,0.0,0.02,0.97,0.01,0.11097036642660543
39628438633449345,0.0,0.33,0.67,0.0,0.4574631863898637
39628443930853837,0.0,0.54,0.46,0.0,0.49768921941011285
39628438620868800,0.0,0.63,0.37,0.0,0.47533604634353294
39628433289904372,0.0,0.01,0.97,0.02,0.11097036642660543
39628433289904296,0.0,0.24,0.76,0.0,0.39752013969226113
39628433285714891,0.0,0.46,0.54,0.0,0.49768921941011285
39628433289904153,0.0,0.24,0.76,0.0,0.39752013969226113
39628433285714853,0.0,0.87,0.13,0.0,0.2787190925139945
39628433285714821,0.0,0.96,0.04,0.0,0.12114609454120741
39628433285714055,0.0,0.0,1.0,0.0,-0.0
39628422539906383,0.0,0.47,0.53,0.0,0.4987007942838698
39628422539906520,0.0,0.27,0.73,0.0,0.42073231810408784
39628454601163980,0.0,0.94,0.06,0.0,0.16372245957723813
39628433247961230,0.0,0.2,0.8,0.0,0.36096404744368116
39628433281519717,0.0,0.45,0.55,0.0,0.49638722699390414
39628443930854102,0.0,0.54,0.46,0.0,0.49768921941011285
39628433264740743,0.0,0.01,0.98,0.01,0.08072027127091033
39628422539904004,0.0,0.96,0.04,0.0,0.12114609454120741
39628459877597303,0.0,0.14,0.86,0.0,0.292119405821428
39628427921196821,0.0,0.98,0.02,0.0,0.07072027127091034
39628433289907924,0.0,0.7,0.3,0.0,0.44064544961534635
39628433289907729,0.0,0.32,0.68,0.0,0.45219072886224687
39628433289908000,0.0,0.05,0.95,0.0,0.14319847855797813
39628433289908133,0.0,0.92,0.08,0.0,0.2010895951011364
39628454592774764,0.0,0.14,0.85,0.01,0.33142210248480686
39628459877598997,0.0,0.85,0.15,0.0,0.3049201523582002
39628459877599628,0.0,0.94,0.06,0.0,0.16372245957723813
39628454588584617,0.0,0.04,0.96,0.0,0.12114609454120741
39628433289908025,0.0,0.46,0.54,0.0,0.49768921941011285
39628422539904191,0.0,0.85,0.15,0.0,0.3049201523582002
39628433289907696,0.0,0.12,0.88,0.0,0.2646804326436822
39628433289907592,0.0,0.02,0.95,0.03,0.1674722434193448
39628422539903954,0.0,0.44,0.56,0.0,0.4947937606110278
39628433289904959,0.0,0.87,0.13,0.0,0.2787190925139945
39628433289905928,0.0,0.85,0.15,0.0,0.3049201523582002
39628433247962551,0.0,0.0,0.96,0.04,0.12114609454120741
39628433289906470,0.0,0.62,0.38,0.0,0.47902101111314976
39628433289907671,0.0,0.01,0.99,0.0,0.04039656794795559
39628433289906665,0.0,0.93,0.07,0.0,0.18296182545011158
39628433289906925,0.0,0.02,0.97,0.01,0.11097036642660543
39628433289906932,0.0,0.78,0.22,0.0,0.38008375148098283
39628433289907174,0.0,0.25,0.75,0.0,0.4056390622295664
39628449286980894,0.0,0.59,0.41,0.0,0.488250234378912
39628433289906712,0.0,0.95,0.05,0.0,0.14319847855797813
39628449249233680,0.0,0.34,0.66,0.0,0.46240935248651505
39628438641836409,0.0,0.39,0.61,0.0,0.4823997742525436
39628438625062362,0.0,0.95,0.05,0.0,0.14319847855797813
39628438629256145,0.0,0.05,0.93,0.02,0.21317104534994366
39628422544101952,0.0,0.99,0.01,0.0,0.04039656794795559
39628438629256123,0.0,0.0,0.87,0.13,0.2787190925139945
39628433273129677,0.0,0.46,0.54,0.0,0.49768921941011285
39628449266009486,0.0,0.75,0.25,0.0,0.4056390622295664
39628433256353201,0.0,0.4,0.6,0.0,0.4854752972273343
39628433256353142,0.0,0.0,1.0,0.0,-0.0
39628449266009651,0.0,0.81,0.19,0.0,0.3507357299419487
39628438637642261,0.0,0.05,0.95,0.0,0.14319847855797813
39628433273130714,0.0,0.14,0.86,0.0,0.292119405821428
39628438637643061,0.0,0.45,0.55,0.0,0.49638722699390414
39628433268937049,0.0,0.01,0.99,0.0,0.04039656794795559
39628433268936538,0.0,0.48,0.52,0.0,0.4994227679976009
39628438633448920,0.0,0.02,0.98,0.0,0.07072027127091034
39628433260548332,0.0,0.0,0.93,0.07,0.18296182545011158
39628438633449092,0.0,0.57,0.43,0.0,0.4929075185894599
39628438633449221,0.0,0.88,0.12,0.0,0.2646804326436822
39628438633449265,0.0,0.04,0.96,0.0,0.12114609454120741
39628438629257655,0.0,0.98,0.02,0.0,0.07072027127091034
39628433252159770,0.0,0.69,0.31,0.0,0.4465867291889284
39628438629257414,0.0,0.24,0.76,0.0,0.39752013969226113
39628422523128431,0.0,0.22,0.78,0.0,0.38008375148098283
39628422548294339,0.0,0.35,0.65,0.0,0.4670340276877455
39628438629256892,0.0,0.03,0.97,0.0,0.0971959289157881
39628438629256828,0.0,0.61,0.39,0.0,0.4823997742525436
39628438633450544,0.0,0.19,0.81,0.0,0.3507357299419487
39628438637643101,0.0,0.76,0.24,0.0,0.39752013969226113
39628438637643152,0.0,0.01,0.96,0.03,0.13737165703039006
39628438637644591,0.0,0.16,0.84,0.0,0.3171547773202831
39628422544098722,0.0,0.46,0.54,0.0,0.49768921941011285
39628427887642986,0.0,0.17,0.83,0.0,0.32885238937210975
39628433281515585,0.0,0.67,0.33,0.0,0.4574631863898637
39628422544098613,0.0,0.34,0.66,0.0,0.46240935248651505
39628433281517145,0.01,0.97,0.02,0.0,0.11097036642660543
39628433281517191,0.0,0.0,0.9,0.1,0.2344977967946406
39628459869211343,0.0,0.33,0.67,0.0,0.4574631863898637
39628433247966085,0.0,0.19,0.81,0.0,0.3507357299419487
39628459869211478,0.0,0.26,0.74,0.0,0.4133731862463089
39628438641836174,0.02,0.89,0.09,0.0,0.2875800930424113
39628433281517742,0.0,0.11,0.89,0.0,0.249957979082264
39628438641836368,0.0,0.87,0.13,0.0,0.2787190925139945
39628433264740874,0.0,0.42,0.58,0.0,0.49072694751682683
39628433247963020,0.0,0.64,0.36,0.0,0.4713415946277461
39628427887642886,0.0,0.72,0.28,0.0,0.4277254052800653
39628438637644193,0.0,0.67,0.33,0.0,0.4574631863898637
39628433277321342,0.0,0.0,0.98,0.02,0.07072027127091034
39628449266012004,0.0,0.19,0.81,0.0,0.3507357299419487
39628438629253865,0.0,0.99,0.01,0.0,0.04039656794795559
39628438629253453,0.0,0.21,0.79,0.0,0.37074136996563684
39628438637643488,0.0,0.52,0.48,0.0,0.4994227679976009
39628438629253291,0.0,0.07,0.93,0.0,0.18296182545011158
39628422544099503,0.0,0.66,0.34,0.0,0.46240935248651505
39628422544099445,0.0,0.03,0.94,0.03,0.19372245957723813
39628449257623401,0.0,0.71,0.29,0.0,0.43436062316970225
39628449257623317,0.0,0.15,0.85,0.0,0.3049201523582002
39628438629253209,0.01,0.93,0.06,0.0,0.20367037270049304
39628433273130701,0.0,0.53,0.47,0.0,0.4987007942838698
39628427887643089,0.0,0.06,0.94,0.0,0.16372245957723813
39628427908614611,0.0,0.46,0.54,0.0,0.49768921941011285
39628427917002812,0.0,0.34,0.66,0.0,0.46240935248651505
39628417150226136,0.0,0.99,0.01,0.0,0.04039656794795559
39628465162420708,0.0,0.03,0.97,0.0,0.0971959289157881
39628417150226241,0.0,0.68,0.32,0.0,0.45219072886224687
39628417162808154,0.0,0.36,0.64,0.0,0.4713415946277461
39628417150226433,0.0,0.94,0.06,0.0,0.16372245957723813
39628417162808100,0.0,0.67,0.33,0.0,0.4574631863898637
39628427917003112,0.0,0.3,0.7,0.0,0.44064544961534635
39628427908616704,0.0,0.68,0.32,0.0,0.45219072886224687
39628427908616817,0.0,0.63,0.37,0.0,0.47533604634353294
39628417154417084,0.0,0.87,0.13,0.0,0.2787190925139945
39628459881795358,0.0,0.05,0.95,0.0,0.14319847855797813
39628427908617139,0.0,0.17,0.83,0.0,0.32885238937210975
39628422531514497,0.0,0.74,0.26,0.0,0.4133731862463089
39628459881795283,0.0,0.53,0.47,0.0,0.4987007942838698
39628454588583079,0.0,0.55,0.45,0.0,0.49638722699390414
39628465170814398,0.0,0.1,0.9,0.0,0.2344977967946406
39628417150225900,0.0,0.13,0.87,0.0,0.2787190925139945
39628465162420875,0.0,0.56,0.44,0.0,0.4947937606110278
39628465162420912,0.0,0.46,0.54,0.0,0.49768921941011285
39628438608282105,0.0,0.5,0.5,0.0,0.5
39628465145646731,0.0,0.01,0.9,0.09,0.2579475764741046
39628465145647339,0.0,0.39,0.61,0.0,0.4823997742525436
39628438599894116,0.0,0.24,0.76,0.0,0.39752013969226113
39628438599894092,0.0,0.29,0.71,0.0,0.43436062316970225
39628465145647574,0.0,0.88,0.12,0.0,0.2646804326436822
39628459894377246,0.0,0.38,0.62,0.0,0.47902101111314976
39628417146032722,0.0,0.04,0.96,0.0,0.12114609454120741
39628427917002035,0.0,0.52,0.48,0.0,0.4994227679976009
39628454588580489,0.0,0.07,0.93,0.0,0.18296182545011158
39628454588580642,0.0,0.59,0.41,0.0,0.488250234378912
39628427908615135,0.0,0.64,0.36,0.0,0.4713415946277461
39628427912809926,0.0,0.65,0.35,0.0,0.4670340276877455
39628465170815600,0.0,0.05,0.95,0.0,0.14319847855797813
39628465170815078,0.0,0.59,0.41,0.0,0.488250234378912
39628417162808227,0.0,0.08,0.92,0.0,0.2010895951011364
39628417150225164,0.01,0.92,0.07,0.0,0.22283217282912027
39628459885991863,0.0,0.14,0.86,0.0,0.292119405821428
39628427912809875,0.0,0.24,0.76,0.0,0.39752013969226113
39628422527325427,0.0,0.98,0.02,0.0,0.07072027127091034
39628427912807428,0.0,0.28,0.72,0.0,0.4277254052800653
39628459877600735,0.0,0.31,0.69,0.0,0.4465867291889284
39628465154037506,0.0,0.55,0.45,0.0,0.49638722699390414
39628427908614916,0.0,0.32,0.68,0.0,0.45219072886224687
39628438599896345,0.0,0.14,0.86,0.0,0.292119405821428
39628427908614635,0.0,0.31,0.69,0.0,0.4465867291889284
39628427912807440,0.0,0.89,0.11,0.0,0.249957979082264
39628459877601483,0.0,0.0,0.99,0.01,0.04039656794795559
39628465149839042,0.0,1.0,0.0,0.0,-0.0
39628459890183974,0.0,0.14,0.86,0.0,0.292119405821428
39628459890184308,0.0,0.03,0.94,0.03,0.19372245957723813
39628443939246012,0.0,0.5,0.5,0.0,0.5
39628443939246039,0.0,0.05,0.95,0.0,0.14319847855797813
39628459877601853,0.0,0.07,0.93,0.0,0.18296182545011158
39628470426276711,0.0,0.45,0.55,0.0,0.49638722699390414
39628449266009296,0.0,0.42,0.58,0.0,0.49072694751682683
39628438629255675,0.0,0.12,0.88,0.0,0.2646804326436822
39628427896030593,0.0,0.0,1.0,0.0,-0.0
39628427896031018,0.0,0.12,0.88,0.0,0.2646804326436822
39628449282788050,0.0,0.0,0.99,0.01,0.04039656794795559
39628438608284447,0.0,0.0,0.99,0.01,0.04039656794795559
39628465166618709,0.0,0.77,0.23,0.0,0.38900565177326885
39628422531518171,0.0,0.19,0.81,0.0,0.3507357299419487
39628443939244352,0.0,0.76,0.24,0.0,0.39752013969226113
39628438629255651,0.0,0.0,0.93,0.07,0.18296182545011158
39628449266009685,0.0,0.51,0.49,0.0,0.49985572087640495
39628465145646728,0.0,0.02,0.98,0.0,0.07072027127091034
39628438637644050,0.0,0.04,0.96,0.0,0.12114609454120741
39628417146032209,0.0,0.0,0.98,0.02,0.07072027127091034
39628417146032222,0.0,0.25,0.75,0.0,0.4056390622295664
39628459877601337,0.0,0.33,0.67,0.0,0.4574631863898637
39628417146032276,0.0,0.56,0.44,0.0,0.4947937606110278
39628459881794699,0.0,0.62,0.38,0.0,0.47902101111314976
39628459890184387,0.0,0.01,0.98,0.01,0.08072027127091033
39628433252160101,0.0,0.23,0.77,0.0,0.38900565177326885
39628438620867188,0.0,0.85,0.15,0.0,0.3049201523582002
39628443939242843,0.0,0.13,0.87,0.0,0.2787190925139945
39628438629255753,0.0,0.21,0.79,0.0,0.37074136996563684
39628443964408649,0.0,0.0,1.0,0.0,-0.0
39628417137641673,0.0,0.89,0.11,0.0,0.249957979082264
39628417146028420,0.0,0.89,0.11,0.0,0.249957979082264
39628459869210731,0.0,0.15,0.85,0.0,0.3049201523582002
39628433252159775,0.0,0.81,0.19,0.0,0.3507357299419487
39628433289904830,0.0,0.89,0.11,0.0,0.249957979082264
39628449270205070,0.0,0.01,0.99,0.0,0.04039656794795559
39628459877600087,0.0,0.14,0.86,0.0,0.292119405821428
39628422539905144,0.0,0.12,0.88,0.0,0.2646804326436822
39628433252158745,0.0,0.94,0.06,0.0,0.16372245957723813
39628427929585422,0.0,0.23,0.77,0.0,0.38900565177326885
39628438641836426,0.0,0.37,0.63,0.0,0.47533604634353294
39628449270205043,0.0,0.0,0.49,0.51,0.49985572087640495
39628438641836559,0.0,0.99,0.01,0.0,0.04039656794795559
39628449270205082,0.0,0.0,0.94,0.06,0.16372245957723813
39628459873407279,0.0,0.52,0.48,0.0,0.4994227679976009
39628459881792296,0.0,0.16,0.84,0.0,0.3171547773202831
39628454575998431,0.0,0.04,0.96,0.0,0.12114609454120741
39628449270207094,0.0,1.0,0.0,0.0,-0.0
39628449270204850,0.0,0.03,0.97,0.0,0.0971959289157881
39628433247961685,0.0,0.82,0.18,0.0,0.34003852286413994
39628449291177365,0.0,0.5,0.5,0.0,0.5
39628465158227607,0.0,0.08,0.92,0.0,0.2010895951011364
39628427900228451,0.0,0.84,0.16,0.0,0.3171547773202831
39628470434663054,0.0,0.06,0.94,0.0,0.16372245957723813
39628470434662827,0.0,0.63,0.37,0.0,0.47533604634353294
39628433289904723,0.0,0.11,0.89,0.0,0.249957979082264
39628433289904829,0.0,0.04,0.96,0.0,0.12114609454120741
39628470434662697,0.01,0.65,0.34,0.0,0.49978987264055696
39628454576000869,0.0,0.26,0.74,0.0,0.4133731862463089
39628417162808809,0.0,0.37,0.63,0.0,0.47533604634353294
39628465145648066,0.0,0.29,0.71,0.0,0.43436062316970225
39628422539906996,0.0,0.33,0.67,0.0,0.4574631863898637
39628454575998392,0.0,0.16,0.84,0.0,0.3171547773202831
39628449270204964,0.0,0.07,0.93,0.0,0.18296182545011158
39628470438856259,0.0,0.0,0.97,0.03,0.0971959289157881
39628454588584030,0.0,0.0,0.99,0.01,0.04039656794795559
39628422539906904,0.0,0.02,0.97,0.01,0.11097036642660543
39628422539903492,0.06,0.94,0.0,0.0,0.16372245957723813
39628449270204862,0.0,0.4,0.6,0.0,0.4854752972273343
39628422539906743,0.0,0.73,0.27,0.0,0.42073231810408784
39628427925390094,0.0,0.34,0.66,0.0,0.46240935248651505
39628422539906635,0.0,0.87,0.13,0.0,0.2787190925139945
39628443972797660,0.08,0.92,0.0,0.0,0.2010895951011364
39628449270204053,0.0,0.61,0.39,0.0,0.4823997742525436
39628449270203886,0.0,0.82,0.18,0.0,0.34003852286413994
39628454575998265,0.0,0.11,0.89,0.0,0.249957979082264
39628422539903422,0.0,0.62,0.38,0.0,0.47902101111314976
39628470430469108,0.0,0.02,0.98,0.0,0.07072027127091034
39628417162807148,0.0,0.92,0.08,0.0,0.2010895951011364
39628459894377262,0.0,0.05,0.94,0.01,0.1832231322266888
39628433289905105,0.0,0.68,0.32,0.0,0.45219072886224687
39628465162420566,0.0,0.0,0.94,0.06,0.16372245957723813
39628465158227379,0.0,0.16,0.84,0.0,0.3171547773202831
39628459877600494,0.0,0.69,0.31,0.0,0.4465867291889284
39628443972797319,0.0,0.11,0.88,0.01,0.28950944366190023
39628465158227045,0.0,0.65,0.35,0.0,0.4670340276877455
39628465166616315,0.0,0.05,0.95,0.0,0.14319847855797813
39628433273130400,0.0,0.14,0.86,0.0,0.292119405821428
39628470430469997,0.0,0.45,0.55,0.0,0.49638722699390414
39628417162808169,0.0,0.08,0.92,0.0,0.2010895951011364
39628454559225433,0.0,0.97,0.03,0.0,0.0971959289157881
39628454605357582,0.0,0.02,0.98,0.0,0.07072027127091034
39628422523126039,0.0,0.55,0.45,0.0,0.49638722699390414
39628465154035646,0.0,0.63,0.37,0.0,0.47533604634353294
39628465170814673,0.0,0.52,0.48,0.0,0.4994227679976009
39628459873405780,0.0,0.82,0.18,0.0,0.34003852286413994
39628433289904579,0.0,0.48,0.52,0.0,0.4994227679976009
39628465170814691,0.0,0.13,0.87,0.0,0.2787190925139945
39628465170814974,0.0,0.13,0.87,0.0,0.2787190925139945
39628454601167066,0.0,0.03,0.97,0.0,0.0971959289157881
39628422523128685,0.0,0.23,0.77,0.0,0.38900565177326885
39628433285709882,0.0,0.31,0.69,0.0,0.4465867291889284
39628433281517654,0.01,0.99,0.0,0.0,0.04039656794795559
39628422523128340,0.0,0.97,0.03,0.0,0.0971959289157881
39628438629255284,0.0,0.02,0.98,0.0,0.07072027127091034
39628417167002185,0.0,0.86,0.14,0.0,0.292119405821428
39628438629255312,0.0,0.02,0.98,0.0,0.07072027127091034
39628454588583507,0.0,0.96,0.04,0.0,0.12114609454120741
39628465166618984,0.0,0.64,0.36,0.0,0.4713415946277461
39628417167002148,0.0,0.62,0.38,0.0,0.47902101111314976
39628433289906623,0.0,1.0,0.0,0.0,-0.0
39628427921197602,0.0,0.05,0.95,0.0,0.14319847855797813
39628417162806543,0.0,0.65,0.35,0.0,0.4670340276877455
39628438629254395,0.0,0.25,0.75,0.0,0.4056390622295664
39628433281517330,0.0,0.0,0.87,0.13,0.2787190925139945
39628422544099299,0.0,0.05,0.95,0.0,0.14319847855797813
39628438629254532,0.0,1.0,0.0,0.0,-0.0
39628459860822910,0.0,0.89,0.11,0.0,0.249957979082264
39628433281515741,0.0,0.01,0.99,0.0,0.04039656794795559
39628438629254991,0.0,0.16,0.84,0.0,0.3171547773202831
39628427921197631,0.0,0.03,0.97,0.0,0.0971959289157881
39628438629254977,0.0,0.52,0.48,0.0,0.4994227679976009
39628438637645406,0.0,0.86,0.14,0.0,0.292119405821428
39628443960217205,0.0,0.67,0.33,0.0,0.4574631863898637
39628438629253813,0.0,0.16,0.84,0.0,0.3171547773202831
39628438637645356,0.0,0.45,0.55,0.0,0.49638722699390414
39628433277325867,0.0,0.02,0.94,0.04,0.1912713345988728
39628459860823738,0.0,0.8,0.2,0.0,0.36096404744368116
39628459865014786,0.0,0.15,0.85,0.0,0.3049201523582002
39628438629254639,0.0,0.84,0.16,0.0,0.3171547773202831
39628433264740681,0.0,0.67,0.33,0.0,0.4574631863898637
39628454567614098,0.0,0.98,0.02,0.0,0.07072027127091034
39628454575998020,0.0,0.99,0.01,0.0,0.04039656794795559
39628454571806483,0.0,0.05,0.94,0.01,0.1832231322266888
39628449266013098,0.0,0.0,0.96,0.04,0.12114609454120741
39628449266013333,0.0,0.58,0.42,0.0,0.49072694751682683
39628417146029606,0.0,0.85,0.15,0.0,0.3049201523582002
39628454571806495,0.0,0.0,0.98,0.02,0.07072027127091034
39628443943438332,0.0,0.37,0.63,0.0,0.47533604634353294
39628422531518386,0.0,0.28,0.72,0.0,0.4277254052800653
39628459865014810,0.0,0.89,0.11,0.0,0.249957979082264
39628427925394065,0.0,0.02,0.97,0.01,0.11097036642660543
39628438620867092,0.0,0.55,0.45,0.0,0.49638722699390414
39628438608282533,0.0,0.35,0.65,0.0,0.4670340276877455
39628438637642617,0.0,0.69,0.31,0.0,0.4465867291889284
39628465162421537,0.0,0.05,0.95,0.0,0.14319847855797813
39628433260546803,0.0,0.48,0.52,0.0,0.4994227679976009
39628438620866967,0.0,0.28,0.72,0.0,0.4277254052800653
39628465162421742,0.0,0.87,0.13,0.0,0.2787190925139945
39628454567613971,0.02,0.98,0.0,0.0,0.07072027127091034
39628443943438797,0.0,0.16,0.84,0.0,0.3171547773202831
39628438633450844,0.0,0.05,0.95,0.0,0.14319847855797813
39628438633450595,0.0,0.9,0.1,0.0,0.2344977967946406
39628427904423235,0.0,0.15,0.85,0.0,0.3049201523582002
39628443939242930,0.0,0.34,0.66,0.0,0.46240935248651505
39628438612479023,0.0,0.44,0.56,0.0,0.4947937606110278
39628454592777405,0.0,0.03,0.96,0.01,0.13737165703039006
39628449270205129,0.0,0.03,0.97,0.0,0.0971959289157881
39628443972797802,0.0,0.57,0.43,0.0,0.4929075185894599
39628438620866583,0.0,0.02,0.96,0.02,0.14114609454120738
39628443935050948,0.0,0.09,0.91,0.0,0.21823490853205144
39628438620870012,0.0,0.82,0.18,0.0,0.34003852286413994
39628433252157635,0.0,0.13,0.87,0.0,0.2787190925139945
39628470430470562,0.0,0.99,0.01,0.0,0.04039656794795559
39628438633448001,0.0,0.24,0.76,0.0,0.39752013969226113
39628438625061351,0.0,0.72,0.28,0.0,0.4277254052800653
39628438637645235,0.0,0.53,0.47,0.0,0.4987007942838698
39628433252158706,0.0,0.01,0.99,0.0,0.04039656794795559
39628459865014445,0.0,1.0,0.0,0.0,-0.0
39628470430470334,0.0,0.33,0.67,0.0,0.4574631863898637
39628465158228091,0.0,0.1,0.9,0.0,0.2344977967946406
39628427887645856,0.0,1.0,0.0,0.0,-0.0
39628454584386199,0.0,0.64,0.36,0.0,0.4713415946277461
39628427929585233,0.0,0.09,0.91,0.0,0.21823490853205144
39628449282788965,0.0,0.49,0.51,0.0,0.49985572087640495
39628411756347928,0.0,0.06,0.94,0.0,0.16372245957723813
39628454584386055,0.0,0.24,0.76,0.0,0.39752013969226113
39628417141838177,0.0,0.04,0.94,0.02,0.19127133459887283
39628470438858642,0.0,0.67,0.33,0.0,0.4574631863898637
39628470438858588,0.0,0.15,0.85,0.0,0.3049201523582002
39628422548294815,0.0,0.01,0.99,0.0,0.04039656794795559
39628417141834423,0.0,0.03,0.95,0.02,0.1674722434193448
39628449274398175,0.0,0.8,0.2,0.0,0.36096404744368116
39628454601165610,0.0,0.3,0.7,0.0,0.44064544961534635
39628438625062202,0.0,0.84,0.16,0.0,0.3171547773202831
39628433285710328,0.0,0.03,0.97,0.0,0.0971959289157881
39628433273130491,0.0,0.16,0.84,0.0,0.3171547773202831
39628454596969264,0.0,0.57,0.43,0.0,0.4929075185894599
39628465149838602,0.0,0.01,0.99,0.0,0.04039656794795559
39628454580191364,0.0,0.06,0.94,0.0,0.16372245957723813
39628454576001834,0.0,0.26,0.74,0.0,0.4133731862463089
39628433268935184,0.0,0.88,0.12,0.0,0.2646804326436822
39628438633450152,0.0,0.2,0.8,0.0,0.36096404744368116
39628459894374939,0.0,0.97,0.03,0.0,0.0971959289157881
39628438633448151,0.0,0.43,0.57,0.0,0.4929075185894599
39628459894375396,0.0,0.15,0.85,0.0,0.3049201523582002
39628422548295069,0.0,0.41,0.59,0.0,0.488250234378912
39628454567613609,0.0,0.62,0.38,0.0,0.47902101111314976
39628427912807492,0.0,0.73,0.27,0.0,0.42073231810408784
39628454571806628,0.0,0.74,0.26,0.0,0.4133731862463089
39628433264738452,0.0,0.51,0.49,0.0,0.49985572087640495
39628433268936493,0.0,0.71,0.29,0.0,0.43436062316970225
39628422539904568,0.0,0.49,0.51,0.0,0.49985572087640495
39628422539904664,0.0,0.1,0.9,0.0,0.2344977967946406
39628427900225286,0.0,0.96,0.04,0.0,0.12114609454120741
39628433285714351,0.0,0.16,0.84,0.0,0.3171547773202831
39628438637643283,0.0,0.99,0.01,0.0,0.04039656794795559
39628433281519335,0.0,0.87,0.13,0.0,0.2787190925139945
39628465149842377,0.0,0.9,0.1,0.0,0.2344977967946406
39628443964410830,0.0,0.25,0.75,0.0,0.4056390622295664
39628465149838681,0.0,0.13,0.87,0.0,0.2787190925139945
39628454596969864,0.0,0.86,0.14,0.0,0.292119405821428
39628459873406613,0.0,0.54,0.46,0.0,0.49768921941011285
39628422531515309,0.0,0.29,0.71,0.0,0.43436062316970225
39628433256352894,0.0,0.67,0.33,0.0,0.4574631863898637
39628454567611469,0.0,0.96,0.04,0.0,0.12114609454120741
39628454567611274,0.0,0.25,0.75,0.0,0.4056390622295664
39628438637644702,0.0,0.74,0.26,0.0,0.4133731862463089
39628438604089518,0.0,0.15,0.85,0.0,0.3049201523582002
39628449295369442,0.0,0.01,0.99,0.0,0.04039656794795559
39628438595701382,0.0,0.95,0.05,0.0,0.14319847855797813
39628438620867258,0.0,0.89,0.11,0.0,0.249957979082264
39628459873405237,0.0,0.41,0.59,0.0,0.488250234378912
39628417137642610,0.0,0.53,0.47,0.0,0.4987007942838698
39628417162808584,0.0,0.86,0.14,0.0,0.292119405821428
39628417162808699,0.0,1.0,0.0,0.0,-0.0
39628427887646187,0.0,0.01,0.97,0.02,0.11097036642660543
39628427891834946,0.0,0.13,0.87,0.0,0.2787190925139945
39628438637643376,0.01,0.99,0.0,0.0,0.04039656794795559
39628470434665438,0.0,0.06,0.94,0.0,0.16372245957723813
39628417158611092,0.0,0.85,0.15,0.0,0.3049201523582002
39628449270204187,0.0,0.99,0.01,0.0,0.04039656794795559
39628449270204121,0.0,0.27,0.73,0.0,0.42073231810408784
39628470438855256,0.0,0.6,0.4,0.0,0.4854752972273343
39628470434663244,0.0,0.17,0.83,0.0,0.32885238937210975
39628443930855967,0.0,0.51,0.49,0.0,0.49985572087640495
39628459869211389,0.0,0.95,0.05,0.0,0.14319847855797813
39628427925389536,0.0,0.33,0.67,0.0,0.4574631863898637
39628433294098861,0.0,0.12,0.88,0.0,0.2646804326436822
39628454592776303,0.0,0.98,0.02,0.0,0.07072027127091034
39628454596968818,0.0,0.41,0.59,0.0,0.488250234378912
39628443960216269,0.0,0.56,0.44,0.0,0.4947937606110278
39628454592776291,0.0,0.61,0.39,0.0,0.4823997742525436
39628427896030266,0.0,0.21,0.79,0.0,0.37074136996563684
39628470438857710,0.0,0.74,0.26,0.0,0.4133731862463089
39628454605357331,0.0,0.11,0.89,0.0,0.249957979082264
39628454605357383,0.0,0.99,0.01,0.0,0.04039656794795559
39628449295369359,0.0,0.67,0.33,0.0,0.4574631863898637
39628459873406265,0.0,0.18,0.82,0.0,0.34003852286413994
39628433252156760,0.0,0.36,0.64,0.0,0.4713415946277461
39628438629254159,0.0,0.18,0.82,0.0,0.34003852286413994
39628443960214941,0.01,0.98,0.01,0.0,0.08072027127091033
39628427921197677,0.0,1.0,0.0,0.0,-0.0
39628433260546849,0.0,0.33,0.67,0.0,0.4574631863898637
39628438620866928,0.0,1.0,0.0,0.0,-0.0
39628459894378559,0.0,0.65,0.35,0.0,0.4670340276877455
39628438620867275,0.0,0.77,0.23,0.0,0.38900565177326885
39628459894375467,0.0,0.6,0.4,0.0,0.4854752972273343
39628422544098986,0.0,0.11,0.89,0.0,0.249957979082264
39628417146029335,0.0,0.0,0.95,0.05,0.14319847855797813
39628438629254342,0.0,0.75,0.25,0.0,0.4056390622295664
39628411752156303,0.0,0.45,0.55,0.0,0.49638722699390414
39628443947631660,0.0,0.0,0.99,0.01,0.04039656794795559
39628422544098946,0.0,0.22,0.78,0.0,0.38008375148098283
39628427896030112,0.0,0.16,0.84,0.0,0.3171547773202831
39628411752156437,0.0,0.07,0.93,0.0,0.18296182545011158
39628438629257330,0.0,0.21,0.79,0.0,0.37074136996563684
39628443930855746,0.0,0.26,0.74,0.0,0.4133731862463089
39628443930855762,0.0,0.07,0.92,0.01,0.22283217282912027
39628470430466538,0.0,0.68,0.32,0.0,0.45219072886224687
39628449257624193,0.0,0.76,0.24,0.0,0.39752013969226113
39628449286980024,0.0,0.92,0.08,0.0,0.2010895951011364
39628417133448891,0.01,0.95,0.04,0.0,0.16124668093016215
39628454588580659,0.0,0.92,0.08,0.0,0.2010895951011364
39628433285712259,0.0,0.2,0.8,0.0,0.36096404744368116
39628459865017307,0.0,0.02,0.98,0.0,0.07072027127091034
39628449249234485,0.0,0.98,0.02,0.0,0.07072027127091034
39628443943441729,0.0,0.61,0.39,0.0,0.4823997742525436
39628433285712473,0.0,0.21,0.79,0.0,0.37074136996563684
39628433268933246,0.0,0.09,0.91,0.0,0.21823490853205144
39628433273128279,0.0,0.52,0.48,0.0,0.4994227679976009
39628449257624312,0.0,0.89,0.11,0.0,0.249957979082264
39628422552489537,0.0,0.0,0.96,0.04,0.12114609454120741
39628433264738660,0.0,0.4,0.6,0.0,0.4854752972273343
39628465162423592,0.0,0.08,0.9,0.02,0.2705942015390087
39628422548293358,0.0,0.78,0.22,0.0,0.38008375148098283
39628417162805824,0.0,0.89,0.11,0.0,0.249957979082264
39628417167001636,0.0,0.96,0.04,0.0,0.12114609454120741
39628438625063281,0.0,0.31,0.69,0.0,0.4465867291889284
39628454588581023,0.0,0.03,0.97,0.0,0.0971959289157881
39628433247966350,0.0,0.14,0.86,0.0,0.292119405821428
39628459873406479,0.0,0.34,0.66,0.0,0.46240935248651505
39628465162423839,0.0,0.27,0.73,0.0,0.42073231810408784
39628454584388195,0.0,0.03,0.97,0.0,0.0971959289157881
39628417162810032,0.0,0.54,0.46,0.0,0.49768921941011285
39628417146030408,0.0,0.33,0.67,0.0,0.4574631863898637
39628411752157390,0.0,0.91,0.09,0.0,0.21823490853205144
39628422527320345,0.0,0.16,0.84,0.0,0.3171547773202831
39628449257623591,0.0,0.05,0.95,0.0,0.14319847855797813
39628411747963081,0.0,0.39,0.61,0.0,0.4823997742525436
39628438608282107,0.0,1.0,0.0,0.0,-0.0
39628411747962755,0.0,0.77,0.23,0.0,0.38900565177326885
39628411752153225,0.0,0.48,0.52,0.0,0.4994227679976009
39628417150225288,0.0,0.0,0.94,0.06,0.16372245957723813
39628411747962691,0.0,0.89,0.11,0.0,0.249957979082264
39628449257619541,0.0,0.08,0.92,0.0,0.2010895951011364
39628438625058932,0.0,0.23,0.77,0.0,0.38900565177326885
39628438620870369,0.0,0.06,0.94,0.0,0.16372245957723813
39628411752153547,0.0,0.7,0.3,0.0,0.44064544961534635
39628433285712950,0.0,0.58,0.42,0.0,0.49072694751682683
39628438620870282,0.0,0.16,0.84,0.0,0.3171547773202831
39628449278594522,0.0,0.22,0.78,0.0,0.38008375148098283
39628433289906695,0.0,0.02,0.98,0.0,0.07072027127091034
39628417146030119,0.0,0.83,0.17,0.0,0.32885238937210975
39628417162810344,0.0,0.64,0.36,0.0,0.4713415946277461
39628438608282085,0.0,0.56,0.44,0.0,0.4947937606110278
39628422552489767,0.0,0.97,0.03,0.0,0.0971959289157881
39628449257623256,0.0,0.02,0.98,0.0,0.07072027127091034
39628427921196535,0.0,0.78,0.22,0.0,0.38008375148098283
39628459877598672,0.0,0.14,0.86,0.0,0.292119405821428
39628417162810964,0.0,0.2,0.8,0.0,0.36096404744368116
39628427921196039,0.0,0.0,1.0,0.0,-0.0
39628422531518308,0.0,0.01,0.98,0.01,0.08072027127091033
39628438599895973,0.0,0.17,0.83,0.0,0.32885238937210975
39628427917004540,0.0,0.46,0.54,0.0,0.49768921941011285
39628427917004622,0.0,0.18,0.82,0.0,0.34003852286413994
39628465170811291,0.0,0.34,0.66,0.0,0.46240935248651505
39628433264742496,0.0,0.48,0.52,0.0,0.4994227679976009
39628459877602515,0.0,0.01,0.97,0.02,0.11097036642660543
39628422531516253,0.0,0.1,0.9,0.0,0.2344977967946406
39628459885987878,0.0,0.09,0.91,0.0,0.21823490853205144
39628427917004646,0.0,0.1,0.9,0.0,0.2344977967946406
39628417154420127,0.0,0.91,0.09,0.0,0.21823490853205144
39628427896033957,0.0,0.82,0.18,0.0,0.34003852286413994
39628427896033976,0.0,0.98,0.02,0.0,0.07072027127091034
39628422535710589,0.0,0.63,0.37,0.0,0.47533604634353294
39628417154420098,0.0,0.67,0.33,0.0,0.4574631863898637
39628422535710278,0.0,0.27,0.73,0.0,0.42073231810408784
39628433273127947,0.0,0.7,0.3,0.0,0.44064544961534635
39628459885988341,0.0,0.19,0.81,0.0,0.3507357299419487
39628454592774604,0.0,0.06,0.94,0.0,0.16372245957723813
39628427917004294,0.0,0.76,0.24,0.0,0.39752013969226113
39628438595701261,0.0,0.92,0.08,0.0,0.2010895951011364
39628449253425564,0.0,0.03,0.97,0.0,0.0971959289157881
39628433264743158,0.0,0.67,0.33,0.0,0.4574631863898637
39628459885991440,0.0,0.06,0.94,0.0,0.16372245957723813
39628459885991156,0.0,0.01,0.99,0.0,0.04039656794795559
39628422552488994,0.0,0.84,0.16,0.0,0.3171547773202831
39628417150225712,0.0,0.87,0.13,0.0,0.2787190925139945
39628443943437885,0.0,0.04,0.96,0.0,0.12114609454120741
39628433264742863,0.0,0.84,0.16,0.0,0.3171547773202831
39628422552488961,0.0,1.0,0.0,0.0,-0.0
39628459885990803,0.0,0.13,0.87,0.0,0.2787190925139945
39628454588585282,0.0,0.08,0.92,0.0,0.2010895951011364
39628427904422027,0.0,0.43,0.57,0.0,0.4929075185894599
39628422535710214,0.0,0.28,0.72,0.0,0.4277254052800653
39628422535709878,0.0,0.89,0.11,0.0,0.249957979082264
39628417150226435,0.0,0.48,0.52,0.0,0.4994227679976009
39628433268934055,0.0,0.68,0.32,0.0,0.45219072886224687
39628454592777854,0.0,0.26,0.74,0.0,0.4133731862463089
39628454592777992,0.0,0.17,0.83,0.0,0.32885238937210975
39628427904420426,0.0,0.31,0.69,0.0,0.4465867291889284
39628427904420540,0.0,0.33,0.67,0.0,0.4574631863898637
39628454559225669,0.0,0.02,0.98,0.0,0.07072027127091034
39628427921196894,0.0,1.0,0.0,0.0,-0.0
39628417141835617,0.0,0.28,0.72,0.0,0.4277254052800653
39628427908617109,0.0,0.14,0.86,0.0,0.292119405821428
39628422531517741,0.0,0.55,0.45,0.0,0.49638722699390414
39628438595702279,0.0,0.64,0.36,0.0,0.4713415946277461
39628427921196913,0.0,0.08,0.92,0.0,0.2010895951011364
39628443935050058,0.0,0.98,0.02,0.0,0.07072027127091034
39628454588583267,0.0,0.12,0.88,0.0,0.2646804326436822
39628465170810134,0.0,0.79,0.21,0.0,0.37074136996563684
39628454588583328,0.0,0.0,1.0,0.0,-0.0
39628465170810149,0.0,0.0,0.59,0.41,0.488250234378912
39628433268934073,0.0,0.17,0.83,0.0,0.32885238937210975
39628465170810176,0.0,0.07,0.93,0.0,0.18296182545011158
39628422535709944,0.0,0.18,0.82,0.0,0.34003852286413994
39628422535709705,0.0,0.23,0.77,0.0,0.38900565177326885
39628422535709504,0.0,0.63,0.37,0.0,0.47533604634353294
39628417141835332,0.0,0.0,0.48,0.52,0.4994227679976009
39628459885986427,0.0,0.88,0.12,0.0,0.2646804326436822
39628443935051734,0.0,0.11,0.89,0.0,0.249957979082264
39628465170809972,0.0,0.04,0.96,0.0,0.12114609454120741
39628459881797148,0.0,0.05,0.95,0.0,0.14319847855797813
39628427900227556,0.0,0.06,0.94,0.0,0.16372245957723813
39628427917004660,0.0,0.99,0.01,0.0,0.04039656794795559
39628443968604205,0.0,0.06,0.94,0.0,0.16372245957723813
39628433264742627,0.01,0.92,0.07,0.0,0.22283217282912027
39628443968602852,0.0,0.1,0.9,0.0,0.2344977967946406
39628433264742507,0.0,0.3,0.7,0.0,0.44064544961534635
39628422535710127,0.0,0.97,0.03,0.0,0.0971959289157881
39628433264740217,0.0,0.62,0.38,0.0,0.47902101111314976
39628470422080790,0.0,0.77,0.23,0.0,0.38900565177326885
39628459865018373,0.0,0.11,0.89,0.0,0.249957979082264
39628433252157210,0.0,0.75,0.25,0.0,0.4056390622295664
39628465175008282,0.0,0.22,0.78,0.0,0.38008375148098283
39628465175008627,0.0,1.0,0.0,0.0,-0.0
39628459865015063,0.0,0.01,0.97,0.02,0.11097036642660543
39628433247965174,0.0,0.07,0.93,0.0,0.18296182545011158
39628459869212131,0.0,0.0,0.99,0.01,0.04039656794795559
39628422531519106,0.0,0.04,0.96,0.0,0.12114609454120741
39628433247964781,0.0,0.63,0.37,0.0,0.47533604634353294
39628427887643972,0.0,0.57,0.43,0.0,0.4929075185894599
39628443926662396,0.0,0.04,0.91,0.05,0.2628333312247715
39628465175007773,0.0,0.78,0.22,0.0,0.38008375148098283
39628459890183462,0.0,0.43,0.57,0.0,0.4929075185894599
39628465175003452,0.0,0.4,0.6,0.0,0.4854752972273343
39628438608285022,0.0,0.49,0.51,0.0,0.49985572087640495
39628417167001356,0.0,0.31,0.69,0.0,0.4465867291889284
39628449266012936,0.0,0.05,0.95,0.0,0.14319847855797813
39628433256351469,0.0,0.07,0.93,0.0,0.18296182545011158
39628433256351233,0.0,0.63,0.37,0.0,0.47533604634353294
39628465175005725,0.0,0.55,0.45,0.0,0.49638722699390414
39628433256352615,0.0,0.99,0.01,0.0,0.04039656794795559
39628449266012833,0.0,0.85,0.15,0.0,0.3049201523582002
39628449266012778,0.0,0.63,0.37,0.0,0.47533604634353294
39628422531515328,0.0,0.31,0.69,0.0,0.4465867291889284
39628438637644700,0.0,0.85,0.15,0.0,0.3049201523582002
39628459894378118,0.0,0.96,0.04,0.0,0.12114609454120741
39628433281515978,0.0,0.01,0.99,0.0,0.04039656794795559
39628433252158970,0.0,0.6,0.4,0.0,0.4854752972273343
39628433281516079,0.0,0.0,1.0,0.0,-0.0
39628422531515294,0.0,0.1,0.9,0.0,0.2344977967946406
39628459894378601,0.0,0.14,0.86,0.0,0.292119405821428
39628422539906443,0.0,0.79,0.21,0.0,0.37074136996563684
39628443926663001,0.0,0.95,0.05,0.0,0.14319847855797813
39628443926663106,0.0,0.96,0.04,0.0,0.12114609454120741
39628438599895099,0.0,0.97,0.03,0.0,0.0971959289157881
39628433285712518,0.0,0.25,0.75,0.0,0.4056390622295664
39628443926663311,0.0,0.09,0.91,0.0,0.21823490853205144
39628443926663354,0.0,0.01,0.99,0.0,0.04039656794795559
39628417150225063,0.0,0.0,0.83,0.17,0.32885238937210975
39628422527322917,0.0,0.94,0.06,0.0,0.16372245957723813
39628443926662979,0.0,0.2,0.78,0.02,0.42842842004234927
39628427891836179,0.0,0.51,0.49,0.0,0.49985572087640495
39628427891837485,0.0,0.0,0.99,0.01,0.04039656794795559
39628449253427427,0.0,0.05,0.95,0.0,0.14319847855797813
39628417150225511,0.0,0.26,0.74,0.0,0.4133731862463089
39628449253425983,0.0,0.37,0.63,0.0,0.47533604634353294
39628459865018147,0.0,0.96,0.04,0.0,0.12114609454120741
39628449253425892,0.0,0.57,0.43,0.0,0.4929075185894599
39628443926662933,0.0,0.02,0.97,0.01,0.11097036642660543
39628438599895130,0.0,0.86,0.14,0.0,0.292119405821428
39628433268934207,0.0,0.19,0.81,0.0,0.3507357299419487
39628459890180827,0.0,0.82,0.18,0.0,0.34003852286413994
39628417150224780,0.0,0.01,0.99,0.0,0.04039656794795559
39628459890180900,0.0,0.16,0.84,0.0,0.3171547773202831
39628449266009133,0.0,0.92,0.08,0.0,0.2010895951011364
39628443951830551,0.0,0.67,0.33,0.0,0.4574631863898637
39628459894378209,0.0,0.06,0.93,0.01,0.20367037270049304
39628459894378052,0.0,0.99,0.01,0.0,0.04039656794795559
39628465170810535,0.0,0.45,0.55,0.0,0.49638722699390414
39628449266011263,0.0,0.64,0.36,0.0,0.4713415946277461
39628449266009040,0.0,0.98,0.02,0.0,0.07072027127091034
39628443943441771,0.0,0.04,0.96,0.0,0.12114609454120741
39628422531518231,0.0,0.44,0.56,0.0,0.4947937606110278
39628422531518606,0.0,0.68,0.32,0.0,0.45219072886224687
39628422523131186,0.0,0.5,0.5,0.0,0.5
39628427917004600,0.0,0.99,0.01,0.0,0.04039656794795559
39628449266008718,0.0,0.07,0.93,0.0,0.18296182545011158
39628427917004414,0.0,0.1,0.9,0.0,0.2344977967946406
39628459890183219,0.0,0.21,0.79,0.0,0.37074136996563684
39628427917004293,0.0,0.74,0.26,0.0,0.4133731862463089
39628427917004171,0.0,0.01,0.99,0.0,0.04039656794795559
39628427917004152,0.0,0.0,0.96,0.04,0.12114609454120741
39628433277324489,0.0,0.12,0.88,0.0,0.2646804326436822
39628443939244366,0.0,0.48,0.52,0.0,0.4994227679976009
39628433268933470,0.0,0.8,0.2,0.0,0.36096404744368116
39628438591508554,0.0,0.09,0.91,0.0,0.21823490853205144
39628449261814155,0.0,0.88,0.12,0.0,0.2646804326436822
39628417141836204,0.0,0.22,0.78,0.0,0.38008375148098283
39628459881796525,0.0,0.01,0.98,0.01,0.08072027127091033
39628449261814309,0.0,1.0,0.0,0.0,-0.0
39628422544097697,0.0,0.72,0.28,0.0,0.4277254052800653
39628449261817465,0.0,0.79,0.21,0.0,0.37074136996563684
39628449286979707,0.0,0.72,0.28,0.0,0.4277254052800653
39628422539907086,0.0,0.14,0.86,0.0,0.292119405821428
39628465175007179,0.0,0.19,0.81,0.0,0.3507357299419487
39628454592778127,0.0,0.11,0.89,0.0,0.249957979082264
39628433247965698,0.02,0.96,0.02,0.0,0.14114609454120738
39628459865015108,0.0,0.01,0.9,0.09,0.2579475764741046
39628465145645790,0.0,0.82,0.18,0.0,0.34003852286413994
39628459865015160,0.0,0.08,0.92,0.0,0.2010895951011364
39628459860823681,0.0,0.02,0.98,0.0,0.07072027127091034
39628454588581760,0.0,0.69,0.31,0.0,0.4465867291889284
39628465158228368,0.0,0.46,0.54,0.0,0.49768921941011285
39628459865015220,0.0,0.0,0.92,0.08,0.2010895951011364
39628459865015121,0.0,0.77,0.23,0.0,0.38900565177326885
39628449257621138,0.0,0.24,0.76,0.0,0.39752013969226113
39628470434663472,0.0,0.11,0.89,0.0,0.249957979082264
39628443943436427,0.0,0.59,0.41,0.0,0.488250234378912
39628449253425630,0.0,0.0,0.91,0.09,0.21823490853205144
39628433277323727,0.0,0.37,0.63,0.0,0.47533604634353294
39628470438855251,0.0,0.99,0.01,0.0,0.04039656794795559
39628433277323673,0.0,0.72,0.28,0.0,0.4277254052800653
39628433277323584,0.0,0.29,0.71,0.0,0.43436062316970225
39628470430467678,0.0,0.9,0.1,0.0,0.2344977967946406
39628465162421365,0.0,0.15,0.85,0.0,0.3049201523582002
39628433247964229,0.0,0.46,0.54,0.0,0.49768921941011285
39628422544097922,0.0,0.2,0.8,0.0,0.36096404744368116
39628465162423515,0.0,0.53,0.47,0.0,0.4987007942838698
39628459885986852,0.0,0.85,0.15,0.0,0.3049201523582002
39628465162423461,0.0,0.2,0.8,0.0,0.36096404744368116
39628459885987042,0.0,0.33,0.67,0.0,0.4574631863898637
39628449278593108,0.0,0.22,0.78,0.0,0.38008375148098283
39628470430468150,0.0,0.09,0.91,0.0,0.21823490853205144
39628470430468061,0.0,0.43,0.57,0.0,0.4929075185894599
39628470430467901,0.0,0.95,0.05,0.0,0.14319847855797813
39628465175004782,0.0,0.5,0.5,0.0,0.5
39628465158228532,0.0,0.51,0.49,0.0,0.49985572087640495
39628465166615581,0.0,0.0,1.0,0.0,-0.0
39628459885987179,0.0,0.92,0.08,0.0,0.2010895951011364
39628422523126570,0.0,0.59,0.41,0.0,0.488250234378912
39628438637644844,0.0,0.66,0.34,0.0,0.46240935248651505
39628438612477531,0.0,0.37,0.63,0.0,0.47533604634353294
39628465162423359,0.0,0.3,0.7,0.0,0.44064544961534635
39628454592778590,0.0,0.01,0.99,0.0,0.04039656794795559
39628465162423267,0.0,0.07,0.93,0.0,0.18296182545011158
39628443939244212,0.0,0.25,0.75,0.0,0.4056390622295664
39628422523126316,0.0,0.73,0.27,0.0,0.42073231810408784
39628449257623836,0.0,0.14,0.86,0.0,0.292119405821428
39628422523126393,0.0,0.24,0.76,0.0,0.39752013969226113
39628465170810398,0.0,1.0,0.0,0.0,-0.0
39628422523126221,0.0,0.72,0.28,0.0,0.4277254052800653
39628422523126346,0.0,0.73,0.27,0.0,0.42073231810408784
39628443951830985,0.0,1.0,0.0,0.0,-0.0
39628449257623410,0.0,0.77,0.23,0.0,0.38900565177326885
39628449266008690,0.0,0.0,0.96,0.04,0.12114609454120741
39628449249233743,0.0,0.87,0.13,0.0,0.2787190925139945
39628449286982994,0.01,0.71,0.28,0.0,0.46573817837513565
39628417146029203,0.0,0.05,0.95,0.0,0.14319847855797813
39628417146029302,0.0,0.17,0.83,0.0,0.32885238937210975
39628427891839934,0.0,0.6,0.4,0.0,0.4854752972273343
39628427891839734,0.0,0.93,0.07,0.0,0.18296182545011158
39628417146029921,0.0,0.47,0.53,0.0,0.4987007942838698
39628417166999628,0.0,0.03,0.97,0.0,0.0971959289157881
39628449286982972,0.0,0.88,0.12,0.0,0.2646804326436822
39628417167001022,0.0,0.09,0.91,0.0,0.21823490853205144
39628449286982856,0.0,0.13,0.87,0.0,0.2787190925139945
39628417167001083,0.0,0.24,0.76,0.0,0.39752013969226113
39628459877598296,0.0,0.02,0.98,0.0,0.07072027127091034
39628459860822715,0.0,0.91,0.09,0.0,0.21823490853205144
39628427887641641,0.0,0.57,0.43,0.0,0.4929075185894599
39628427887641656,0.0,0.58,0.42,0.0,0.49072694751682683
39628427891837887,0.0,0.64,0.36,0.0,0.4713415946277461
39628427887642217,0.0,0.11,0.89,0.0,0.249957979082264
39628417162810749,0.0,0.83,0.17,0.0,0.32885238937210975
39628417137644504,0.0,0.08,0.92,0.0,0.2010895951011364
39628427904421792,0.0,0.5,0.5,0.0,0.5
39628443956020296,0.0,0.98,0.02,0.0,0.07072027127091034
39628422527323693,0.0,0.85,0.15,0.0,0.3049201523582002
39628417150226041,0.0,0.13,0.87,0.0,0.2787190925139945
39628449261817848,0.0,0.91,0.09,0.0,0.21823490853205144
39628443926663791,0.0,0.26,0.74,0.0,0.4133731862463089
39628427904422049,0.0,0.12,0.88,0.0,0.2646804326436822
39628443968603155,0.0,0.73,0.27,0.0,0.42073231810408784
39628459877598557,0.0,0.73,0.27,0.0,0.42073231810408784
39628459860824438,0.0,0.0,0.84,0.16,0.3171547773202831
39628459860822848,0.0,0.75,0.25,0.0,0.4056390622295664
39628449266010297,0.0,0.73,0.27,0.0,0.42073231810408784
39628454571806073,0.0,0.12,0.88,0.0,0.2646804326436822
39628454588582767,0.0,0.62,0.38,0.0,0.47902101111314976
39628417141835869,0.0,0.87,0.13,0.0,0.2787190925139945
39628417141835801,0.0,0.39,0.61,0.0,0.4823997742525436
39628422523130013,0.0,0.26,0.74,0.0,0.4133731862463089
39628417141835702,0.0,0.0,1.0,0.0,-0.0
39628433273128870,0.0,0.1,0.9,0.0,0.2344977967946406
39628454559224715,0.0,0.1,0.9,0.0,0.2344977967946406
39628465162422492,0.0,0.6,0.4,0.0,0.4854752972273343
39628438595699150,0.0,0.79,0.21,0.0,0.37074136996563684
39628454588582841,0.0,0.0,0.99,0.01,0.04039656794795559
39628443943436640,0.0,0.54,0.46,0.0,0.49768921941011285
39628454588582938,0.0,0.88,0.12,0.0,0.2646804326436822
39628449278594983,0.0,0.79,0.21,0.0,0.37074136996563684
39628438620870111,0.0,0.38,0.62,0.0,0.47902101111314976
39628454571804737,0.0,0.11,0.89,0.0,0.249957979082264
39628443943441913,0.0,0.03,0.97,0.0,0.0971959289157881
39628422518934799,0.0,0.77,0.23,0.0,0.38900565177326885
39628459865019066,0.0,0.07,0.93,0.0,0.18296182545011158
39628438620864840,0.0,1.0,0.0,0.0,-0.0
39628443943436613,0.0,0.83,0.17,0.0,0.32885238937210975
39628438616676467,0.0,0.89,0.11,0.0,0.249957979082264
39628438620864577,0.0,0.45,0.55,0.0,0.49638722699390414
39628459865018763,0.0,0.53,0.47,0.0,0.4987007942838698
39628443926662646,0.0,0.03,0.91,0.06,0.2595582210645035
39628427904421267,0.0,0.18,0.82,0.0,0.34003852286413994
39628465162421557,0.0,0.68,0.32,0.0,0.45219072886224687
39628433243770098,0.0,1.0,0.0,0.0,-0.0
39628475690126467,0.0,0.04,0.92,0.04,0.24108959510113642
39628427896029319,0.0,0.95,0.05,0.0,0.14319847855797813
39628443968603775,0.0,0.29,0.71,0.0,0.43436062316970225
39628433247965281,0.0,0.14,0.86,0.0,0.292119405821428
39628427891840180,0.0,0.03,0.97,0.0,0.0971959289157881
39628422544098259,0.0,0.08,0.92,0.0,0.2010895951011364
39628465162421660,0.0,0.01,0.99,0.0,0.04039656794795559
39628438591507111,0.0,0.64,0.36,0.0,0.4713415946277461
39628465158229327,0.0,0.17,0.83,0.0,0.32885238937210975
39628465158226234,0.0,0.23,0.77,0.0,0.38900565177326885
39628465162421928,0.0,0.13,0.87,0.0,0.2787190925139945
39628454580192769,0.0,0.14,0.86,0.0,0.292119405821428
39628454559222797,0.0,0.06,0.92,0.02,0.2335407200795017
39628443956024016,0.0,0.1,0.9,0.0,0.2344977967946406
39628417146028823,0.0,0.04,0.96,0.0,0.12114609454120741
39628449286983321,0.0,0.32,0.68,0.0,0.45219072886224687
39628459873406407,0.0,0.94,0.06,0.0,0.16372245957723813
39628454601165863,0.0,1.0,0.0,0.0,-0.0
39628454601163963,0.0,0.05,0.94,0.01,0.1832231322266888
39628449278594625,0.0,0.65,0.35,0.0,0.4670340276877455
39628449278594883,0.0,0.03,0.97,0.0,0.0971959289157881
39628454601166276,0.01,0.96,0.03,0.0,0.13737165703039006
39628454601166131,0.0,0.27,0.73,0.0,0.42073231810408784
39628417141834000,0.0,0.2,0.8,0.0,0.36096404744368116
39628454567609954,0.0,0.03,0.97,0.0,0.0971959289157881
39628454567609928,0.0,0.79,0.21,0.0,0.37074136996563684
39628443935048642,0.0,0.03,0.97,0.0,0.0971959289157881
39628422544098682,0.0,0.62,0.38,0.0,0.47902101111314976
39628427896030514,0.0,0.16,0.84,0.0,0.3171547773202831
39628438604090492,0.0,0.02,0.98,0.0,0.07072027127091034
39628465166618766,0.0,0.0,1.0,0.0,-0.0
39628422539904961,0.0,0.03,0.97,0.0,0.0971959289157881
39628449291175919,0.0,0.65,0.35,0.0,0.4670340276877455
39628433264740927,0.0,0.68,0.32,0.0,0.45219072886224687
39628427891839678,0.0,0.08,0.92,0.0,0.2010895951011364
39628465175008572,0.0,0.95,0.05,0.0,0.14319847855797813
39628459873405337,0.0,0.08,0.92,0.0,0.2010895951011364
39628459869209954,0.0,0.0,1.0,0.0,-0.0
39628433285713813,0.0,0.7,0.3,0.0,0.44064544961534635
39628443926662265,0.0,0.39,0.61,0.0,0.4823997742525436
39628417167001134,0.0,0.34,0.66,0.0,0.46240935248651505
39628438604090521,0.0,0.6,0.4,0.0,0.4854752972273343
39628433285713795,0.0,0.9,0.1,0.0,0.2344977967946406
39628459869212208,0.0,0.09,0.91,0.0,0.21823490853205144
39628417154419699,0.0,0.12,0.88,0.0,0.2646804326436822
39628417154419629,0.01,0.99,0.0,0.0,0.04039656794795559
39628465154036561,0.0,1.0,0.0,0.0,-0.0
39628470438859706,0.0,0.61,0.39,0.0,0.4823997742525436
39628470438859037,0.0,0.42,0.58,0.0,0.49072694751682683
39628449266013273,0.0,0.93,0.07,0.0,0.18296182545011158
39628417154419486,0.0,0.79,0.21,0.0,0.37074136996563684
39628433252155848,0.0,0.0,0.88,0.12,0.2646804326436822
39628433247965362,0.0,0.1,0.9,0.0,0.2344977967946406
39628459869212245,0.0,0.62,0.38,0.0,0.47902101111314976
39628427908614170,0.0,0.97,0.03,0.0,0.0971959289157881
39628427908614187,0.0,0.27,0.73,0.0,0.42073231810408784
39628449249234631,0.0,0.0,0.95,0.05,0.14319847855797813
39628459894378298,0.0,0.86,0.14,0.0,0.292119405821428
39628459865017308,0.0,0.27,0.73,0.0,0.42073231810408784
39628438608281924,0.0,0.32,0.68,0.0,0.45219072886224687
39628438608282325,0.0,0.42,0.58,0.0,0.49072694751682683
39628438620867515,0.0,0.91,0.09,0.0,0.21823490853205144
39628443935051179,0.0,0.03,0.97,0.0,0.0971959289157881
39628449291175991,0.0,0.03,0.97,0.0,0.0971959289157881
39628449291176003,0.0,0.09,0.91,0.0,0.21823490853205144
39628427921197451,0.0,0.61,0.39,0.0,0.4823997742525436
39628449270202832,0.0,0.21,0.79,0.0,0.37074136996563684
39628449266011670,0.0,0.57,0.43,0.0,0.4929075185894599
39628427921197341,0.0,0.95,0.05,0.0,0.14319847855797813
39628449261814137,0.0,0.31,0.69,0.0,0.4465867291889284
39628449257620612,0.0,0.09,0.91,0.0,0.21823490853205144
39628449257620673,0.0,0.65,0.35,0.0,0.4670340276877455
39628433260547526,0.0,0.81,0.19,0.0,0.3507357299419487
39628417162808942,0.0,0.6,0.4,0.0,0.4854752972273343
39628459860825326,0.0,0.74,0.26,0.0,0.4133731862463089
39628422544101477,0.0,0.98,0.02,0.0,0.07072027127091034
39628411752155355,0.0,0.94,0.06,0.0,0.16372245957723813
39628422544101408,0.0,0.82,0.18,0.0,0.34003852286413994
39628433256352284,0.0,0.55,0.45,0.0,0.49638722699390414
39628438595699845,0.0,0.89,0.11,0.0,0.249957979082264
39628454580193265,0.0,0.38,0.62,0.0,0.47902101111314976
39628454563416265,0.0,0.06,0.94,0.0,0.16372245957723813
39628454580193407,0.0,0.97,0.03,0.0,0.0971959289157881
39628417167000776,0.0,0.93,0.07,0.0,0.18296182545011158
39628438595699573,0.0,0.06,0.94,0.0,0.16372245957723813
39628449257620490,0.0,0.1,0.9,0.0,0.2344977967946406
39628449282788371,0.0,0.48,0.52,0.0,0.4994227679976009
39628417162808127,0.0,0.23,0.77,0.0,0.38900565177326885
39628465158229792,0.0,0.14,0.86,0.0,0.292119405821428
39628459890184746,0.0,0.28,0.72,0.0,0.4277254052800653
39628422548293645,0.0,0.05,0.95,0.0,0.14319847855797813
39628449286983362,0.0,0.51,0.49,0.0,0.49985572087640495
39628449249234169,0.0,0.32,0.68,0.0,0.45219072886224687
39628427917002819,0.0,0.03,0.96,0.01,0.13737165703039006
39628433289907285,0.0,0.06,0.94,0.0,0.16372245957723813
39628433289906156,0.0,0.95,0.05,0.0,0.14319847855797813
39628454584385733,0.0,0.82,0.18,0.0,0.34003852286413994
39628454584385723,0.0,0.47,0.53,0.0,0.4987007942838698
39628438612479613,0.0,0.64,0.36,0.0,0.4713415946277461
39628433289907255,0.0,0.07,0.93,0.0,0.18296182545011158
39628449282788292,0.0,0.01,0.96,0.03,0.13737165703039006
39628433252159414,0.0,0.99,0.01,0.0,0.04039656794795559
39628465175006966,0.0,0.38,0.62,0.0,0.47902101111314976
39628422523129061,0.0,0.06,0.94,0.0,0.16372245957723813
39628459869212953,0.0,0.99,0.01,0.0,0.04039656794795559
39628422523128771,0.0,0.0,1.0,0.0,-0.0
39628417141835811,0.0,0.29,0.71,0.0,0.43436062316970225
39628422548296422,0.0,0.83,0.17,0.0,0.32885238937210975
39628454559224794,0.0,0.11,0.89,0.0,0.249957979082264
39628427904418858,0.0,0.88,0.12,0.0,0.2646804326436822
39628427917002737,0.0,0.62,0.38,0.0,0.47902101111314976
39628433268937240,0.0,0.03,0.97,0.0,0.0971959289157881
39628443935050661,0.0,0.7,0.3,0.0,0.44064544961534635
39628465170814307,0.0,0.48,0.52,0.0,0.4994227679976009
39628422544101402,0.0,0.24,0.76,0.0,0.39752013969226113
39628433247966041,0.0,0.05,0.95,0.0,0.14319847855797813
39628433281516981,0.0,0.01,0.99,0.0,0.04039656794795559
39628433268934321,0.0,0.36,0.64,0.0,0.4713415946277461
39628449253428410,0.0,1.0,0.0,0.0,-0.0
39628465154035469,0.0,0.48,0.52,0.0,0.4994227679976009
39628427896030930,0.0,0.65,0.35,0.0,0.4670340276877455
39628422539906650,0.0,0.95,0.05,0.0,0.14319847855797813
39628433268933758,0.0,0.44,0.56,0.0,0.4947937606110278
39628443935048265,0.0,0.07,0.93,0.0,0.18296182545011158
39628465154035210,0.0,0.04,0.96,0.0,0.12114609454120741
39628438599896195,0.0,0.11,0.89,0.0,0.249957979082264
39628422552485966,0.0,0.13,0.87,0.0,0.2787190925139945
39628438604090562,0.0,0.02,0.97,0.01,0.11097036642660543
39628438604090352,0.0,0.91,0.09,0.0,0.21823490853205144
39628438637642109,0.0,0.55,0.45,0.0,0.49638722699390414
39628438637642243,0.0,0.64,0.36,0.0,0.4713415946277461
39628422544101243,0.0,0.72,0.28,0.0,0.4277254052800653
39628433281517848,0.0,0.08,0.92,0.0,0.2010895951011364
39628438637642068,0.0,0.14,0.86,0.0,0.292119405821428
39628454571802947,0.0,0.88,0.12,0.0,0.2646804326436822
39628449282788349,0.0,0.25,0.75,0.0,0.4056390622295664
39628422527323072,0.0,0.96,0.04,0.0,0.12114609454120741
39628449278593151,0.0,0.47,0.53,0.0,0.4987007942838698
39628459865014565,0.0,0.99,0.01,0.0,0.04039656794795559
39628449291177426,0.0,0.01,0.99,0.0,0.04039656794795559
39628465149838044,0.0,0.0,0.95,0.05,0.14319847855797813
39628465175003227,0.0,0.93,0.07,0.0,0.18296182545011158
39628449291177578,0.0,0.1,0.9,0.0,0.2344977967946406
39628454559225110,0.0,0.15,0.85,0.0,0.3049201523582002
39628443935047944,0.0,0.09,0.91,0.0,0.21823490853205144
39628422518936997,0.0,0.55,0.45,0.0,0.49638722699390414
39628449286983447,0.0,0.58,0.42,0.0,0.49072694751682683
39628449286983246,0.0,0.97,0.03,0.0,0.0971959289157881
39628454596972279,0.0,0.0,0.94,0.06,0.16372245957723813
39628449278593672,0.0,0.97,0.03,0.0,0.0971959289157881
39628411752156170,0.0,0.0,1.0,0.0,-0.0
39628459877599856,0.0,0.13,0.87,0.0,0.2787190925139945
39628459877599825,0.0,0.8,0.2,0.0,0.36096404744368116
39628459877599884,0.0,0.23,0.77,0.0,0.38900565177326885
39628422523128682,0.0,0.97,0.03,0.0,0.0971959289157881
39628411752155845,0.0,0.47,0.53,0.0,0.4987007942838698
39628433268933778,0.0,0.06,0.94,0.0,0.16372245957723813
39628427925391310,0.0,0.65,0.35,0.0,0.4670340276877455
39628422544099278,0.0,0.98,0.02,0.0,0.07072027127091034
39628427925391658,0.0,0.08,0.92,0.0,0.2010895951011364
39628433268933878,0.0,0.07,0.93,0.0,0.18296182545011158
39628459856631459,0.0,0.73,0.27,0.0,0.42073231810408784
39628465166620463,0.0,0.75,0.25,0.0,0.4056390622295664
39628459877600066,0.0,1.0,0.0,0.0,-0.0
39628443939243106,0.0,0.41,0.59,0.0,0.488250234378912
39628443943436988,0.0,0.16,0.84,0.0,0.3171547773202831
39628443943437056,0.0,0.95,0.05,0.0,0.14319847855797813
39628422518934557,0.0,0.93,0.07,0.0,0.18296182545011158
39628443972797892,0.0,0.6,0.4,0.0,0.4854752972273343
39628417158611535,0.0,0.03,0.97,0.0,0.0971959289157881
39628422544098043,0.0,0.2,0.8,0.0,0.36096404744368116
39628422548293738,0.0,0.37,0.63,0.0,0.47533604634353294
39628417137642588,0.01,0.85,0.14,0.0,0.33142210248480686
39628417137642108,0.0,0.24,0.76,0.0,0.39752013969226113
39628459865014685,0.0,0.86,0.14,0.0,0.292119405821428
39628443964410772,0.0,0.17,0.83,0.0,0.32885238937210975
39628438595702432,0.0,0.01,0.99,0.0,0.04039656794795559
39628433264738699,0.0,0.01,0.99,0.0,0.04039656794795559
39628454575997231,0.0,0.58,0.42,0.0,0.49072694751682683
39628438637644752,0.0,0.94,0.06,0.0,0.16372245957723813
39628449261817744,0.0,0.84,0.16,0.0,0.3171547773202831
39628443964410890,0.0,0.1,0.9,0.0,0.2344977967946406
39628449261817228,0.0,0.69,0.31,0.0,0.4465867291889284
39628438641836421,0.0,0.98,0.02,0.0,0.07072027127091034
39628433264738546,0.0,0.39,0.61,0.0,0.4823997742525436
39628449286979662,0.0,0.84,0.16,0.0,0.3171547773202831
39628411747962912,0.0,0.16,0.84,0.0,0.3171547773202831
39628411747962936,0.0,0.72,0.28,0.0,0.4277254052800653
39628422523128392,0.0,0.4,0.6,0.0,0.4854752972273343
39628438637642219,0.0,0.23,0.77,0.0,0.38900565177326885
39628470426273394,0.01,0.98,0.01,0.0,0.08072027127091033
39628470426273255,0.0,0.86,0.14,0.0,0.292119405821428
39628438633448375,0.0,0.23,0.77,0.0,0.38900565177326885
39628443956023927,0.0,0.54,0.46,0.0,0.49768921941011285
39628449261815618,0.0,0.89,0.11,0.0,0.249957979082264
39628449270204613,0.0,0.19,0.81,0.0,0.3507357299419487
39628475694318326,0.0,0.46,0.54,0.0,0.49768921941011285
39628459873405110,0.0,0.6,0.4,0.0,0.4854752972273343
39628454567608419,0.0,0.14,0.86,0.0,0.292119405821428
39628449261814616,0.0,0.18,0.82,0.0,0.34003852286413994
39628459860821061,0.0,0.86,0.14,0.0,0.292119405821428
39628433264739107,0.0,0.0,0.96,0.04,0.12114609454120741
39628438604090310,0.0,0.23,0.77,0.0,0.38900565177326885
39628449286981629,0.0,0.59,0.41,0.0,0.488250234378912
39628427917002871,0.0,0.0,1.0,0.0,-0.0
39628417167002515,0.0,0.75,0.25,0.0,0.4056390622295664
39628427887643197,0.0,0.79,0.21,0.0,0.37074136996563684
39628422544100804,0.0,0.2,0.8,0.0,0.36096404744368116
39628454588580912,0.0,0.0,0.99,0.01,0.04039656794795559
39628417150222628,0.0,0.68,0.32,0.0,0.45219072886224687
39628449286981987,0.0,0.49,0.51,0.0,0.49985572087640495
39628438608285012,0.0,0.01,0.99,0.0,0.04039656794795559
39628422527323510,0.0,0.73,0.27,0.0,0.42073231810408784
39628454584389656,0.0,0.94,0.06,0.0,0.16372245957723813
39628417146029401,0.0,0.02,0.97,0.01,0.11097036642660543
39628417158613522,0.0,0.06,0.93,0.01,0.20367037270049304
39628417167003041,0.0,0.02,0.98,0.0,0.07072027127091034
39628438625062074,0.0,0.26,0.74,0.0,0.4133731862463089
39628438608283254,0.0,0.15,0.85,0.0,0.3049201523582002
39628417150222392,0.0,0.32,0.68,0.0,0.45219072886224687
39628427904419549,0.0,0.01,0.92,0.07,0.22283217282912027
39628438629255024,0.0,0.69,0.31,0.0,0.4465867291889284
39628427917002923,0.0,0.53,0.47,0.0,0.4987007942838698
39628449257620394,0.0,0.15,0.85,0.0,0.3049201523582002
39628422544100633,0.0,0.54,0.46,0.0,0.49768921941011285
39628443943440403,0.0,0.85,0.15,0.0,0.3049201523582002
39628411752157648,0.0,0.98,0.02,0.0,0.07072027127091034
39628454588579928,0.0,0.08,0.88,0.04,0.3197781826869516
39628443943439193,0.0,0.0,0.99,0.01,0.04039656794795559
39628433268932942,0.0,0.57,0.43,0.0,0.4929075185894599
39628433264739172,0.0,0.71,0.29,0.0,0.43436062316970225
39628433264742873,0.0,0.62,0.38,0.0,0.47902101111314976
39628427917002102,0.0,0.86,0.14,0.0,0.292119405821428
39628417146028095,0.0,0.55,0.45,0.0,0.49638722699390414
39628470417888185,0.0,0.59,0.41,0.0,0.488250234378912
39628454584387397,0.0,0.93,0.07,0.0,0.18296182545011158
39628438625062041,0.0,0.9,0.1,0.0,0.2344977967946406
39628427917003240,0.0,0.34,0.66,0.0,0.46240935248651505
39628438604088596,0.0,0.33,0.67,0.0,0.4574631863898637
39628443943439339,0.0,0.46,0.54,0.0,0.49768921941011285
39628427917002389,0.0,0.04,0.96,0.0,0.12114609454120741
39628427908614877,0.0,0.53,0.47,0.0,0.4987007942838698
39628443935047906,0.0,0.11,0.89,0.0,0.249957979082264
39628438599893276,0.0,0.18,0.82,0.0,0.34003852286413994
39628433285713888,0.0,0.92,0.08,0.0,0.2010895951011364
39628438599893284,0.0,0.95,0.05,0.0,0.14319847855797813
39628438625063367,0.0,0.2,0.8,0.0,0.36096404744368116
39628427917001562,0.0,0.87,0.13,0.0,0.2787190925139945
39628417141834590,0.0,0.76,0.24,0.0,0.39752013969226113
39628459869213337,0.0,0.29,0.71,0.0,0.43436062316970225
39628427900225978,0.0,0.69,0.31,0.0,0.4465867291889284
39628449249233011,0.0,0.25,0.75,0.0,0.4056390622295664
39628438616674881,0.0,0.77,0.23,0.0,0.38900565177326885
39628427912807704,0.0,0.0,1.0,0.0,-0.0
39628438612475949,0.0,0.04,0.96,0.0,0.12114609454120741
39628417158611312,0.0,0.0,1.0,0.0,-0.0
39628465175007895,0.0,1.0,0.0,0.0,-0.0
39628465175003255,0.0,0.91,0.09,0.0,0.21823490853205144
39628422535713821,0.0,0.06,0.94,0.0,0.16372245957723813
39628427917001786,0.0,0.54,0.46,0.0,0.49768921941011285
39628449253426111,0.0,0.92,0.08,0.0,0.2010895951011364
39628438608285438,0.0,0.51,0.49,0.0,0.49985572087640495
39628422539903238,0.0,0.54,0.46,0.0,0.49768921941011285
39628449253425978,0.24,0.76,0.0,0.0,0.39752013969226113
39628449253425921,0.0,0.05,0.95,0.0,0.14319847855797813
39628438620868190,0.0,0.92,0.08,0.0,0.2010895951011364
39628433252157840,0.0,0.56,0.44,0.0,0.4947937606110278
39628427912807813,0.0,0.02,0.97,0.01,0.11097036642660543
39628454575997973,0.01,0.99,0.0,0.0,0.04039656794795559
39628427917002095,0.0,0.97,0.03,0.0,0.0971959289157881
39628422539906292,0.0,0.54,0.46,0.0,0.49768921941011285
39628427900226201,0.0,0.56,0.44,0.0,0.4947937606110278
39628427912807812,0.0,0.81,0.19,0.0,0.3507357299419487
39628422539906224,0.0,0.03,0.97,0.0,0.0971959289157881
39628422535710192,0.0,0.82,0.18,0.0,0.34003852286413994
39628465170813528,0.0,0.89,0.11,0.0,0.249957979082264
39628433252157214,0.0,0.89,0.11,0.0,0.249957979082264
39628459894374723,0.0,0.65,0.35,0.0,0.4670340276877455
39628427908613626,0.0,0.97,0.03,0.0,0.0971959289157881
39628422539905577,0.0,0.05,0.93,0.02,0.21317104534994366
39628459869213858,0.0,0.16,0.84,0.0,0.3171547773202831
39628422539905436,0.0,0.74,0.26,0.0,0.4133731862463089
39628433285713751,0.0,0.03,0.97,0.0,0.0971959289157881
39628433285713757,0.04,0.96,0.0,0.0,0.12114609454120741
39628433252156972,0.0,0.62,0.38,0.0,0.47902101111314976
39628427887642501,0.0,0.86,0.14,0.0,0.292119405821428
39628465170813894,0.0,0.95,0.05,0.0,0.14319847855797813
39628438625063417,0.0,0.01,0.99,0.0,0.04039656794795559
39628427887642699,0.0,0.76,0.24,0.0,0.39752013969226113
39628459890182452,0.0,0.18,0.82,0.0,0.34003852286413994
39628417146029913,0.0,0.04,0.96,0.0,0.12114609454120741
39628459890182151,0.0,0.0,1.0,0.0,-0.0
39628427904422905,0.0,0.56,0.44,0.0,0.4947937606110278
39628438620867585,0.0,0.32,0.68,0.0,0.45219072886224687
39628465162422151,0.0,0.09,0.91,0.0,0.21823490853205144
39628449270203930,0.0,0.19,0.81,0.0,0.3507357299419487
39628443943440622,0.0,0.54,0.46,0.0,0.49768921941011285
39628427904420368,0.0,0.27,0.73,0.0,0.42073231810408784
39628454563415369,0.0,0.29,0.71,0.0,0.43436062316970225
39628438633449763,0.0,0.22,0.78,0.0,0.38008375148098283
39628459881795953,0.0,0.07,0.93,0.0,0.18296182545011158
39628454559225317,0.0,0.94,0.06,0.0,0.16372245957723813
39628433268936650,0.0,0.01,0.96,0.03,0.13737165703039006
39628433268936948,0.0,0.05,0.95,0.0,0.14319847855797813
39628433268936988,0.0,0.02,0.98,0.0,0.07072027127091034
39628427908616083,0.0,0.28,0.72,0.0,0.4277254052800653
39628433268937330,0.0,0.28,0.72,0.0,0.4277254052800653
39628427908615027,0.0,0.03,0.97,0.0,0.0971959289157881
39628459881797092,0.0,0.0,0.99,0.01,0.04039656794795559
39628465175006171,0.0,0.26,0.74,0.0,0.4133731862463089
39628465166614629,0.0,0.0,0.99,0.01,0.04039656794795559
39628427887643622,0.01,0.98,0.01,0.0,0.08072027127091033
39628433273129782,0.0,0.34,0.66,0.0,0.46240935248651505
39628454588584239,0.0,0.01,0.98,0.01,0.08072027127091033
39628438604090500,0.0,0.04,0.9,0.06,0.283045326517374
39628454588584270,0.0,0.08,0.91,0.01,0.24088153359695552
39628417150225573,0.0,0.95,0.05,0.0,0.14319847855797813
39628438595701285,0.0,0.81,0.19,0.0,0.3507357299419487
39628427900224413,0.0,0.45,0.55,0.0,0.49638722699390414
39628465158229753,0.0,0.99,0.01,0.0,0.04039656794795559
39628438604089941,0.0,0.46,0.54,0.0,0.49768921941011285
39628443935051024,0.0,0.61,0.39,0.0,0.4823997742525436
39628438604089808,0.0,0.21,0.79,0.0,0.37074136996563684
39628465149839749,0.0,0.01,0.99,0.0,0.04039656794795559
39628433268932713,0.0,0.47,0.53,0.0,0.4987007942838698
39628438604089409,0.0,0.08,0.92,0.0,0.2010895951011364
39628422552489041,0.0,0.0,0.97,0.03,0.0971959289157881
39628427917003228,0.0,0.78,0.22,0.0,0.38008375148098283
39628433260545786,0.0,0.52,0.48,0.0,0.4994227679976009
39628454563420014,0.0,0.01,0.99,0.0,0.04039656794795559
39628454563419877,0.0,0.62,0.38,0.0,0.47902101111314976
39628433264741056,0.0,0.06,0.94,0.0,0.16372245957723813
39628454601167559,0.0,0.99,0.01,0.0,0.04039656794795559
39628433277325880,0.0,0.63,0.37,0.0,0.47533604634353294
39628454571805518,0.0,0.56,0.44,0.0,0.4947937606110278
39628422527323881,0.0,0.52,0.48,0.0,0.4994227679976009
39628433277325702,0.0,0.45,0.55,0.0,0.49638722699390414
39628459869211604,0.0,0.48,0.52,0.0,0.4994227679976009
39628438591507703,0.0,0.15,0.85,0.0,0.3049201523582002
39628449257623395,0.0,0.82,0.18,0.0,0.34003852286413994
39628454571805051,0.0,0.67,0.33,0.0,0.4574631863898637
39628417146029820,0.0,0.0,0.76,0.24,0.39752013969226113
39628427921195902,0.0,0.28,0.72,0.0,0.4277254052800653
39628417146030199,0.0,0.09,0.91,0.0,0.21823490853205144
39628454571805779,0.0,0.51,0.49,0.0,0.49985572087640495
39628433277325988,0.0,0.92,0.08,0.0,0.2010895951011364
39628427917002749,0.0,0.97,0.03,0.0,0.0971959289157881
39628438620868009,0.0,0.56,0.44,0.0,0.4947937606110278
39628422527323155,0.0,0.01,0.99,0.0,0.04039656794795559
39628459890182150,0.0,0.0,0.81,0.19,0.3507357299419487
39628438595700013,0.0,0.32,0.68,0.0,0.45219072886224687
39628459890181768,0.0,0.11,0.89,0.0,0.249957979082264
39628459877597400,0.0,0.0,1.0,0.0,-0.0
39628465170809019,0.0,0.27,0.73,0.0,0.42073231810408784
39628427908615357,0.0,0.12,0.87,0.01,0.30414992414989617
39628438620868143,0.0,0.66,0.34,0.0,0.46240935248651505
39628465166619184,0.0,0.44,0.56,0.0,0.4947937606110278
39628465166619158,0.0,0.93,0.07,0.0,0.18296182545011158
39628459869214055,0.0,0.66,0.34,0.0,0.46240935248651505
39628449257623585,0.0,0.74,0.26,0.0,0.4133731862463089
39628433277324285,0.0,0.1,0.9,0.0,0.2344977967946406
39628465145645664,0.0,0.73,0.27,0.0,0.42073231810408784
39628465145645770,0.0,0.84,0.16,0.0,0.3171547773202831
39628427921195659,0.0,0.0,1.0,0.0,-0.0
39628427912806955,0.0,0.87,0.13,0.0,0.2787190925139945
39628433256351290,0.0,0.47,0.53,0.0,0.4987007942838698
39628427917003043,0.0,0.88,0.12,0.0,0.2646804326436822
39628433277321984,0.0,1.0,0.0,0.0,-0.0
39628433247962090,0.0,0.35,0.65,0.0,0.4670340276877455
39628438629254827,0.0,0.94,0.06,0.0,0.16372245957723813
39628433277322126,0.0,0.24,0.76,0.0,0.39752013969226113
39628438637643507,0.0,0.05,0.95,0.0,0.14319847855797813
39628427904420222,0.0,0.99,0.01,0.0,0.04039656794795559
39628465145645855,0.0,0.78,0.22,0.0,0.38008375148098283
39628465145645814,0.0,0.16,0.84,0.0,0.3171547773202831
39628433256351012,0.0,0.4,0.6,0.0,0.4854752972273343
39628438612479505,0.0,1.0,0.0,0.0,-0.0
39628459869213306,0.0,0.0,1.0,0.0,-0.0
39628449261815187,0.0,0.88,0.12,0.0,0.2646804326436822
39628459873406901,0.0,0.98,0.02,0.0,0.07072027127091034
39628470422078527,0.0,0.49,0.51,0.0,0.49985572087640495
39628449261815068,0.0,0.0,0.52,0.48,0.4994227679976009
39628438612479517,0.0,0.45,0.55,0.0,0.49638722699390414
39628465175006515,0.0,0.69,0.31,0.0,0.4465867291889284
39628449270204070,0.0,0.02,0.98,0.0,0.07072027127091034
39628438612476024,0.0,0.46,0.54,0.0,0.49768921941011285
39628438616674935,0.0,0.98,0.02,0.0,0.07072027127091034
39628438599893579,0.03,0.97,0.0,0.0,0.0971959289157881
39628427917003223,0.0,0.01,0.99,0.0,0.04039656794795559
39628427908612882,0.0,0.05,0.95,0.0,0.14319847855797813
39628449261816474,0.0,0.13,0.87,0.0,0.2787190925139945
39628427917003150,0.0,0.08,0.92,0.0,0.2010895951011364
39628449270204094,0.0,0.77,0.23,0.0,0.38900565177326885
39628449270204170,0.0,0.08,0.92,0.0,0.2010895951011364
39628449257624252,0.0,0.84,0.16,0.0,0.3171547773202831
39628433268937354,0.0,0.21,0.79,0.0,0.37074136996563684
39628449261815348,0.0,0.9,0.1,0.0,0.2344977967946406
39628438625063320,0.0,0.2,0.8,0.0,0.36096404744368116
39628449286981520,0.0,0.52,0.48,0.0,0.4994227679976009
39628443964410984,0.0,0.51,0.49,0.0,0.49985572087640495
39628465162421714,0.0,0.86,0.14,0.0,0.292119405821428
39628454580191566,0.0,0.19,0.81,0.0,0.3507357299419487
39628449249233174,0.0,0.69,0.31,0.0,0.4465867291889284
39628454563419628,0.0,0.02,0.95,0.03,0.1674722434193448
39628454563419512,0.0,0.64,0.36,0.0,0.4713415946277461
39628427900225526,0.0,0.84,0.16,0.0,0.3171547773202831
39628438599896417,0.0,0.35,0.65,0.0,0.4670340276877455
39628443964409658,0.0,0.61,0.39,0.0,0.4823997742525436
39628443968604400,0.0,0.4,0.6,0.0,0.4854752972273343
39628443943439873,0.0,0.02,0.98,0.0,0.07072027127091034
39628470438856759,0.0,0.01,0.98,0.01,0.08072027127091033
39628470430469751,0.0,0.25,0.75,0.0,0.4056390622295664
39628427887644597,0.0,0.46,0.54,0.0,0.49768921941011285
39628422544099676,0.01,0.98,0.01,0.0,0.08072027127091033
39628449270202542,0.0,0.19,0.81,0.0,0.3507357299419487
39628449261818738,0.0,0.3,0.7,0.0,0.44064544961534635
39628427887643873,0.0,0.3,0.7,0.0,0.44064544961534635
39628427887644617,0.0,0.67,0.33,0.0,0.4574631863898637
39628470438857007,0.0,0.0,1.0,0.0,-0.0
39628422535712593,0.01,0.99,0.0,0.0,0.04039656794795559
39628422527323071,0.0,0.01,0.99,0.0,0.04039656794795559
39628443943440028,0.0,0.08,0.92,0.0,0.2010895951011364
39628459894377645,0.0,0.15,0.85,0.0,0.3049201523582002
39628454575998858,0.0,0.84,0.16,0.0,0.3171547773202831
39628433277324262,0.0,0.33,0.67,0.0,0.4574631863898637
39628427917002953,0.0,0.15,0.85,0.0,0.3049201523582002
39628465170812694,0.0,0.95,0.05,0.0,0.14319847855797813
39628433252157664,0.0,0.0,0.93,0.07,0.18296182545011158
39628427921197311,0.0,0.01,0.99,0.0,0.04039656794795559
39628427921197151,0.0,0.16,0.84,0.0,0.3171547773202831
39628433243771481,0.0,0.38,0.62,0.0,0.47902101111314976
39628449257621966,0.0,0.74,0.26,0.0,0.4133731862463089
39628465170813289,0.0,0.96,0.04,0.0,0.12114609454120741
39628465179199187,0.0,0.22,0.77,0.01,0.4186777986697226
39628454571805316,0.0,0.56,0.44,0.0,0.4947937606110278
39628438599896971,0.0,0.69,0.31,0.0,0.4465867291889284
39628459885991503,0.0,0.68,0.32,0.0,0.45219072886224687
39628433277324838,0.0,0.12,0.88,0.0,0.2646804326436822
39628417154418109,0.0,0.0,0.86,0.14,0.292119405821428
39628433277324545,0.0,0.27,0.73,0.0,0.42073231810408784
39628465166616856,0.0,0.78,0.22,0.0,0.38008375148098283
39628422535711398,0.0,0.08,0.92,0.0,0.2010895951011364
39628465158229988,0.0,1.0,0.0,0.0,-0.0
39628470434664752,0.0,0.17,0.83,0.0,0.32885238937210975
39628443956019674,0.0,1.0,0.0,0.0,-0.0
39628465158230143,0.0,0.2,0.8,0.0,0.36096404744368116
39628465158230314,0.0,0.85,0.15,0.0,0.3049201523582002
39628438604089503,0.0,0.81,0.19,0.0,0.3507357299419487
39628470438855301,0.0,0.87,0.13,0.0,0.2787190925139945
39628470434661496,0.0,0.71,0.29,0.0,0.43436062316970225
39628465158230432,0.0,0.28,0.72,0.0,0.4277254052800653
39628470434660795,0.0,0.05,0.95,0.0,0.14319847855797813
39628470434664866,0.0,0.0,0.98,0.02,0.07072027127091034
39628470434664475,0.0,0.16,0.84,0.0,0.3171547773202831
39628475694318324,0.0,0.88,0.12,0.0,0.2646804326436822
39628433256355059,0.0,0.3,0.7,0.0,0.44064544961534635
39628465149840187,0.0,0.2,0.8,0.0,0.36096404744368116
39628459881795261,0.0,0.53,0.47,0.0,0.4987007942838698
39628433260545362,0.0,0.95,0.05,0.0,0.14319847855797813
39628470438856549,0.0,0.0,0.96,0.04,0.12114609454120741
39628470434664292,0.02,0.92,0.06,0.0,0.23354072007950172
39628438633449436,0.0,0.7,0.3,0.0,0.44064544961534635
39628422552488889,0.0,1.0,0.0,0.0,-0.0
39628422527324600,0.0,0.85,0.15,0.0,0.3049201523582002
39628433277324924,0.0,0.23,0.77,0.0,0.38900565177326885
39628422552485936,0.0,0.01,0.99,0.0,0.04039656794795559
39628465162420782,0.0,1.0,0.0,0.0,-0.0
39628470438854721,0.0,0.85,0.15,0.0,0.3049201523582002
39628411760542459,0.0,0.56,0.44,0.0,0.4947937606110278
39628470434663758,0.0,0.33,0.67,0.0,0.4574631863898637
39628475690124242,0.0,0.55,0.45,0.0,0.49638722699390414
39628449261815219,0.0,0.01,0.97,0.02,0.11097036642660543
39628449261814511,0.0,0.01,0.99,0.0,0.04039656794795559
39628470426275514,0.0,0.41,0.59,0.0,0.488250234378912
39628470426275531,0.0,1.0,0.0,0.0,-0.0
39628422531516552,0.0,0.01,0.95,0.04,0.16124668093016215
39628449261814543,0.0,0.14,0.86,0.0,0.292119405821428
39628417150223053,0.0,0.02,0.96,0.02,0.14114609454120738
39628433260546397,0.02,0.98,0.0,0.0,0.07072027127091034
39628417150222862,0.0,0.11,0.89,0.0,0.249957979082264
39628438591507300,0.0,0.21,0.79,0.0,0.37074136996563684
39628443956023757,0.0,0.49,0.51,0.0,0.49985572087640495
39628449291177984,0.0,0.24,0.76,0.0,0.39752013969226113
39628438591507366,0.0,0.02,0.98,0.0,0.07072027127091034
39628438591507590,0.0,0.73,0.27,0.0,0.42073231810408784
39628411752157028,0.01,0.85,0.14,0.0,0.33142210248480686
39628454588583829,0.0,0.97,0.03,0.0,0.0971959289157881
39628443956023959,0.0,0.47,0.53,0.0,0.4987007942838698
39628438633448672,0.0,0.21,0.79,0.0,0.37074136996563684
39628454571806112,0.0,0.08,0.92,0.0,0.2010895951011364
39628443943439152,0.0,0.71,0.29,0.0,0.43436062316970225
39628459881792042,0.0,0.24,0.76,0.0,0.39752013969226113
39628438591507790,0.0,0.35,0.65,0.0,0.4670340276877455
39628454588581248,0.0,0.0,0.92,0.08,0.2010895951011364
39628449253425819,0.0,0.12,0.88,0.0,0.2646804326436822
39628443926663439,0.0,0.88,0.12,0.0,0.2646804326436822
39628438625063413,0.0,0.7,0.3,0.0,0.44064544961534635
39628459865018076,0.0,0.18,0.82,0.0,0.34003852286413994
39628411752156880,0.0,0.59,0.41,0.0,0.488250234378912
39628454601163342,0.0,0.24,0.76,0.0,0.39752013969226113
39628427912807063,0.0,0.92,0.08,0.0,0.2010895951011364
39628427900224927,0.0,0.28,0.72,0.0,0.4277254052800653
39628443943439390,0.0,0.86,0.14,0.0,0.292119405821428
39628433289907329,0.0,0.24,0.76,0.0,0.39752013969226113
39628459890185582,0.0,0.98,0.02,0.0,0.07072027127091034
39628454563419438,0.0,0.09,0.91,0.0,0.21823490853205144
39628449286982094,0.0,0.02,0.98,0.0,0.07072027127091034
39628459890185679,0.0,0.32,0.68,0.0,0.45219072886224687
39628454563419350,0.0,0.84,0.16,0.0,0.3171547773202831
39628433277324350,0.0,0.25,0.75,0.0,0.4056390622295664
39628427900225133,0.0,0.33,0.67,0.0,0.4574631863898637
39628454563419135,0.0,0.01,0.99,0.0,0.04039656794795559
39628449266009870,0.0,0.08,0.92,0.0,0.2010895951011364
39628427900224856,0.0,0.01,0.98,0.01,0.08072027127091033
39628411756351955,0.0,0.16,0.84,0.0,0.3171547773202831
39628427904420881,0.01,0.81,0.18,0.0,0.3789955935892812
39628438629254422,0.0,0.0,1.0,0.0,-0.0
39628427908613700,0.0,0.71,0.29,0.0,0.43436062316970225
39628443926661502,0.0,0.99,0.01,0.0,0.04039656794795559
39628427908616012,0.0,0.13,0.87,0.0,0.2787190925139945
39628465149842699,0.0,0.09,0.91,0.0,0.21823490853205144
39628454588581296,0.0,0.05,0.95,0.0,0.14319847855797813
39628427904420606,0.0,0.55,0.45,0.0,0.49638722699390414
39628454559224708,0.0,0.43,0.57,0.0,0.4929075185894599
39628433268936757,0.0,0.21,0.79,0.0,0.37074136996563684
39628465175006119,0.0,0.14,0.86,0.0,0.292119405821428
39628459881796094,0.0,0.03,0.97,0.0,0.0971959289157881
39628459865016539,0.0,0.8,0.2,0.0,0.36096404744368116
39628465145645263,0.0,0.19,0.81,0.0,0.3507357299419487
39628449261815588,0.0,0.89,0.11,0.0,0.249957979082264
39628433268937053,0.0,0.06,0.94,0.0,0.16372245957723813
39628454563419483,0.0,0.91,0.09,0.0,0.21823490853205144
39628459885986371,0.0,0.53,0.47,0.0,0.4987007942838698
39628459873403083,0.0,0.23,0.77,0.0,0.38900565177326885
39628454601167425,0.0,0.59,0.41,0.0,0.488250234378912
39628470422077974,0.0,0.66,0.34,0.0,0.46240935248651505
39628454596969753,0.0,0.27,0.73,0.0,0.42073231810408784
39628454601167329,0.0,0.76,0.24,0.0,0.39752013969226113
39628454605357111,0.0,0.76,0.24,0.0,0.39752013969226113
39628443968605104,0.0,0.22,0.78,0.0,0.38008375148098283
39628443943440745,0.0,0.02,0.97,0.01,0.11097036642660543
39628433277325304,0.0,0.01,0.99,0.0,0.04039656794795559
39628427904421689,0.0,0.26,0.74,0.0,0.4133731862463089
39628422539905499,0.0,0.59,0.41,0.0,0.488250234378912
39628449270204895,0.0,0.04,0.96,0.0,0.12114609454120741
39628454580194512,0.0,0.15,0.85,0.0,0.3049201523582002
39628433277325263,0.0,0.16,0.84,0.0,0.3171547773202831
39628427900228102,0.0,0.65,0.35,0.0,0.4670340276877455
39628433277325140,0.0,0.11,0.89,0.0,0.249957979082264
39628465175005952,0.0,0.37,0.63,0.0,0.47533604634353294
39628449261818750,0.0,0.53,0.47,0.0,0.4987007942838698
39628449282785829,0.0,0.03,0.97,0.0,0.0971959289157881
39628454601162821,0.0,0.98,0.02,0.0,0.07072027127091034
39628449282785838,0.0,0.04,0.96,0.0,0.12114609454120741
39628443968605185,0.0,0.7,0.3,0.0,0.44064544961534635
39628427891837749,0.0,0.64,0.36,0.0,0.4713415946277461
39628417162806648,0.0,0.44,0.56,0.0,0.4947937606110278
39628470430467492,0.0,0.35,0.65,0.0,0.4670340276877455
39628433277325317,0.0,0.23,0.77,0.0,0.38900565177326885
39628470430467486,0.0,0.51,0.49,0.0,0.49985572087640495
39628427891837503,0.0,0.86,0.14,0.0,0.292119405821428
39628470434663337,0.0,0.25,0.75,0.0,0.4056390622295664
39628475685934018,0.0,0.59,0.41,0.0,0.488250234378912
39628454580195062,0.0,0.86,0.14,0.0,0.292119405821428
39628454580194613,0.0,0.53,0.47,0.0,0.4987007942838698
39628454580194762,0.0,0.42,0.58,0.0,0.49072694751682683
39628459873405295,0.0,0.28,0.72,0.0,0.4277254052800653
39628475690128264,0.0,0.6,0.4,0.0,0.4854752972273343
39628454563419029,0.0,0.09,0.91,0.0,0.21823490853205144
39628417158616359,0.0,0.86,0.14,0.0,0.292119405821428
39628470443054191,0.0,0.47,0.53,0.0,0.4987007942838698
39628454563418838,0.0,0.62,0.38,0.0,0.47902101111314976
39628427887642595,0.0,0.87,0.13,0.0,0.2787190925139945
39628427887642974,0.0,0.35,0.65,0.0,0.4670340276877455
39628427887642459,0.0,0.37,0.63,0.0,0.47533604634353294
39628427887641929,0.0,0.28,0.72,0.0,0.4277254052800653
39628443956022599,0.0,0.75,0.25,0.0,0.4056390622295664
39628449249232904,0.0,0.59,0.41,0.0,0.488250234378912
39628433273129818,0.0,0.94,0.06,0.0,0.16372245957723813
39628443956022776,0.0,0.97,0.03,0.0,0.0971959289157881
39628443956022751,0.0,0.82,0.18,0.0,0.34003852286413994
39628427887641723,0.0,0.86,0.14,0.0,0.292119405821428
39628449286981622,0.0,0.53,0.47,0.0,0.4987007942838698
39628449270202739,0.0,0.37,0.63,0.0,0.47533604634353294
39628417154419012,0.0,0.76,0.24,0.0,0.39752013969226113
39628427887642358,0.0,0.17,0.83,0.0,0.32885238937210975
39628454601165946,0.02,0.98,0.0,0.0,0.07072027127091034
39628443935050532,0.0,0.55,0.45,0.0,0.49638722699390414
39628465170815530,0.0,0.44,0.56,0.0,0.4947937606110278
39628438595702693,0.0,0.32,0.68,0.0,0.45219072886224687
39628438595699954,0.0,0.61,0.39,0.0,0.4823997742525436
39628454601166009,0.0,0.13,0.87,0.0,0.2787190925139945
39628433268936279,0.0,0.19,0.81,0.0,0.3507357299419487
39628427904419995,0.0,0.01,0.95,0.04,0.16124668093016215
39628433268935545,0.0,0.33,0.67,0.0,0.4574631863898637
39628465179197922,0.0,0.64,0.36,0.0,0.4713415946277461
39628417141836023,0.0,0.28,0.72,0.0,0.4277254052800653
39628443943439234,0.0,0.93,0.07,0.0,0.18296182545011158
39628438595703152,0.0,0.41,0.59,0.0,0.488250234378912
39628449291175383,0.0,0.31,0.69,0.0,0.4465867291889284
39628454563417749,0.0,0.07,0.93,0.0,0.18296182545011158
39628465166619459,0.0,0.01,0.99,0.0,0.04039656794795559
39628443968605255,0.0,0.02,0.97,0.01,0.11097036642660543
39628454576000544,0.0,0.0,0.99,0.01,0.04039656794795559
39628427921195527,0.01,0.99,0.0,0.0,0.04039656794795559
39628417154420173,0.0,0.0,0.84,0.16,0.3171547773202831
39628427900224098,0.0,0.44,0.56,0.0,0.4947937606110278
39628427904420183,0.0,0.0,1.0,0.0,-0.0
39628443935050631,0.0,0.03,0.97,0.0,0.0971959289157881
39628438595703086,0.0,0.63,0.37,0.0,0.47533604634353294
39628438595702897,0.0,0.07,0.92,0.01,0.22283217282912027
39628465175007937,0.0,0.93,0.07,0.0,0.18296182545011158
39628438604090107,0.0,0.08,0.92,0.0,0.2010895951011364
39628443935050751,0.0,0.07,0.93,0.0,0.18296182545011158
39628454563414773,0.0,0.57,0.43,0.0,0.4929075185894599
39628417154421034,0.0,0.53,0.47,0.0,0.4987007942838698
39628465170815120,0.0,0.0,0.94,0.06,0.16372245957723813
39628438595703054,0.0,0.39,0.61,0.0,0.4823997742525436
39628443935050551,0.0,0.86,0.14,0.0,0.292119405821428
39628438595702953,0.0,0.25,0.75,0.0,0.4056390622295664
39628454576001610,0.0,0.95,0.05,0.0,0.14319847855797813
39628417154420990,0.0,0.38,0.62,0.0,0.47902101111314976
39628454601165985,0.0,0.17,0.82,0.01,0.3678974314876692
39628443943439239,0.0,0.02,0.98,0.0,0.07072027127091034
39628433277324171,0.0,0.33,0.67,0.0,0.4574631863898637
39628438599893902,0.0,0.62,0.38,0.0,0.47902101111314976
39628449291177674,0.0,0.98,0.02,0.0,0.07072027127091034
39628417141835913,0.0,0.27,0.73,0.0,0.42073231810408784
39628454601165942,0.0,0.12,0.88,0.0,0.2646804326436822
39628443935050774,0.0,0.06,0.94,0.0,0.16372245957723813
39628438595703098,0.0,0.31,0.69,0.0,0.4465867291889284
39628438595702917,0.0,0.11,0.89,0.0,0.249957979082264
39628438612479602,0.0,0.23,0.77,0.0,0.38900565177326885
39628433268936381,0.0,0.32,0.68,0.0,0.45219072886224687
39628438620868796,0.0,0.32,0.68,0.0,0.45219072886224687
39628438599894155,0.0,0.03,0.97,0.0,0.0971959289157881
39628422531516313,0.0,0.03,0.97,0.0,0.0971959289157881
39628438599894138,0.0,0.18,0.82,0.0,0.34003852286413994
39628454567609830,0.0,0.03,0.96,0.01,0.13737165703039006
39628459881796604,0.0,0.8,0.2,0.0,0.36096404744368116
39628449261816868,0.0,0.0,1.0,0.0,-0.0
39628470443053315,0.0,0.32,0.68,0.0,0.45219072886224687
39628465175007952,0.0,0.22,0.78,0.0,0.38008375148098283
39628465170815288,0.0,0.01,0.99,0.0,0.04039656794795559
39628465175007628,0.0,0.4,0.6,0.0,0.4854752972273343
39628470426273066,0.0,0.92,0.08,0.0,0.2010895951011364
39628438620868518,0.0,0.49,0.51,0.0,0.49985572087640495
39628438599894146,0.0,0.16,0.84,0.0,0.3171547773202831
39628454563420136,0.0,0.06,0.94,0.0,0.16372245957723813
39628433247962771,0.0,0.1,0.9,0.0,0.2344977967946406
39628470443054283,0.0,0.9,0.1,0.0,0.2344977967946406
39628454576002137,0.0,0.06,0.94,0.0,0.16372245957723813
39628438616671675,0.0,0.81,0.19,0.0,0.3507357299419487
39628438595702874,0.0,0.65,0.35,0.0,0.4670340276877455
39628438620868460,0.0,0.17,0.83,0.0,0.32885238937210975
39628454580191303,0.0,0.71,0.29,0.0,0.43436062316970225
39628438620869510,0.0,0.22,0.78,0.0,0.38008375148098283
39628449270203041,0.0,0.34,0.66,0.0,0.46240935248651505
39628443956023247,0.0,0.08,0.92,0.0,0.2010895951011364
39628459898570528,0.0,0.21,0.79,0.0,0.37074136996563684
39628449266013252,0.0,0.46,0.54,0.0,0.49768921941011285
39628459869213401,0.0,0.0,0.73,0.27,0.42073231810408784
39628459898568820,0.0,1.0,0.0,0.0,-0.0
39628459869213346,0.0,0.0,0.38,0.62,0.47902101111314976
39628465170812963,0.01,0.97,0.02,0.0,0.11097036642660543
39628454576000759,0.0,0.94,0.06,0.0,0.16372245957723813
39628459885991969,0.0,0.04,0.95,0.01,0.16124668093016215
39628454567612122,0.0,0.99,0.01,0.0,0.04039656794795559
39628459885991785,0.0,0.05,0.95,0.0,0.14319847855797813
39628433273130896,0.0,0.63,0.37,0.0,0.47533604634353294
39628470434663037,0.0,1.0,0.0,0.0,-0.0
39628459885991981,0.0,0.68,0.32,0.0,0.45219072886224687
39628459885991656,0.0,0.16,0.84,0.0,0.3171547773202831
39628459898569921,0.0,0.59,0.41,0.0,0.488250234378912
39628459869213307,0.0,0.45,0.55,0.0,0.49638722699390414
39628459890180331,0.0,0.07,0.93,0.0,0.18296182545011158
39628470434663220,0.0,0.33,0.67,0.0,0.4574631863898637
39628475690124157,0.0,0.06,0.93,0.01,0.20367037270049304
39628443956019596,0.0,0.53,0.47,0.0,0.4987007942838698
39628449261814365,0.0,0.05,0.95,0.0,0.14319847855797813
39628475690124315,0.0,0.03,0.96,0.01,0.13737165703039006
39628470434663084,0.0,0.02,0.98,0.0,0.07072027127091034
39628449261814302,0.0,0.08,0.92,0.0,0.2010895951011364
39628427896030255,0.0,0.98,0.02,0.0,0.07072027127091034
39628443956019703,0.0,0.48,0.52,0.0,0.4994227679976009
39628470434663142,0.0,0.93,0.07,0.0,0.18296182545011158
39628449257624268,0.0,0.03,0.96,0.01,0.13737165703039006
39628427925390335,0.0,0.14,0.86,0.0,0.292119405821428
39628470434663213,0.0,0.92,0.08,0.0,0.2010895951011364
39628470443054500,0.0,0.41,0.59,0.0,0.488250234378912
39628427904421273,0.0,0.89,0.11,0.0,0.249957979082264
39628417162810243,0.0,0.44,0.56,0.0,0.4947937606110278
39628459865017571,0.0,0.0,1.0,0.0,-0.0
39628417137639642,0.0,0.6,0.4,0.0,0.4854752972273343
39628417162810297,0.0,0.73,0.27,0.0,0.42073231810408784
39628427904421474,0.0,0.51,0.49,0.0,0.49985572087640495
39628459865017935,0.0,0.15,0.85,0.0,0.3049201523582002
39628438608284997,0.0,0.2,0.8,0.0,0.36096404744368116
39628417162809465,0.0,0.68,0.32,0.0,0.45219072886224687
39628417137639521,0.0,0.11,0.89,0.0,0.249957979082264
39628417162809988,0.0,0.34,0.66,0.0,0.46240935248651505
39628465179198505,0.0,0.06,0.91,0.03,0.2595582210645035
39628438629254629,0.0,0.0,1.0,0.0,-0.0
39628465175006017,0.0,0.47,0.53,0.0,0.4987007942838698
39628475694321416,0.0,0.95,0.05,0.0,0.14319847855797813
39628438595702756,0.0,0.0,1.0,0.0,-0.0
39628427896029600,0.0,0.05,0.95,0.0,0.14319847855797813
39628438595702700,0.0,0.81,0.19,0.0,0.3507357299419487
39628427912811338,0.0,0.24,0.76,0.0,0.39752013969226113
39628427925393693,0.0,0.3,0.7,0.0,0.44064544961534635
39628433268936634,0.0,0.61,0.39,0.0,0.4823997742525436
39628438629257026,0.0,0.33,0.67,0.0,0.4574631863898637
39628470443051337,0.0,0.56,0.44,0.0,0.4947937606110278
39628470443051324,0.0,0.23,0.77,0.0,0.38900565177326885
39628443956023149,0.0,0.05,0.95,0.0,0.14319847855797813
39628454580194758,0.0,0.05,0.95,0.0,0.14319847855797813
39628454580194731,0.0,0.94,0.06,0.0,0.16372245957723813
39628454580194348,0.0,0.26,0.74,0.0,0.4133731862463089
39628454580194826,0.0,0.11,0.89,0.0,0.249957979082264
39628427912811397,0.0,0.66,0.34,0.0,0.46240935248651505
39628443935048963,0.0,0.43,0.57,0.0,0.4929075185894599
39628465149839877,0.0,0.81,0.19,0.0,0.3507357299419487
39628449249234047,0.0,0.01,0.98,0.01,0.08072027127091033
39628433289904238,0.0,0.5,0.5,0.0,0.5
39628443956022468,0.0,0.22,0.78,0.0,0.38008375148098283
39628433289904221,0.0,0.97,0.03,0.0,0.0971959289157881
39628438616670512,0.0,0.17,0.83,0.0,0.32885238937210975
39628427904419254,0.0,0.17,0.83,0.0,0.32885238937210975
39628454601166877,0.0,0.99,0.01,0.0,0.04039656794795559
39628417141834871,0.0,0.74,0.26,0.0,0.4133731862463089
39628417158615195,0.0,0.27,0.73,0.0,0.42073231810408784
39628459894377200,0.0,0.07,0.93,0.0,0.18296182545011158
39628433264741754,0.0,0.77,0.23,0.0,0.38900565177326885
39628433264741373,0.0,0.13,0.87,0.0,0.2787190925139945
39628417158614894,0.0,0.04,0.96,0.0,0.12114609454120741
39628417141834970,0.0,0.15,0.85,0.0,0.3049201523582002
39628433273130919,0.0,0.1,0.9,0.0,0.2344977967946406
39628438633449857,0.0,0.02,0.98,0.0,0.07072027127091034
39628438633449844,0.0,0.44,0.56,0.0,0.4947937606110278
39628454605357391,0.0,0.9,0.1,0.0,0.2344977967946406
39628438637643010,0.0,0.96,0.04,0.0,0.12114609454120741
39628449249234295,0.0,0.64,0.36,0.0,0.4713415946277461
39628454601165014,0.0,0.8,0.2,0.0,0.36096404744368116
39628438620867013,0.0,0.58,0.42,0.0,0.49072694751682683
39628433247961715,0.0,0.91,0.09,0.0,0.21823490853205144
39628438637643373,0.0,0.74,0.26,0.0,0.4133731862463089
39628454563419182,0.0,0.02,0.98,0.0,0.07072027127091034
39628454601163593,0.0,0.0,0.99,0.01,0.04039656794795559
39628454563419232,0.0,0.6,0.4,0.0,0.4854752972273343
39628465158226249,0.0,0.01,0.99,0.0,0.04039656794795559
39628443968604650,0.0,0.61,0.39,0.0,0.4823997742525436
39628454601163482,0.0,0.3,0.7,0.0,0.44064544961534635
39628427912808057,0.0,0.04,0.96,0.0,0.12114609454120741
39628438629256162,0.0,0.0,0.99,0.01,0.04039656794795559
39628417158611701,0.0,0.3,0.7,0.0,0.44064544961534635
39628433281516687,0.0,0.04,0.96,0.0,0.12114609454120741
39628433264740913,0.02,0.98,0.0,0.0,0.07072027127091034
39628433247964699,0.01,0.93,0.06,0.0,0.20367037270049304
39628443926663729,0.0,0.07,0.91,0.02,0.2526241113249394
39628454601165034,0.0,0.04,0.96,0.0,0.12114609454120741
39628438620867124,0.01,0.85,0.14,0.0,0.33142210248480686
39628443939243861,0.0,0.34,0.66,0.0,0.46240935248651505
39628459873407654,0.0,0.45,0.55,0.0,0.49638722699390414
39628470426276163,0.0,0.03,0.97,0.0,0.0971959289157881
39628438608281893,0.0,0.18,0.82,0.0,0.34003852286413994
39628465158226204,0.0,0.81,0.19,0.0,0.3507357299419487
39628449249233873,0.0,0.02,0.98,0.0,0.07072027127091034
39628417158614837,0.0,0.0,0.75,0.25,0.4056390622295664
39628417141834935,0.0,0.98,0.02,0.0,0.07072027127091034
39628438637644057,0.0,0.0,0.98,0.02,0.07072027127091034
39628417141834923,0.0,0.03,0.97,0.0,0.0971959289157881
39628454576000713,0.0,0.87,0.13,0.0,0.2787190925139945
39628438629253886,0.0,0.72,0.28,0.0,0.4277254052800653
39628433252157634,0.0,0.25,0.75,0.0,0.4056390622295664
39628459873406406,0.0,0.29,0.71,0.0,0.43436062316970225
39628427921196778,0.0,0.17,0.83,0.0,0.32885238937210975
39628470434660909,0.0,0.9,0.1,0.0,0.2344977967946406
39628459873406455,0.0,0.0,0.99,0.01,0.04039656794795559
39628433281518224,0.0,0.04,0.96,0.0,0.12114609454120741
39628438599897320,0.0,0.0,1.0,0.0,-0.0
39628433252157663,0.0,0.06,0.94,0.0,0.16372245957723813
39628459873406327,0.0,0.0,0.85,0.15,0.3049201523582002
39628465154037146,0.0,0.1,0.9,0.0,0.2344977967946406
39628459873406510,0.0,1.0,0.0,0.0,-0.0
39628438637642648,0.0,0.36,0.64,0.0,0.4713415946277461
39628459873406323,0.0,0.22,0.78,0.0,0.38008375148098283
39628427891837558,0.0,0.64,0.36,0.0,0.4713415946277461
39628427891837348,0.0,0.59,0.41,0.0,0.488250234378912
39628470426275729,0.0,0.62,0.38,0.0,0.47902101111314976
39628417158614749,0.0,0.31,0.69,0.0,0.4465867291889284
39628433289907031,0.0,0.95,0.05,0.0,0.14319847855797813
39628449249233782,0.0,0.95,0.05,0.0,0.14319847855797813
39628433289907070,0.0,0.15,0.85,0.0,0.3049201523582002
39628433289906947,0.01,0.99,0.0,0.0,0.04039656794795559
39628459881795524,0.0,0.79,0.21,0.0,0.37074136996563684
39628454571802787,0.0,0.91,0.09,0.0,0.21823490853205144
39628427887642269,0.0,0.29,0.71,0.0,0.43436062316970225
39628459865016416,0.0,0.04,0.96,0.0,0.12114609454120741
39628438629255732,0.0,0.33,0.67,0.0,0.4574631863898637
39628433281516874,0.04,0.96,0.0,0.0,0.12114609454120741
39628433281516920,0.0,0.01,0.98,0.01,0.08072027127091033
39628449261818379,0.0,0.2,0.8,0.0,0.36096404744368116
39628438629256126,0.0,1.0,0.0,0.0,-0.0
39628449266009543,0.0,0.5,0.5,0.0,0.5
39628454571806168,0.0,0.11,0.89,0.0,0.249957979082264
39628454601163163,0.0,0.02,0.96,0.02,0.14114609454120738
39628438629254780,0.0,0.01,0.99,0.0,0.04039656794795559
39628443960217826,0.0,0.15,0.85,0.0,0.3049201523582002
39628443943438785,0.0,0.02,0.98,0.0,0.07072027127091034
39628433264741934,0.0,0.29,0.71,0.0,0.43436062316970225
39628443960217882,0.0,0.53,0.47,0.0,0.4987007942838698
39628417141834368,0.0,0.08,0.92,0.0,0.2010895951011364
39628417141834552,0.0,0.0,0.98,0.02,0.07072027127091034
39628427929583705,0.0,0.35,0.65,0.0,0.4670340276877455
39628443943439252,0.0,0.05,0.95,0.0,0.14319847855797813
39628470430467524,0.0,1.0,0.0,0.0,-0.0
39628454601163068,0.0,0.48,0.52,0.0,0.4994227679976009
39628427900228448,0.0,1.0,0.0,0.0,-0.0
39628427925392590,0.0,0.05,0.94,0.01,0.1832231322266888
39628438625062352,0.0,0.59,0.41,0.0,0.488250234378912
39628433273129667,0.0,0.3,0.7,0.0,0.44064544961534635
39628443960214746,0.0,0.03,0.97,0.0,0.0971959289157881
39628465154037335,0.0,0.16,0.84,0.0,0.3171547773202831
39628459869212914,0.0,0.01,0.99,0.0,0.04039656794795559
39628438629257657,0.0,0.16,0.84,0.0,0.3171547773202831
39628465149838878,0.0,0.9,0.1,0.0,0.2344977967946406
39628438608285211,0.0,0.57,0.43,0.0,0.4929075185894599
39628438629257470,0.0,0.61,0.39,0.0,0.4823997742525436
39628438620867239,0.0,0.89,0.11,0.0,0.249957979082264
39628438637643414,0.0,0.12,0.88,0.0,0.2646804326436822
39628454596969614,0.0,0.55,0.45,0.0,0.49638722699390414
39628438604090300,0.0,0.31,0.69,0.0,0.4465867291889284
39628422523128910,0.0,0.63,0.37,0.0,0.47533604634353294
39628417146029185,0.0,0.53,0.47,0.0,0.4987007942838698
39628454576002228,0.0,0.7,0.3,0.0,0.44064544961534635
39628438595700223,0.0,0.69,0.31,0.0,0.4465867291889284
39628454563419136,0.01,0.99,0.0,0.0,0.04039656794795559
39628433247961968,0.0,0.03,0.96,0.01,0.13737165703039006
39628438637645288,0.0,0.14,0.86,0.0,0.292119405821428
39628438637645071,0.0,0.34,0.66,0.0,0.46240935248651505
39628449261815342,0.0,0.6,0.4,0.0,0.4854752972273343
39628449261815333,0.0,0.03,0.97,0.0,0.0971959289157881
39628459898570398,0.0,0.89,0.11,0.0,0.249957979082264
39628433247966414,0.0,0.9,0.1,0.0,0.2344977967946406
39628443960214857,0.0,0.2,0.8,0.0,0.36096404744368116
39628459869213515,0.0,0.33,0.67,0.0,0.4574631863898637
39628454580191351,0.01,0.94,0.05,0.0,0.1832231322266888
39628433243771913,0.0,0.56,0.44,0.0,0.4947937606110278
39628454567612211,0.0,0.26,0.74,0.0,0.4133731862463089
39628459869213131,0.0,0.6,0.4,0.0,0.4854752972273343
39628465175005026,0.01,0.99,0.0,0.0,0.04039656794795559
39628438637642640,0.0,0.2,0.8,0.0,0.36096404744368116
39628443972798640,0.0,0.14,0.86,0.0,0.292119405821428
39628417162809915,0.0,0.6,0.4,0.0,0.4854752972273343
39628438595702535,0.0,0.16,0.84,0.0,0.3171547773202831
39628438620866752,0.0,0.18,0.82,0.0,0.34003852286413994
39628465162422404,0.0,0.35,0.65,0.0,0.4670340276877455
39628465162422161,0.0,0.32,0.68,0.0,0.45219072886224687
39628470422080683,0.01,0.95,0.04,0.0,0.16124668093016215
39628459865019292,0.0,0.95,0.05,0.0,0.14319847855797813
39628470422080524,0.0,0.61,0.39,0.0,0.4823997742525436
39628459877600333,0.0,0.72,0.28,0.0,0.4277254052800653
39628433264743138,0.0,0.13,0.87,0.0,0.2787190925139945
39628454584387803,0.0,0.0,1.0,0.0,-0.0
39628433252157437,0.0,0.08,0.92,0.0,0.2010895951011364
39628433252157303,0.0,0.48,0.52,0.0,0.4994227679976009
39628470417888781,0.0,0.56,0.44,0.0,0.4947937606110278
39628449253425543,0.0,0.38,0.62,0.0,0.47902101111314976
39628427896033866,0.0,0.38,0.62,0.0,0.47902101111314976
39628427904417874,0.0,0.81,0.19,0.0,0.3507357299419487
39628427896032136,0.0,0.45,0.55,0.0,0.49638722699390414
39628459877598687,0.0,0.43,0.57,0.0,0.4929075185894599
39628417146030098,0.0,0.04,0.96,0.0,0.12114609454120741
39628427912808154,0.0,0.59,0.41,0.0,0.488250234378912
39628417146030577,0.0,0.15,0.85,0.0,0.3049201523582002
39628433277321893,0.0,0.19,0.81,0.0,0.3507357299419487
39628433273129602,0.0,0.39,0.61,0.0,0.4823997742525436
39628438595702441,0.0,0.55,0.45,0.0,0.49638722699390414
39628443935049702,0.0,0.29,0.71,0.0,0.43436062316970225
39628438620868478,0.0,0.69,0.31,0.0,0.4465867291889284
39628459865017223,0.0,0.2,0.8,0.0,0.36096404744368116
39628454575997799,0.0,0.28,0.72,0.0,0.4277254052800653
39628454575997700,0.0,0.09,0.91,0.0,0.21823490853205144
39628454575997676,0.0,0.37,0.63,0.0,0.47533604634353294
39628454575997638,0.0,0.0,1.0,0.0,-0.0
39628427896033892,0.0,0.08,0.92,0.0,0.2010895951011364
39628454575997160,0.0,0.68,0.32,0.0,0.45219072886224687
39628465170810040,0.0,0.0,1.0,0.0,-0.0
39628459865017011,0.0,0.37,0.63,0.0,0.47533604634353294
39628465170809600,0.0,0.06,0.94,0.0,0.16372245957723813
39628465166619546,0.0,0.98,0.02,0.0,0.07072027127091034
39628454575997293,0.0,0.23,0.77,0.0,0.38900565177326885
39628438595702427,0.0,0.12,0.88,0.0,0.2646804326436822
39628443935049545,0.0,0.0,0.89,0.11,0.249957979082264
39628454601167447,0.0,0.87,0.13,0.0,0.2787190925139945
39628427904420428,0.0,0.36,0.64,0.0,0.4713415946277461
39628433268934622,0.0,0.65,0.35,0.0,0.4670340276877455
39628454605357145,0.0,0.2,0.8,0.0,0.36096404744368116
39628433268933095,0.0,0.0,0.98,0.02,0.07072027127091034
39628433268933179,0.0,0.71,0.29,0.0,0.43436062316970225
39628433268934812,0.0,0.2,0.8,0.0,0.36096404744368116
39628454596970098,0.0,0.41,0.59,0.0,0.488250234378912
39628454605357223,0.0,0.23,0.77,0.0,0.38900565177326885
39628433268933303,0.0,0.69,0.31,0.0,0.4465867291889284
39628422518934977,0.0,0.96,0.04,0.0,0.12114609454120741
39628459881796380,0.0,0.17,0.83,0.0,0.32885238937210975
39628459881794879,0.01,0.98,0.01,0.0,0.08072027127091033
39628433260544563,0.0,0.41,0.59,0.0,0.488250234378912
39628449286981876,0.0,0.1,0.9,0.0,0.2344977967946406
39628449270204462,0.0,0.68,0.32,0.0,0.45219072886224687
39628470434663853,0.0,0.08,0.92,0.0,0.2010895951011364
39628470426277377,0.0,0.23,0.77,0.0,0.38900565177326885
39628470430467222,0.0,0.46,0.54,0.0,0.49768921941011285
39628443964411700,0.0,0.23,0.77,0.0,0.38900565177326885
39628459894377298,0.0,0.18,0.82,0.0,0.34003852286413994
39628459894377162,0.0,0.0,0.96,0.04,0.12114609454120741
39628449291174650,0.0,0.97,0.03,0.0,0.0971959289157881
39628449291174434,0.0,0.93,0.07,0.0,0.18296182545011158
39628417146030431,0.0,0.64,0.36,0.0,0.4713415946277461
39628438591508242,0.0,0.73,0.27,0.0,0.42073231810408784
39628459877599396,0.0,0.06,0.94,0.0,0.16372245957723813
39628438591508479,0.0,0.0,0.94,0.06,0.16372245957723813
39628438591507979,0.0,0.27,0.73,0.0,0.42073231810408784
39628438591507873,0.0,0.01,0.97,0.02,0.11097036642660543
39628449261818063,0.0,0.37,0.63,0.0,0.47533604634353294
39628449261818059,0.0,0.0,0.79,0.21,0.37074136996563684
39628449249233575,0.0,0.02,0.98,0.0,0.07072027127091034
39628443968603256,0.0,0.11,0.89,0.0,0.249957979082264
39628465175006031,0.0,0.08,0.92,0.0,0.2010895951011364
39628422552487019,0.0,0.01,0.89,0.1,0.27413031336294724
39628449286980333,0.0,0.54,0.46,0.0,0.49768921941011285
39628438604091038,0.0,0.29,0.71,0.0,0.43436062316970225
39628433273129675,0.0,0.13,0.87,0.0,0.2787190925139945
39628422552487087,0.0,0.06,0.94,0.0,0.16372245957723813
39628443926662828,0.0,0.12,0.88,0.0,0.2646804326436822
39628443926662878,0.0,0.74,0.26,0.0,0.4133731862463089
39628459865019356,0.01,0.99,0.0,0.0,0.04039656794795559
39628443926662870,0.0,0.24,0.76,0.0,0.39752013969226113
39628422544101914,0.0,0.26,0.74,0.0,0.4133731862463089
39628422544101955,0.0,0.02,0.98,0.0,0.07072027127091034
39628454580191862,0.0,0.31,0.69,0.0,0.4465867291889284
39628454575999165,0.0,0.79,0.21,0.0,0.37074136996563684
39628449282788568,0.0,0.96,0.04,0.0,0.12114609454120741
39628465158229207,0.0,0.15,0.85,0.0,0.3049201523582002
39628449270207282,0.0,0.97,0.03,0.0,0.0971959289157881
39628475685933721,0.02,0.98,0.0,0.0,0.07072027127091034
39628443956023476,0.0,0.16,0.84,0.0,0.3171547773202831
39628417133448429,0.0,0.73,0.27,0.0,0.42073231810408784
39628438608282664,0.0,0.17,0.83,0.0,0.32885238937210975
39628454563418468,0.0,0.92,0.08,0.0,0.2010895951011364
39628465154036677,0.0,0.21,0.79,0.0,0.37074136996563684
39628454567609814,0.0,0.67,0.33,0.0,0.4574631863898637
39628417154419491,0.0,0.13,0.87,0.0,0.2787190925139945
39628449282789299,0.0,0.84,0.16,0.0,0.3171547773202831
39628427925389900,0.0,0.04,0.95,0.01,0.16124668093016215
39628427904420863,0.0,0.04,0.96,0.0,0.12114609454120741
39628438604090692,0.0,0.49,0.51,0.0,0.49985572087640495
39628438608282003,0.0,0.01,0.97,0.02,0.11097036642660543
39628427904423136,0.0,0.93,0.07,0.0,0.18296182545011158
39628475690125299,0.0,0.97,0.03,0.0,0.0971959289157881
39628475690125352,0.0,0.52,0.48,0.0,0.4994227679976009
39628459865019366,0.0,0.01,0.99,0.0,0.04039656794795559
39628438616671318,0.0,0.51,0.49,0.0,0.49985572087640495
39628443968605865,0.0,0.0,0.95,0.05,0.14319847855797813
39628427912811231,0.0,0.79,0.21,0.0,0.37074136996563684
39628433273129258,0.0,0.51,0.49,0.0,0.49985572087640495
39628438637644726,0.0,0.61,0.39,0.0,0.4823997742525436
39628427912811352,0.0,0.06,0.94,0.0,0.16372245957723813
39628454580193153,0.0,0.0,1.0,0.0,-0.0
39628454580193166,0.0,0.01,0.99,0.0,0.04039656794795559
39628475685933636,0.0,0.75,0.25,0.0,0.4056390622295664
39628417146028457,0.0,0.84,0.16,0.0,0.3171547773202831
39628443926660776,0.0,0.2,0.8,0.0,0.36096404744368116
39628449249232237,0.0,0.05,0.94,0.01,0.1832231322266888
39628443926660908,0.0,0.11,0.89,0.0,0.249957979082264
39628443972797000,0.0,0.12,0.88,0.0,0.2646804326436822
39628443926663242,0.0,0.65,0.35,0.0,0.4670340276877455
39628417158611807,0.0,0.27,0.73,0.0,0.42073231810408784
39628438616670718,0.0,1.0,0.0,0.0,-0.0
39628422518933181,0.0,0.32,0.68,0.0,0.45219072886224687
39628465158226227,0.0,0.7,0.3,0.0,0.44064544961534635
39628438599893690,0.0,0.51,0.49,0.0,0.49985572087640495
39628417141834873,0.0,0.02,0.97,0.01,0.11097036642660543
39628417141834763,0.0,0.4,0.6,0.0,0.4854752972273343
39628449270204877,0.0,0.99,0.01,0.0,0.04039656794795559
39628454592778323,0.0,0.71,0.29,0.0,0.43436062316970225
39628433252157646,0.0,0.05,0.95,0.0,0.14319847855797813
39628465149838571,0.0,0.04,0.96,0.0,0.12114609454120741
39628454559225503,0.0,0.06,0.93,0.01,0.20367037270049304
39628417158615098,0.0,0.72,0.28,0.0,0.4277254052800653
39628459860822985,0.0,0.84,0.16,0.0,0.3171547773202831
39628433264742323,0.0,1.0,0.0,0.0,-0.0
39628449249234016,0.0,0.53,0.47,0.0,0.4987007942838698
39628417158614700,0.0,0.51,0.49,0.0,0.49985572087640495
39628449282788818,0.0,0.71,0.29,0.0,0.43436062316970225
39628449282788780,0.0,0.73,0.27,0.0,0.42073231810408784
39628417146028732,0.0,0.95,0.05,0.0,0.14319847855797813
39628459885985830,0.0,0.09,0.91,0.0,0.21823490853205144
39628459885985987,0.0,0.12,0.88,0.0,0.2646804326436822
39628443972796971,0.0,0.24,0.76,0.0,0.39752013969226113
39628438604090878,0.0,0.0,1.0,0.0,-0.0
39628449282788773,0.0,0.97,0.03,0.0,0.0971959289157881
39628438637641951,0.0,0.31,0.69,0.0,0.4465867291889284
39628465154033254,0.0,0.37,0.63,0.0,0.47533604634353294
39628417137643231,0.0,0.39,0.61,0.0,0.4823997742525436
39628449270206487,0.0,0.97,0.03,0.0,0.0971959289157881
39628449270205616,0.0,0.1,0.9,0.0,0.2344977967946406
39628465145646781,0.0,0.32,0.68,0.0,0.45219072886224687
39628449261816284,0.0,0.55,0.45,0.0,0.49638722699390414
39628449261816721,0.0,0.22,0.78,0.0,0.38008375148098283
39628449261816010,0.0,0.93,0.07,0.0,0.18296182545011158
39628449261815996,0.0,0.96,0.04,0.0,0.12114609454120741
39628449249235153,0.02,0.98,0.0,0.0,0.07072027127091034
39628443930855974,0.0,0.0,1.0,0.0,-0.0
39628454601163156,0.0,0.03,0.97,0.0,0.0971959289157881
39628411752154229,0.0,0.21,0.79,0.0,0.37074136996563684
39628465162420775,0.0,0.31,0.69,0.0,0.4465867291889284
39628417137639980,0.0,0.95,0.05,0.0,0.14319847855797813
39628433252155746,0.0,0.45,0.55,0.0,0.49638722699390414
39628449261816522,0.0,0.95,0.05,0.0,0.14319847855797813
39628411756350238,0.0,0.25,0.75,0.0,0.4056390622295664
39628454601163128,0.0,0.53,0.47,0.0,0.4987007942838698
39628411752157044,0.04,0.96,0.0,0.0,0.12114609454120741
39628438625059014,0.0,0.74,0.26,0.0,0.4133731862463089
39628427887645009,0.0,0.86,0.14,0.0,0.292119405821428
39628427896033445,0.0,0.81,0.19,0.0,0.3507357299419487
39628465166617389,0.0,0.79,0.21,0.0,0.37074136996563684
39628454588584970,0.0,0.16,0.84,0.0,0.3171547773202831
39628449249235059,0.0,0.02,0.98,0.0,0.07072027127091034
39628427912806742,0.0,0.79,0.21,0.0,0.37074136996563684
39628459890182129,0.0,0.13,0.87,0.0,0.2787190925139945
39628443930856175,0.0,0.08,0.92,0.0,0.2010895951011364
39628417141833972,0.0,0.0,0.91,0.09,0.21823490853205144
39628422518936982,0.0,0.94,0.06,0.0,0.16372245957723813
39628438595702145,0.0,0.09,0.91,0.0,0.21823490853205144
39628422548292760,0.0,0.17,0.83,0.0,0.32885238937210975
39628422523125799,0.0,0.52,0.48,0.0,0.4994227679976009
39628443930856339,0.0,0.97,0.03,0.0,0.0971959289157881
39628443930856422,0.0,0.84,0.16,0.0,0.3171547773202831
39628438595702276,0.0,0.39,0.61,0.0,0.4823997742525436
39628465149839308,0.0,0.38,0.62,0.0,0.47902101111314976
39628454584387443,0.0,0.69,0.31,0.0,0.4465867291889284
39628459885990621,0.0,0.68,0.32,0.0,0.45219072886224687
39628449286980273,0.0,0.49,0.51,0.0,0.49985572087640495
39628449266011221,0.0,0.01,0.99,0.0,0.04039656794795559
39628438595699066,0.0,0.21,0.79,0.0,0.37074136996563684
39628422556680479,0.0,0.88,0.12,0.0,0.2646804326436822
39628438595699245,0.0,0.8,0.2,0.0,0.36096404744368116
39628422556680416,0.0,0.53,0.47,0.0,0.4987007942838698
39628454592776927,0.0,0.14,0.86,0.0,0.292119405821428
39628433256350212,0.0,0.75,0.25,0.0,0.4056390622295664
39628438625063331,0.0,0.73,0.27,0.0,0.42073231810408784
39628465154033600,0.0,0.6,0.4,0.0,0.4854752972273343
39628465179199084,0.0,0.51,0.49,0.0,0.49985572087640495
39628417154418171,0.0,0.71,0.29,0.0,0.43436062316970225
39628433285711872,0.01,0.78,0.21,0.0,0.4094279001393156
39628449282785728,0.0,0.22,0.78,0.0,0.38008375148098283
39628438599897005,0.0,0.15,0.85,0.0,0.3049201523582002
39628443930857372,0.0,0.67,0.33,0.0,0.4574631863898637
39628427917001124,0.0,0.87,0.13,0.0,0.2787190925139945
39628438599896715,0.0,0.32,0.68,0.0,0.45219072886224687
39628438599896656,0.0,0.38,0.62,0.0,0.47902101111314976
39628438599896745,0.0,0.85,0.15,0.0,0.3049201523582002
39628465170813482,0.0,0.06,0.92,0.02,0.2335407200795017
39628427925393067,0.0,0.16,0.84,0.0,0.3171547773202831
39628422539905078,0.0,0.8,0.2,0.0,0.36096404744368116
39628459894376528,0.0,0.08,0.92,0.0,0.2010895951011364
39628422539904525,0.0,0.57,0.43,0.0,0.4929075185894599
39628422539903997,0.0,0.07,0.93,0.0,0.18296182545011158
39628422539903673,0.0,0.73,0.27,0.0,0.42073231810408784
39628465170813537,0.0,0.96,0.04,0.0,0.12114609454120741
39628427917001674,0.0,0.19,0.81,0.0,0.3507357299419487
39628454601164383,0.0,0.04,0.96,0.0,0.12114609454120741
39628422535712914,0.0,0.66,0.34,0.0,0.46240935248651505
39628454601164228,0.0,0.34,0.66,0.0,0.46240935248651505
39628459869210235,0.0,0.54,0.46,0.0,0.49768921941011285
39628465170813750,0.0,0.25,0.75,0.0,0.4056390622295664
39628465175005468,0.0,0.04,0.95,0.01,0.16124668093016215
39628422527324519,0.0,0.48,0.52,0.0,0.4994227679976009
39628454567613372,0.0,0.38,0.62,0.0,0.47902101111314976
39628417150227141,0.0,0.79,0.21,0.0,0.37074136996563684
39628417154416677,0.0,1.0,0.0,0.0,-0.0
39628465158228536,0.0,0.06,0.94,0.0,0.16372245957723813
39628454571802708,0.0,0.09,0.91,0.0,0.21823490853205144
39628443935052013,0.0,0.39,0.61,0.0,0.4823997742525436
39628465154032506,0.0,0.08,0.92,0.0,0.2010895951011364
39628417154417545,0.0,0.52,0.48,0.0,0.4994227679976009
39628417154417768,0.0,0.5,0.5,0.0,0.5
39628417154418012,0.0,0.33,0.67,0.0,0.4574631863898637
39628454571804311,0.0,0.0,0.68,0.32,0.45219072886224687
39628454571804401,0.0,0.27,0.73,0.0,0.42073231810408784
39628454575997982,0.0,0.23,0.77,0.0,0.38900565177326885
39628454575998245,0.0,0.06,0.94,0.0,0.16372245957723813
39628427912807678,0.0,0.84,0.16,0.0,0.3171547773202831
39628417158611915,0.0,0.09,0.91,0.0,0.21823490853205144
39628465162420764,0.0,0.14,0.86,0.0,0.292119405821428
39628438599897265,0.0,0.17,0.83,0.0,0.32885238937210975
39628465162420853,0.0,0.01,0.96,0.03,0.13737165703039006
39628427925393189,0.0,0.97,0.03,0.0,0.0971959289157881
39628449291175909,0.0,0.19,0.81,0.0,0.3507357299419487
39628422527324018,0.0,0.43,0.57,0.0,0.4929075185894599
39628465166615373,0.0,0.07,0.93,0.0,0.18296182545011158
39628427925393499,0.0,0.84,0.16,0.0,0.3171547773202831
39628465145647195,0.17,0.83,0.0,0.0,0.32885238937210975
39628449257619630,0.0,0.21,0.79,0.0,0.37074136996563684
39628465162423002,0.0,0.76,0.24,0.0,0.39752013969226113
39628427925393632,0.1,0.9,0.0,0.0,0.2344977967946406
39628427896030198,0.0,0.08,0.92,0.0,0.2010895951011364
39628465162422928,0.0,0.36,0.64,0.0,0.4713415946277461
39628454563416997,0.0,0.37,0.63,0.0,0.47533604634353294
39628454563416999,0.0,0.21,0.79,0.0,0.37074136996563684
39628454563418260,0.0,0.03,0.97,0.0,0.0971959289157881
39628427912809228,0.0,0.58,0.42,0.0,0.49072694751682683
39628443947631520,0.0,0.93,0.07,0.0,0.18296182545011158
39628443926663699,0.0,0.97,0.03,0.0,0.0971959289157881
39628427925392876,0.0,0.66,0.34,0.0,0.46240935248651505
39628438595702194,0.0,0.2,0.8,0.0,0.36096404744368116
39628459881795153,0.0,0.03,0.96,0.01,0.13737165703039006
39628422548294706,0.0,0.39,0.61,0.0,0.4823997742525436
39628433268935284,0.0,0.76,0.24,0.0,0.39752013969226113
39628433268935555,0.0,0.74,0.26,0.0,0.4133731862463089
39628433268935740,0.0,0.25,0.75,0.0,0.4056390622295664
39628433268935762,0.0,0.16,0.84,0.0,0.3171547773202831
39628433268936344,0.0,0.06,0.94,0.0,0.16372245957723813
39628433268936398,0.0,0.04,0.95,0.01,0.16124668093016215
39628433268936400,0.0,0.05,0.95,0.0,0.14319847855797813
39628433268936527,0.0,0.87,0.13,0.0,0.2787190925139945
39628433268936530,0.0,0.81,0.19,0.0,0.3507357299419487
39628433268936543,0.0,0.1,0.9,0.0,0.2344977967946406
39628438637641840,0.0,0.8,0.2,0.0,0.36096404744368116
39628433273128597,0.0,0.28,0.72,0.0,0.4277254052800653
39628433273129300,0.0,0.95,0.05,0.0,0.14319847855797813
39628433273129890,0.0,0.86,0.14,0.0,0.292119405821428
39628433264738627,0.0,0.99,0.01,0.0,0.04039656794795559
39628433273130039,0.0,0.07,0.93,0.0,0.18296182545011158
39628438633447599,0.0,0.9,0.1,0.0,0.2344977967946406
39628459869212550,0.0,0.37,0.63,0.0,0.47533604634353294
39628433252156034,0.0,0.24,0.76,0.0,0.39752013969226113
39628427921196868,0.0,0.0,0.84,0.16,0.3171547773202831
39628427921196657,0.0,0.01,0.99,0.0,0.04039656794795559
39628427921196332,0.0,0.43,0.57,0.0,0.4929075185894599
39628438625062831,0.0,0.0,0.99,0.01,0.04039656794795559
39628449266009968,0.0,0.15,0.85,0.0,0.3049201523582002
39628454592775655,0.0,0.22,0.78,0.0,0.38008375148098283
39628449266009738,0.0,0.48,0.52,0.0,0.4994227679976009
39628427917004262,0.0,0.0,0.9,0.1,0.2344977967946406
39628459869212194,0.0,0.01,0.98,0.01,0.08072027127091033
39628427917004246,0.0,0.77,0.23,0.0,0.38900565177326885
39628454592774224,0.0,0.26,0.74,0.0,0.4133731862463089
39628454592774189,0.0,0.01,0.99,0.0,0.04039656794795559
39628438629256796,0.0,0.04,0.96,0.0,0.12114609454120741
39628438629256837,0.0,0.9,0.1,0.0,0.2344977967946406
39628454588584909,0.0,0.19,0.81,0.0,0.3507357299419487
39628449266008731,0.0,0.35,0.65,0.0,0.4670340276877455
39628433260546968,0.0,0.65,0.35,0.0,0.4670340276877455
39628438633447588,0.0,0.82,0.18,0.0,0.34003852286413994
39628433260547172,0.0,0.64,0.36,0.0,0.4713415946277461
39628433260547252,0.0,0.32,0.68,0.0,0.45219072886224687
39628459869213469,0.0,0.01,0.99,0.0,0.04039656794795559
39628449257622237,0.0,0.39,0.61,0.0,0.4823997742525436
39628449257622239,0.0,0.99,0.01,0.0,0.04039656794795559
39628433273130440,0.0,0.99,0.01,0.0,0.04039656794795559
39628459885991756,0.0,0.62,0.38,0.0,0.47902101111314976
39628433281516218,0.0,0.71,0.29,0.0,0.43436062316970225
39628433281516240,0.0,0.88,0.12,0.0,0.2646804326436822
39628422544098194,0.0,0.85,0.15,0.0,0.3049201523582002
39628422544097931,0.0,0.07,0.93,0.0,0.18296182545011158
39628438595703298,0.0,0.61,0.39,0.0,0.4823997742525436
39628459890180846,0.0,0.97,0.03,0.0,0.0971959289157881
39628449257622309,0.0,0.16,0.84,0.0,0.3171547773202831
39628438599893017,0.0,0.08,0.92,0.0,0.2010895951011364
39628449257620420,0.0,0.49,0.51,0.0,0.49985572087640495
39628459890180969,0.0,0.59,0.41,0.0,0.488250234378912
39628459890183602,0.0,0.0,1.0,0.0,-0.0
39628459865015206,0.0,0.01,0.99,0.0,0.04039656794795559
39628459890183727,0.0,0.0,0.98,0.02,0.07072027127091034
39628433285711403,0.0,0.0,0.8,0.2,0.36096404744368116
39628438599893022,0.0,0.16,0.84,0.0,0.3171547773202831
39628422539905426,0.0,0.68,0.32,0.0,0.45219072886224687
39628427900228483,0.0,0.21,0.79,0.0,0.37074136996563684
39628427900228693,0.0,0.3,0.7,0.0,0.44064544961534635
39628449257620025,0.0,0.1,0.9,0.0,0.2344977967946406
39628433273130644,0.0,0.02,0.98,0.0,0.07072027127091034
39628433273130811,0.0,0.04,0.96,0.0,0.12114609454120741
39628433277322555,0.0,0.1,0.9,0.0,0.2344977967946406
39628433277323264,0.0,0.04,0.96,0.0,0.12114609454120741
39628433277323434,0.0,0.04,0.96,0.0,0.12114609454120741
39628449257620082,0.0,0.23,0.77,0.0,0.38900565177326885
39628433277323612,0.0,0.0,0.98,0.02,0.07072027127091034
39628433277324389,0.0,0.96,0.04,0.0,0.12114609454120741
39628433247961704,0.0,0.01,0.94,0.05,0.1832231322266888
39628427900228638,0.0,0.16,0.84,0.0,0.3171547773202831
39628422544099411,0.0,0.53,0.47,0.0,0.4987007942838698
39628459894376466,0.0,0.98,0.02,0.0,0.07072027127091034
39628433247961643,0.0,0.01,0.99,0.0,0.04039656794795559
39628422544098998,0.0,0.04,0.94,0.02,0.19127133459887283
39628454588582439,0.0,0.58,0.42,0.0,0.49072694751682683
39628422544098864,0.0,0.0,1.0,0.0,-0.0
39628433277325898,0.0,0.8,0.2,0.0,0.36096404744368116
39628433277326021,0.0,0.22,0.78,0.0,0.38008375148098283
39628449257622463,0.0,0.46,0.54,0.0,0.49768921941011285
39628427908615626,0.0,0.63,0.37,0.0,0.47533604634353294
39628427908615285,0.0,0.01,0.99,0.0,0.04039656794795559
39628438608284103,0.0,0.59,0.41,0.0,0.488250234378912
39628465145646749,0.0,0.46,0.54,0.0,0.49768921941011285
39628459865019110,0.0,0.95,0.05,0.0,0.14319847855797813
39628422552486489,0.0,0.03,0.97,0.0,0.0971959289157881
39628454567609402,0.0,0.87,0.13,0.0,0.2787190925139945
39628422552486984,0.0,0.69,0.31,0.0,0.4465867291889284
39628459865018858,0.0,0.13,0.87,0.0,0.2787190925139945
39628449266008113,0.0,0.0,1.0,0.0,-0.0
39628454563416952,0.0,0.19,0.81,0.0,0.3507357299419487
39628454567613043,0.0,0.16,0.84,0.0,0.3171547773202831
39628438629257143,0.0,0.64,0.36,0.0,0.4713415946277461
39628433247961680,0.0,0.5,0.5,0.0,0.5
39628454567613667,0.0,0.86,0.14,0.0,0.292119405821428
39628438591507540,0.0,0.0,0.98,0.02,0.07072027127091034
39628422518936863,0.0,0.7,0.3,0.0,0.44064544961534635
39628449257621749,0.0,0.77,0.23,0.0,0.38900565177326885
39628438591507378,0.0,0.0,0.88,0.12,0.2646804326436822
39628449261816429,0.0,0.87,0.13,0.0,0.2787190925139945
39628438591507320,0.0,0.88,0.12,0.0,0.2646804326436822
39628470430471182,0.0,0.78,0.22,0.0,0.38008375148098283
39628417137641570,0.0,0.99,0.01,0.0,0.04039656794795559
39628465149839350,0.0,0.11,0.89,0.0,0.249957979082264
39628433243771022,0.0,0.56,0.44,0.0,0.4947937606110278
39628433273130488,0.0,0.11,0.89,0.0,0.249957979082264
39628417137643395,0.0,0.24,0.76,0.0,0.39752013969226113
39628411760543668,0.0,0.26,0.74,0.0,0.4133731862463089
39628411760543521,0.0,0.26,0.74,0.0,0.4133731862463089
39628459860825140,0.0,0.25,0.75,0.0,0.4056390622295664
39628465166617345,0.0,0.24,0.76,0.0,0.39752013969226113
39628422556682650,0.0,0.86,0.14,0.0,0.292119405821428
39628470434661546,0.0,0.16,0.84,0.0,0.3171547773202831
39628475694318943,0.0,0.87,0.13,0.0,0.2787190925139945
39628427921197728,0.0,0.15,0.85,0.0,0.3049201523582002
39628470438857258,0.0,0.19,0.81,0.0,0.3507357299419487
39628443947632604,0.0,0.72,0.28,0.0,0.4277254052800653
39628465175008709,0.0,0.09,0.91,0.0,0.21823490853205144
39628449270203665,0.0,0.18,0.82,0.0,0.34003852286413994
39628449266010450,0.0,0.71,0.29,0.0,0.43436062316970225
39628465179197802,0.0,0.35,0.65,0.0,0.4670340276877455
39628449270203582,0.0,0.98,0.02,0.0,0.07072027127091034
39628449270203491,0.0,0.03,0.97,0.0,0.0971959289157881
39628465175008814,0.0,0.77,0.23,0.0,0.38900565177326885
39628470438857078,0.0,0.06,0.94,0.0,0.16372245957723813
39628465175008424,0.0,0.11,0.89,0.0,0.249957979082264
39628449270204046,0.0,0.64,0.36,0.0,0.4713415946277461
39628427921197696,0.0,0.09,0.91,0.0,0.21823490853205144
39628459881792476,0.0,0.21,0.79,0.0,0.37074136996563684
39628449270203811,0.0,0.02,0.93,0.05,0.2131710453499437
39628449270203832,0.0,0.06,0.94,0.0,0.16372245957723813
39628465175007510,0.0,0.1,0.9,0.0,0.2344977967946406
39628449282785508,0.0,0.0,0.95,0.05,0.14319847855797813
39628417141836574,0.0,0.44,0.56,0.0,0.4947937606110278
39628449270203802,0.0,0.12,0.88,0.0,0.2646804326436822
39628449266010519,0.0,0.98,0.02,0.0,0.07072027127091034
39628417154418909,0.0,0.95,0.05,0.0,0.14319847855797813
39628417154418715,0.0,0.94,0.06,0.0,0.16372245957723813
39628433277325252,0.0,0.01,0.99,0.0,0.04039656794795559
39628433277325327,0.0,0.89,0.11,0.0,0.249957979082264
39628454575999040,0.0,0.59,0.41,0.0,0.488250234378912
39628465179201565,0.0,0.0,1.0,0.0,-0.0
39628433243770592,0.0,0.96,0.04,0.0,0.12114609454120741
39628433243770599,0.0,0.59,0.41,0.0,0.488250234378912
39628433243770618,0.0,0.84,0.16,0.0,0.3171547773202831
39628433243770650,0.0,0.07,0.92,0.01,0.22283217282912027
39628449257621503,0.0,0.89,0.11,0.0,0.249957979082264
39628454575999337,0.0,0.63,0.37,0.0,0.47533604634353294
39628454580195472,0.0,0.25,0.75,0.0,0.4056390622295664
39628433285713937,0.0,0.04,0.96,0.0,0.12114609454120741
39628454575998629,0.0,0.09,0.91,0.0,0.21823490853205144
39628465154037159,0.0,0.32,0.68,0.0,0.45219072886224687
39628433243771034,0.0,0.0,1.0,0.0,-0.0
39628433243771053,0.0,0.01,0.99,0.0,0.04039656794795559
39628433277322792,0.0,0.07,0.93,0.0,0.18296182545011158
39628433264740095,0.0,0.91,0.09,0.0,0.21823490853205144
39628427908612339,0.0,0.27,0.73,0.0,0.42073231810408784
39628459898570197,0.0,0.35,0.65,0.0,0.4670340276877455
39628433277325498,0.0,0.11,0.89,0.0,0.249957979082264
39628459873406061,0.0,0.86,0.14,0.0,0.292119405821428
39628427908612381,0.0,0.15,0.85,0.0,0.3049201523582002
39628422527324782,0.0,0.53,0.47,0.0,0.4987007942838698
39628449261816504,0.0,0.14,0.86,0.0,0.292119405821428
39628422539907301,0.0,0.7,0.3,0.0,0.44064544961534635
39628454567613342,0.0,0.43,0.57,0.0,0.4929075185894599
39628449286982242,0.0,0.19,0.81,0.0,0.3507357299419487
39628433256351008,0.0,0.34,0.66,0.0,0.46240935248651505
39628470438857557,0.0,0.28,0.72,0.0,0.4277254052800653
39628449261816157,0.0,0.17,0.83,0.0,0.32885238937210975
39628411752154805,0.0,0.68,0.32,0.0,0.45219072886224687
39628443935050171,0.0,0.65,0.35,0.0,0.4670340276877455
39628465166617432,0.0,0.07,0.93,0.0,0.18296182545011158
39628411752155203,0.0,0.37,0.63,0.0,0.47533604634353294
39628417137644712,0.0,1.0,0.0,0.0,-0.0
39628411752155214,0.0,0.0,1.0,0.0,-0.0
39628459894377968,0.0,0.61,0.39,0.0,0.4823997742525436
39628427912806642,0.0,0.21,0.79,0.0,0.37074136996563684
39628438616676512,0.0,0.47,0.53,0.0,0.4987007942838698
39628422535713334,0.0,0.61,0.39,0.0,0.4823997742525436
39628465162424599,0.01,0.94,0.05,0.0,0.1832231322266888
39628438599895513,0.0,0.2,0.8,0.0,0.36096404744368116
39628438604089040,0.0,0.15,0.85,0.0,0.3049201523582002
39628417141836470,0.0,0.51,0.49,0.0,0.49985572087640495
39628427896034402,0.0,0.83,0.17,0.0,0.32885238937210975
39628443968603259,0.0,0.98,0.02,0.0,0.07072027127091034
39628427921196710,0.0,0.18,0.82,0.0,0.34003852286413994
39628454588582090,0.0,0.02,0.98,0.0,0.07072027127091034
39628459860824975,0.0,0.0,1.0,0.0,-0.0
39628459860824843,0.0,0.0,0.93,0.07,0.18296182545011158
39628459894378100,0.0,0.2,0.8,0.0,0.36096404744368116
39628438633447994,0.0,0.5,0.5,0.0,0.5
39628459860824501,0.0,0.61,0.39,0.0,0.4823997742525436
39628433247961268,0.0,0.18,0.82,0.0,0.34003852286413994
39628433243770225,0.0,1.0,0.0,0.0,-0.0
39628443943437045,0.0,0.54,0.46,0.0,0.49768921941011285
39628443947631601,0.0,0.18,0.82,0.0,0.34003852286413994
39628433243770203,0.0,0.94,0.06,0.0,0.16372245957723813
39628465154032302,0.0,0.8,0.2,0.0,0.36096404744368116
39628449253428168,0.0,0.97,0.03,0.0,0.0971959289157881
39628422539907258,0.0,0.94,0.06,0.0,0.16372245957723813
39628443943441709,0.0,0.13,0.87,0.0,0.2787190925139945
39628465158228184,0.0,0.58,0.42,0.0,0.49072694751682683
39628417162809145,0.0,0.78,0.22,0.0,0.38008375148098283
39628433264743184,0.01,0.99,0.0,0.0,0.04039656794795559
39628454584389058,0.0,0.0,1.0,0.0,-0.0
39628433285712946,0.0,0.28,0.72,0.0,0.4277254052800653
39628443943441558,0.0,0.56,0.44,0.0,0.4947937606110278
39628433247965457,0.0,0.44,0.56,0.0,0.4947937606110278
39628443943441570,0.0,0.28,0.72,0.0,0.4277254052800653
39628449261816852,0.0,0.0,0.81,0.19,0.3507357299419487
39628433285712835,0.0,0.03,0.97,0.0,0.0971959289157881
39628438616671900,0.0,0.27,0.73,0.0,0.42073231810408784
39628427900223929,0.0,0.07,0.93,0.0,0.18296182545011158
39628417141836693,0.0,0.39,0.61,0.0,0.4823997742525436
39628417137643173,0.0,0.96,0.04,0.0,0.12114609454120741
39628438608283512,0.0,0.99,0.01,0.0,0.04039656794795559
39628427891838196,0.0,0.17,0.83,0.0,0.32885238937210975
39628427900223989,0.0,0.21,0.79,0.0,0.37074136996563684
39628443930855023,0.0,0.29,0.71,0.0,0.43436062316970225
39628443964410371,0.0,0.88,0.12,0.0,0.2646804326436822
39628449270207684,0.0,0.52,0.48,0.0,0.4994227679976009
39628443943437253,0.0,0.68,0.32,0.0,0.45219072886224687
39628443943437533,0.0,0.58,0.42,0.0,0.49072694751682683
39628443943437602,0.0,0.1,0.9,0.0,0.2344977967946406
39628443964410478,0.0,0.18,0.82,0.0,0.34003852286413994
39628449261816641,0.0,0.0,0.91,0.09,0.21823490853205144
39628454605358565,0.0,0.29,0.71,0.0,0.43436062316970225
39628449291176913,0.0,0.65,0.35,0.0,0.4670340276877455
39628433256350145,0.0,0.42,0.58,0.0,0.49072694751682683
39628449286981087,0.0,0.43,0.57,0.0,0.4929075185894599
39628411756348233,0.0,0.62,0.38,0.0,0.47902101111314976
39628438625062052,0.0,0.78,0.22,0.0,0.38008375148098283
39628443930856261,0.0,0.07,0.93,0.0,0.18296182545011158
39628454584386936,0.0,0.01,0.99,0.0,0.04039656794795559
39628454576000690,0.0,0.76,0.24,0.0,0.39752013969226113
39628438625061939,0.0,0.67,0.33,0.0,0.4574631863898637
39628465149837491,0.0,0.63,0.37,0.0,0.47533604634353294
39628438625061887,0.0,0.09,0.91,0.0,0.21823490853205144
39628454576001314,0.0,0.12,0.88,0.0,0.2646804326436822
39628465170814289,0.0,0.53,0.47,0.0,0.4987007942838698
39628459890181936,0.0,0.08,0.92,0.0,0.2010895951011364
39628422527321909,0.0,0.85,0.15,0.0,0.3049201523582002
39628422539904243,0.0,0.58,0.42,0.0,0.49072694751682683
39628459885992046,0.0,0.45,0.55,0.0,0.49638722699390414
39628422535713719,0.0,0.36,0.64,0.0,0.4713415946277461
39628422535713711,0.0,0.09,0.91,0.0,0.21823490853205144
39628433268935768,0.0,0.37,0.63,0.0,0.47533604634353294
39628459890181779,0.01,0.94,0.05,0.0,0.1832231322266888
39628422539904339,0.0,0.18,0.82,0.0,0.34003852286413994
39628459890181474,0.0,0.25,0.75,0.0,0.4056390622295664
39628465170813887,0.0,0.64,0.36,0.0,0.4713415946277461
39628422539904415,0.0,0.07,0.92,0.01,0.22283217282912027
39628459890181192,0.0,0.18,0.82,0.0,0.34003852286413994
39628459898571334,0.0,0.51,0.49,0.0,0.49985572087640495
39628438637641763,0.0,0.11,0.89,0.0,0.249957979082264
39628433273131290,0.0,0.66,0.34,0.0,0.46240935248651505
39628433273131144,0.0,0.95,0.05,0.0,0.14319847855797813
39628433273130893,0.0,0.77,0.23,0.0,0.38900565177326885
39628465170814291,0.0,0.26,0.74,0.0,0.4133731862463089
39628443968603847,0.0,0.0,1.0,0.0,-0.0
39628443968603901,0.0,0.54,0.46,0.0,0.49768921941011285
39628443968604169,0.0,0.35,0.65,0.0,0.4670340276877455
39628465170814427,0.0,0.1,0.9,0.0,0.2344977967946406
39628454571804517,0.0,0.0,1.0,0.0,-0.0
39628427900227282,0.01,0.89,0.1,0.0,0.27413031336294724
39628454567613315,0.0,0.02,0.96,0.02,0.14114609454120738
39628454567613191,0.0,0.02,0.98,0.0,0.07072027127091034
39628454575998337,0.0,0.05,0.94,0.01,0.1832231322266888
39628422531514778,0.0,0.13,0.87,0.0,0.2787190925139945
39628433247961925,0.0,0.31,0.69,0.0,0.4465867291889284
39628438620867761,0.0,0.08,0.92,0.0,0.2010895951011364
39628438620867883,0.0,0.99,0.01,0.0,0.04039656794795559
39628454567612939,0.0,0.04,0.96,0.0,0.12114609454120741
39628427921196579,0.0,0.02,0.98,0.0,0.07072027127091034
39628443943437686,0.0,0.35,0.65,0.0,0.4670340276877455
39628443939243499,0.0,0.0,1.0,0.0,-0.0
39628427908613926,0.0,0.88,0.12,0.0,0.2646804326436822
39628443939243402,0.0,0.03,0.97,0.0,0.0971959289157881
39628443939243319,0.0,0.01,0.93,0.06,0.20367037270049304
39628438599897283,0.0,0.14,0.86,0.0,0.292119405821428
39628465158230919,0.0,0.02,0.98,0.0,0.07072027127091034
39628454601163705,0.0,0.74,0.26,0.0,0.4133731862463089
39628443947633493,0.0,0.71,0.29,0.0,0.43436062316970225
39628449257621497,0.0,0.53,0.47,0.0,0.4987007942838698
39628459894374766,0.0,0.58,0.42,0.0,0.49072694751682683
39628427921198196,0.0,0.41,0.59,0.0,0.488250234378912
39628449270203222,0.0,0.52,0.48,0.0,0.4994227679976009
39628459890181467,0.0,0.39,0.61,0.0,0.4823997742525436
39628465158231003,0.0,0.06,0.94,0.0,0.16372245957723813
39628459894374708,0.0,0.97,0.03,0.0,0.0971959289157881
39628465158230844,0.0,0.22,0.78,0.0,0.38008375148098283
39628422548293239,0.0,0.1,0.9,0.0,0.2344977967946406
39628454601165717,0.0,0.82,0.18,0.0,0.34003852286413994
39628470430470127,0.0,0.11,0.89,0.0,0.249957979082264
39628454576001021,0.0,0.03,0.97,0.0,0.0971959289157881
39628470438855045,0.0,0.57,0.43,0.0,0.4929075185894599
39628454576000753,0.0,1.0,0.0,0.0,-0.0
39628422527325106,0.0,0.15,0.85,0.0,0.3049201523582002
39628427904418955,0.0,0.82,0.18,0.0,0.34003852286413994
39628422527324906,0.0,0.19,0.81,0.0,0.3507357299419487
39628470438855093,0.0,0.73,0.27,0.0,0.42073231810408784
39628470438855079,0.0,0.99,0.01,0.0,0.04039656794795559
39628454596968977,0.0,0.36,0.64,0.0,0.4713415946277461
39628411756348554,0.0,0.0,1.0,0.0,-0.0
39628459881793947,0.0,0.05,0.95,0.0,0.14319847855797813
39628433285713022,0.0,0.34,0.66,0.0,0.46240935248651505
39628454563419747,0.0,1.0,0.0,0.0,-0.0
39628411752156806,0.0,1.0,0.0,0.0,-0.0
39628427896030236,0.0,0.34,0.66,0.0,0.46240935248651505
39628459877601662,0.0,0.04,0.96,0.0,0.12114609454120741
39628443947631315,0.0,0.49,0.51,0.0,0.49985572087640495
39628427896030300,0.0,0.48,0.52,0.0,0.4994227679976009
39628443947631616,0.0,1.0,0.0,0.0,-0.0
39628449261818477,0.0,0.48,0.52,0.0,0.4994227679976009
39628433247961150,0.0,0.91,0.09,0.0,0.21823490853205144
39628465162420574,0.0,0.94,0.06,0.0,0.16372245957723813
39628454592775817,0.0,1.0,0.0,0.0,-0.0
39628438612478394,0.0,0.72,0.28,0.0,0.4277254052800653
39628433264739867,0.0,0.99,0.01,0.0,0.04039656794795559
39628411760545038,0.02,0.98,0.0,0.0,0.07072027127091034
39628411760545331,0.0,0.86,0.14,0.0,0.292119405821428
39628433289908469,0.0,0.87,0.13,0.0,0.2787190925139945
39628411760545665,0.0,0.74,0.26,0.0,0.4133731862463089
39628417158613702,0.0,0.06,0.94,0.0,0.16372245957723813
39628417167002221,0.0,0.79,0.21,0.0,0.37074136996563684
39628433281518632,0.0,0.32,0.68,0.0,0.45219072886224687
39628449274397579,0.0,0.9,0.1,0.0,0.2344977967946406
39628417162809099,0.0,0.69,0.31,0.0,0.4465867291889284
39628433285714629,0.0,0.01,0.95,0.04,0.16124668093016215
39628417162808999,0.0,0.27,0.73,0.0,0.42073231810408784
39628459894375901,0.0,0.98,0.02,0.0,0.07072027127091034
39628438604091462,0.0,0.1,0.9,0.0,0.2344977967946406
39628438608282265,0.0,0.64,0.36,0.0,0.4713415946277461
39628427929586050,0.0,0.6,0.4,0.0,0.4854752972273343
39628438608281986,0.0,0.65,0.35,0.0,0.4670340276877455
39628459894376299,0.0,0.79,0.21,0.0,0.37074136996563684
39628449274397381,0.0,0.14,0.86,0.0,0.292119405821428
39628465162421149,0.0,0.16,0.84,0.0,0.3171547773202831
39628449274397395,0.0,0.0,0.98,0.02,0.07072027127091034
39628427887644883,0.0,0.85,0.15,0.0,0.3049201523582002
39628433285714759,0.0,0.99,0.01,0.0,0.04039656794795559
39628422539904982,0.0,0.21,0.79,0.0,0.37074136996563684
39628427887644932,0.0,0.48,0.52,0.0,0.4994227679976009
39628449274397086,0.0,0.93,0.07,0.0,0.18296182545011158
39628422539904861,0.0,0.44,0.56,0.0,0.4947937606110278
39628427887645238,0.0,0.01,0.97,0.02,0.11097036642660543
39628427887645250,0.0,0.16,0.84,0.0,0.3171547773202831
39628449274397178,0.0,0.0,0.94,0.06,0.16372245957723813
39628433285714643,0.0,0.0,0.85,0.15,0.3049201523582002
39628422552490389,0.0,1.0,0.0,0.0,-0.0
39628417167002724,0.0,0.0,0.91,0.09,0.21823490853205144
39628454592775026,0.0,0.67,0.33,0.0,0.4574631863898637
39628427887642794,0.0,0.77,0.23,0.0,0.38900565177326885
39628417167002974,0.0,0.98,0.02,0.0,0.07072027127091034
39628417167004553,0.0,0.06,0.94,0.0,0.16372245957723813
39628454592776934,0.0,0.05,0.95,0.0,0.14319847855797813
39628465166615842,0.0,0.13,0.87,0.0,0.2787190925139945
39628433285714719,0.0,0.01,0.96,0.03,0.13737165703039006
39628459881796340,0.0,0.02,0.98,0.0,0.07072027127091034
39628427887646114,0.0,0.51,0.49,0.0,0.49985572087640495
39628427912809023,0.0,0.39,0.61,0.0,0.4823997742525436
39628427900228350,0.0,0.57,0.43,0.0,0.4929075185894599
39628422539904716,0.0,0.22,0.78,0.0,0.38008375148098283
39628459881794106,0.0,0.02,0.98,0.0,0.07072027127091034
39628465175007938,0.0,0.11,0.89,0.0,0.249957979082264
39628443947630701,0.0,0.19,0.81,0.0,0.3507357299419487
39628438633449163,0.0,0.16,0.84,0.0,0.3171547773202831
39628422539904630,0.0,0.79,0.21,0.0,0.37074136996563684
39628438608284281,0.0,0.88,0.12,0.0,0.2646804326436822
39628449257621692,0.0,0.85,0.15,0.0,0.3049201523582002
39628438604091437,0.0,0.26,0.74,0.0,0.4133731862463089
39628433256350786,0.0,0.13,0.87,0.0,0.2787190925139945
39628438641836198,0.0,0.9,0.1,0.0,0.2344977967946406
39628433256350867,0.0,0.97,0.03,0.0,0.0971959289157881
39628433273129894,0.0,0.4,0.6,0.0,0.4854752972273343
39628433277324946,0.0,0.2,0.8,0.0,0.36096404744368116
39628438608283890,0.0,0.43,0.57,0.0,0.4929075185894599
39628438604091666,0.0,0.56,0.44,0.0,0.4947937606110278
39628438641836492,0.0,0.61,0.39,0.0,0.4823997742525436
39628459865015756,0.0,0.03,0.97,0.0,0.0971959289157881
39628449257621262,0.0,0.43,0.57,0.0,0.4929075185894599
39628465158226702,0.0,0.68,0.32,0.0,0.45219072886224687
39628433285714077,0.0,0.08,0.92,0.0,0.2010895951011364
39628438604091612,0.0,0.28,0.72,0.0,0.4277254052800653
39628449266012101,0.0,0.98,0.02,0.0,0.07072027127091034
39628427925389485,0.0,0.15,0.85,0.0,0.3049201523582002
39628433247966163,0.0,0.65,0.35,0.0,0.4670340276877455
39628449278595486,0.0,0.58,0.42,0.0,0.49072694751682683
39628433260546875,0.0,0.39,0.61,0.0,0.4823997742525436
39628443930856100,0.0,0.69,0.31,0.0,0.4465867291889284
39628465145647348,0.0,0.0,0.99,0.01,0.04039656794795559
39628449282786013,0.0,0.04,0.96,0.0,0.12114609454120741
39628465162421252,0.0,0.72,0.28,0.0,0.4277254052800653
39628417150224808,0.0,0.42,0.58,0.0,0.49072694751682683
39628417150224765,0.0,0.92,0.08,0.0,0.2010895951011364
39628427925389514,0.0,0.12,0.88,0.0,0.2646804326436822
39628433289904465,0.0,0.34,0.66,0.0,0.46240935248651505
39628459869211305,0.0,0.03,0.97,0.0,0.0971959289157881
39628438629257192,0.0,0.49,0.51,0.0,0.49985572087640495
39628449278595460,0.01,0.99,0.0,0.0,0.04039656794795559
39628438629257375,0.0,0.09,0.91,0.0,0.21823490853205144
39628449278592528,0.0,0.14,0.86,0.0,0.292119405821428
39628433289904488,0.0,0.01,0.81,0.18,0.3789955935892812
39628459869209917,0.0,0.12,0.88,0.0,0.2646804326436822
39628459877599770,0.0,0.1,0.9,0.0,0.2344977967946406
39628449278592564,0.0,0.0,0.88,0.12,0.2646804326436822
39628427912809491,0.0,0.89,0.11,0.0,0.249957979082264
39628443947631196,0.0,0.62,0.38,0.0,0.47902101111314976
39628459869210072,0.0,0.98,0.02,0.0,0.07072027127091034
39628443947631239,0.0,0.23,0.77,0.0,0.38900565177326885
39628465162420911,0.0,0.03,0.97,0.0,0.0971959289157881
39628443939243328,0.0,1.0,0.0,0.0,-0.0
39628465158226915,0.0,0.21,0.79,0.0,0.37074136996563684
39628443939243362,0.0,0.33,0.67,0.0,0.4574631863898637
39628438604087851,0.0,0.84,0.16,0.0,0.3171547773202831
39628465158226707,0.0,0.93,0.07,0.0,0.18296182545011158
39628459877602024,0.0,0.94,0.06,0.0,0.16372245957723813
39628459877602011,0.0,0.07,0.93,0.0,0.18296182545011158
39628465179198914,0.0,0.77,0.23,0.0,0.38900565177326885
39628443968602759,0.0,0.51,0.49,0.0,0.49985572087640495
39628427904419519,0.0,0.57,0.43,0.0,0.4929075185894599
39628465145646467,0.0,1.0,0.0,0.0,-0.0
39628438629257208,0.0,0.39,0.61,0.0,0.4823997742525436
39628427904419390,0.0,0.96,0.04,0.0,0.12114609454120741
39628438604087747,0.0,0.13,0.87,0.0,0.2787190925139945
39628411760544318,0.0,1.0,0.0,0.0,-0.0
39628422556680656,0.0,0.0,0.91,0.09,0.21823490853205144
39628417167004129,0.0,0.2,0.8,0.0,0.36096404744368116
39628417167002470,0.0,0.03,0.97,0.0,0.0971959289157881
39628449274397120,0.0,0.0,0.95,0.05,0.14319847855797813
39628417167004429,0.0,0.41,0.59,0.0,0.488250234378912
39628422552490046,0.0,0.64,0.36,0.0,0.4713415946277461
39628422556680825,0.0,0.61,0.39,0.0,0.4823997742525436
39628417167002182,0.0,0.0,0.92,0.08,0.2010895951011364
39628417167004285,0.0,1.0,0.0,0.0,-0.0
39628417158613136,0.0,0.55,0.45,0.0,0.49638722699390414
39628427921198904,0.0,0.25,0.75,0.0,0.4056390622295664
39628411743768439,0.0,0.16,0.84,0.0,0.3171547773202831
39628422539905121,0.0,0.23,0.77,0.0,0.38900565177326885
39628433289908611,0.02,0.98,0.0,0.0,0.07072027127091034
39628417167004297,0.0,0.59,0.41,0.0,0.488250234378912
39628417171194106,0.0,0.11,0.89,0.0,0.249957979082264
39628433256351481,0.0,0.04,0.96,0.0,0.12114609454120741
39628422556680517,0.0,0.81,0.19,0.0,0.3507357299419487
39628433294098947,0.0,0.31,0.69,0.0,0.4465867291889284
39628422556680653,0.0,0.11,0.89,0.0,0.249957979082264
39628465158228486,0.0,0.12,0.88,0.0,0.2646804326436822
39628433256351682,0.0,0.08,0.92,0.0,0.2010895951011364
39628427929585329,0.0,0.44,0.56,0.0,0.4947937606110278
39628459894377589,0.0,0.0,0.98,0.02,0.07072027127091034
39628465158228357,0.01,0.44,0.55,0.0,0.5309792175678756
39628433289908146,0.0,0.07,0.93,0.0,0.18296182545011158
39628465179198253,0.0,0.5,0.5,0.0,0.5
39628433252158459,0.0,0.11,0.89,0.0,0.249957979082264
39628417162808911,0.0,0.72,0.28,0.0,0.4277254052800653
39628433289908308,0.0,0.92,0.08,0.0,0.2010895951011364
39628433294098507,0.0,0.29,0.71,0.0,0.43436062316970225
39628433285713364,0.0,0.06,0.94,0.0,0.16372245957723813
39628433289908277,0.0,0.59,0.41,0.0,0.488250234378912
39628465175008296,0.0,0.59,0.41,0.0,0.488250234378912
39628459865014523,0.0,0.21,0.79,0.0,0.37074136996563684
39628427921197109,0.0,0.37,0.63,0.0,0.47533604634353294
39628417158614208,0.0,0.82,0.18,0.0,0.34003852286413994
39628433294098652,0.0,0.32,0.68,0.0,0.45219072886224687
39628459873405953,0.0,0.0,0.97,0.03,0.0971959289157881
39628443947633297,0.0,0.32,0.68,0.0,0.45219072886224687
39628454584386052,0.0,0.73,0.27,0.0,0.42073231810408784
39628443930855943,0.0,0.6,0.4,0.0,0.4854752972273343
39628433256354152,0.0,0.05,0.95,0.0,0.14319847855797813
39628433252158519,0.0,0.04,0.95,0.01,0.16124668093016215
39628433289908485,0.0,0.0,0.99,0.01,0.04039656794795559
39628433289908389,0.0,1.0,0.0,0.0,-0.0
39628422552489815,0.0,0.92,0.08,0.0,0.2010895951011364
39628422552489656,0.0,0.09,0.91,0.0,0.21823490853205144
39628459894377842,0.0,0.37,0.63,0.0,0.47533604634353294
39628433289906278,0.0,1.0,0.0,0.0,-0.0
39628427908612975,0.0,0.13,0.87,0.0,0.2787190925139945
39628427921197177,0.0,0.42,0.58,0.0,0.49072694751682683
39628433252158877,0.0,0.02,0.98,0.0,0.07072027127091034
39628433277325827,0.0,0.94,0.06,0.0,0.16372245957723813
39628433252158869,0.0,0.46,0.54,0.0,0.49768921941011285
39628433252159328,0.0,0.39,0.61,0.0,0.4823997742525436
39628459894378163,0.0,0.97,0.03,0.0,0.0971959289157881
39628411743768161,0.0,0.91,0.09,0.0,0.21823490853205144
39628443972796735,0.0,0.69,0.31,0.0,0.4465867291889284
39628427929585954,0.01,0.98,0.01,0.0,0.08072027127091033
39628427929585254,0.0,0.78,0.22,0.0,0.38008375148098283
39628422518934813,0.0,1.0,0.0,0.0,-0.0
39628427929585138,0.0,0.95,0.05,0.0,0.14319847855797813
39628438625060752,0.0,0.44,0.56,0.0,0.4947937606110278
39628433252157476,0.0,0.62,0.38,0.0,0.47902101111314976
39628433252157488,0.0,0.94,0.06,0.0,0.16372245957723813
39628443964411713,0.0,0.95,0.05,0.0,0.14319847855797813
39628427929585747,0.0,0.85,0.15,0.0,0.3049201523582002
39628427929585288,0.0,0.03,0.97,0.0,0.0971959289157881
39628427929583923,0.01,0.99,0.0,0.0,0.04039656794795559
39628417158613634,0.0,0.88,0.12,0.0,0.2646804326436822
39628417158613887,0.0,1.0,0.0,0.0,-0.0
39628449274397390,0.0,0.0,0.96,0.04,0.12114609454120741
39628449274397631,0.0,0.22,0.78,0.0,0.38008375148098283
39628459890185848,0.0,0.92,0.08,0.0,0.2010895951011364
39628459890185761,0.0,0.53,0.47,0.0,0.4987007942838698
39628449274397627,0.0,0.77,0.23,0.0,0.38900565177326885
39628422539904787,0.0,0.97,0.03,0.0,0.0971959289157881
39628438608284395,0.0,0.59,0.41,0.0,0.488250234378912
39628433281519440,0.0,0.05,0.95,0.0,0.14319847855797813
39628443947631573,0.0,0.07,0.93,0.0,0.18296182545011158
39628449257622015,0.0,0.75,0.25,0.0,0.4056390622295664
39628459894375615,0.0,0.09,0.91,0.0,0.21823490853205144
39628459894374975,0.0,0.36,0.64,0.0,0.4713415946277461
39628454576002058,0.0,0.67,0.33,0.0,0.4574631863898637
39628417158613697,0.0,0.0,0.97,0.03,0.0971959289157881
39628459894375426,0.0,0.17,0.83,0.0,0.32885238937210975
39628438604087611,0.0,0.12,0.88,0.0,0.2646804326436822
39628454576001171,0.0,0.84,0.16,0.0,0.3171547773202831
39628443935052289,0.0,0.89,0.11,0.0,0.249957979082264
39628417158613458,0.0,0.0,0.86,0.14,0.292119405821428
39628411760545122,0.0,0.53,0.47,0.0,0.4987007942838698
39628443947633862,0.0,0.79,0.21,0.0,0.37074136996563684
39628449274397765,0.0,0.31,0.69,0.0,0.4465867291889284
39628427929586080,0.0,0.43,0.57,0.0,0.4929075185894599
39628438625061211,0.0,0.96,0.04,0.0,0.12114609454120741
39628459873405977,0.0,0.67,0.33,0.0,0.4574631863898637
39628438604090471,0.0,0.13,0.87,0.0,0.2787190925139945
39628449295371669,0.0,0.02,0.97,0.01,0.11097036642660543
39628433289905752,0.0,0.42,0.58,0.0,0.49072694751682683
39628443926659974,0.0,0.23,0.77,0.0,0.38900565177326885
39628433247961401,0.0,0.01,0.99,0.0,0.04039656794795559
39628427896030227,0.01,0.89,0.1,0.0,0.27413031336294724
39628438641837001,0.0,0.43,0.57,0.0,0.4929075185894599
39628443947632611,0.0,1.0,0.0,0.0,-0.0
39628443947632456,0.0,0.18,0.82,0.0,0.34003852286413994
39628443956023721,0.0,0.52,0.48,0.0,0.4994227679976009
39628449261814109,0.0,0.69,0.31,0.0,0.4465867291889284
39628443947632392,0.0,0.15,0.85,0.0,0.3049201523582002
39628433285713165,0.0,0.83,0.17,0.0,0.32885238937210975
39628433252155488,0.0,0.04,0.96,0.0,0.12114609454120741
39628465166617102,0.0,0.08,0.92,0.0,0.2010895951011364
39628443968603981,0.0,0.21,0.79,0.0,0.37074136996563684
39628459885990451,0.0,0.49,0.51,0.0,0.49985572087640495
39628427900226803,0.0,0.18,0.82,0.0,0.34003852286413994
39628443935051118,0.0,0.07,0.93,0.0,0.18296182545011158
39628427900224078,0.0,0.64,0.36,0.0,0.4713415946277461
39628449266011502,0.0,0.0,0.98,0.02,0.07072027127091034
39628422548294958,0.0,0.52,0.48,0.0,0.4994227679976009
39628443935051110,0.0,0.14,0.86,0.0,0.292119405821428
39628411752154797,0.0,0.08,0.92,0.0,0.2010895951011364
39628438595702657,0.0,0.34,0.66,0.0,0.46240935248651505
39628422518935983,0.0,0.01,0.97,0.02,0.11097036642660543
39628422539903698,0.0,0.6,0.4,0.0,0.4854752972273343
39628454559225764,0.01,0.98,0.01,0.0,0.08072027127091033
39628454571803315,0.0,0.54,0.46,0.0,0.49768921941011285
39628454571803155,0.0,0.64,0.36,0.0,0.4713415946277461
39628438608283675,0.0,0.33,0.67,0.0,0.4574631863898637
39628427925390778,0.0,0.26,0.74,0.0,0.4133731862463089
39628422527325148,0.0,0.17,0.83,0.0,0.32885238937210975
39628465149839258,0.0,0.64,0.36,0.0,0.4713415946277461
39628438612476495,0.0,0.12,0.88,0.0,0.2646804326436822
39628422527322133,0.0,0.31,0.69,0.0,0.4465867291889284
39628443943439735,0.0,0.45,0.55,0.0,0.49638722699390414
39628454571803127,0.0,0.84,0.16,0.0,0.3171547773202831
39628411752154644,0.0,0.76,0.24,0.0,0.39752013969226113
39628454575997669,0.0,0.28,0.72,0.0,0.4277254052800653
39628454571803793,0.0,0.0,0.99,0.01,0.04039656794795559
39628459894376656,0.0,0.14,0.86,0.0,0.292119405821428
39628459877602543,0.0,0.59,0.41,0.0,0.488250234378912
39628438595702577,0.0,0.85,0.15,0.0,0.3049201523582002
39628411752154553,0.0,0.64,0.36,0.0,0.4713415946277461
39628459877598937,0.0,0.16,0.84,0.0,0.3171547773202831
39628443935048774,0.0,0.28,0.72,0.0,0.4277254052800653
39628443947631110,0.0,0.52,0.48,0.0,0.4994227679976009
39628459869213193,0.0,0.3,0.7,0.0,0.44064544961534635
39628438595699276,0.0,0.87,0.13,0.0,0.2787190925139945
39628422539907289,0.0,0.71,0.29,0.0,0.43436062316970225
39628438595702913,0.0,0.7,0.3,0.0,0.44064544961534635
39628454584389023,0.0,0.03,0.97,0.0,0.0971959289157881
39628454584389072,0.0,0.96,0.04,0.0,0.12114609454120741
39628465158230789,0.0,0.01,0.99,0.0,0.04039656794795559
39628443968604471,0.0,0.06,0.94,0.0,0.16372245957723813
39628433252158750,0.0,0.19,0.81,0.0,0.3507357299419487
39628417154416925,0.0,0.66,0.34,0.0,0.46240935248651505
39628449286982471,0.0,0.19,0.81,0.0,0.3507357299419487
39628443968604123,0.0,0.17,0.83,0.0,0.32885238937210975
39628465179198853,0.0,0.24,0.76,0.0,0.39752013969226113
39628438595702714,0.0,0.11,0.88,0.01,0.28950944366190023
39628459860824085,0.0,0.97,0.03,0.0,0.0971959289157881
39628438595702726,0.0,0.69,0.31,0.0,0.4465867291889284
39628443939244063,0.0,0.5,0.5,0.0,0.5
39628417141835975,0.0,0.97,0.03,0.0,0.0971959289157881
39628443939243677,0.04,0.91,0.05,0.0,0.2628333312247715
39628443939243672,0.0,0.09,0.91,0.0,0.21823490853205144
39628417141835899,0.0,0.11,0.89,0.0,0.249957979082264
39628433252158549,0.0,0.88,0.12,0.0,0.2646804326436822
39628443943437140,0.0,0.42,0.58,0.0,0.49072694751682683
39628459869213109,0.0,0.0,0.89,0.11,0.249957979082264
39628449266009038,0.0,0.02,0.98,0.0,0.07072027127091034
39628443935051343,0.0,0.05,0.95,0.0,0.14319847855797813
39628443935051278,0.0,0.16,0.84,0.0,0.3171547773202831
39628411760543566,0.0,0.14,0.86,0.0,0.292119405821428
39628411760543663,0.0,0.27,0.73,0.0,0.42073231810408784
39628411760543542,0.0,0.12,0.88,0.0,0.2646804326436822
39628443947632412,0.0,0.99,0.01,0.0,0.04039656794795559
39628433243771299,0.0,0.62,0.38,0.0,0.47902101111314976
39628459881793281,0.0,0.0,0.98,0.02,0.07072027127091034
39628459881793211,0.0,0.83,0.17,0.0,0.32885238937210975
39628438608284456,0.0,0.17,0.83,0.0,0.32885238937210975
39628433264738770,0.0,0.0,1.0,0.0,-0.0
39628443947630650,0.0,0.99,0.01,0.0,0.04039656794795559
39628422548293787,0.0,0.12,0.88,0.0,0.2646804326436822
39628433264739510,0.0,0.92,0.08,0.0,0.2010895951011364
39628422544098003,0.0,0.99,0.01,0.0,0.04039656794795559
39628454580195343,0.0,0.99,0.01,0.0,0.04039656794795559
39628454580195333,0.01,0.96,0.03,0.0,0.13737165703039006
39628454592774694,0.0,1.0,0.0,0.0,-0.0
39628443930855978,0.0,0.41,0.59,0.0,0.488250234378912
39628465179201722,0.0,0.81,0.19,0.0,0.3507357299419487
39628449270203925,0.0,0.01,0.99,0.0,0.04039656794795559
39628417141835864,0.0,0.1,0.9,0.0,0.2344977967946406
39628417146031347,0.0,0.03,0.97,0.0,0.0971959289157881
39628449282785566,0.0,0.03,0.97,0.0,0.0971959289157881
39628454601167107,0.0,0.2,0.8,0.0,0.36096404744368116
39628465166617733,0.0,0.01,0.99,0.0,0.04039656794795559
39628459890185054,0.0,0.17,0.83,0.0,0.32885238937210975
39628459877602209,0.0,0.59,0.41,0.0,0.488250234378912
39628411752154959,0.0,0.1,0.9,0.0,0.2344977967946406
39628422544098314,0.0,0.22,0.78,0.0,0.38008375148098283
39628438620865268,0.0,0.82,0.18,0.0,0.34003852286413994
39628449291176893,0.0,0.97,0.03,0.0,0.0971959289157881
39628422544098379,0.0,0.17,0.83,0.0,0.32885238937210975
39628449253428040,0.0,0.04,0.96,0.0,0.12114609454120741
39628454559223310,0.0,0.11,0.88,0.01,0.28950944366190023
39628443939245309,0.0,0.5,0.5,0.0,0.5
39628433247963924,0.0,1.0,0.0,0.0,-0.0
39628465158228322,0.0,0.11,0.89,0.0,0.249957979082264
39628443968603361,0.0,0.05,0.95,0.0,0.14319847855797813
39628443968603570,0.0,0.21,0.79,0.0,0.37074136996563684
39628411747962348,0.0,0.77,0.23,0.0,0.38900565177326885
39628443968603509,0.0,0.36,0.64,0.0,0.4713415946277461
39628443968603445,0.0,0.63,0.37,0.0,0.47533604634353294
39628438612478504,0.0,0.47,0.53,0.0,0.4987007942838698
39628443956023754,0.0,0.37,0.63,0.0,0.47533604634353294
39628470422083554,0.0,0.07,0.93,0.0,0.18296182545011158
39628433260547192,0.0,0.0,0.97,0.03,0.0971959289157881
39628459865014961,0.0,0.97,0.03,0.0,0.0971959289157881
39628422548295148,0.0,0.22,0.78,0.0,0.38008375148098283
39628443968605743,0.0,0.15,0.85,0.0,0.3049201523582002
39628422527321834,0.0,0.97,0.03,0.0,0.0971959289157881
39628427908614098,0.0,0.4,0.6,0.0,0.4854752972273343
39628459865016731,0.0,0.0,0.97,0.03,0.0971959289157881
39628443956020694,0.0,0.53,0.47,0.0,0.4987007942838698
39628459869212928,0.0,0.0,0.91,0.09,0.21823490853205144
39628454575999075,0.0,0.29,0.71,0.0,0.43436062316970225
39628465154036854,0.0,0.31,0.69,0.0,0.4465867291889284
39628459881793752,0.0,0.17,0.83,0.0,0.32885238937210975
39628438608284511,0.0,0.07,0.93,0.0,0.18296182545011158
39628454580195189,0.0,0.0,1.0,0.0,-0.0
39628454580195181,0.0,0.1,0.9,0.0,0.2344977967946406
39628465166616727,0.0,0.04,0.96,0.0,0.12114609454120741
39628443947633264,0.0,0.65,0.35,0.0,0.4670340276877455
39628465154036859,0.0,0.07,0.93,0.0,0.18296182545011158
39628443964409182,0.01,0.91,0.08,0.0,0.24088153359695552
39628443947633222,0.0,0.75,0.25,0.0,0.4056390622295664
39628427883451557,0.0,0.61,0.39,0.0,0.4823997742525436
39628427891839727,0.0,0.99,0.01,0.0,0.04039656794795559
39628427900227168,0.0,0.21,0.79,0.0,0.37074136996563684
39628427900227236,0.0,0.88,0.12,0.0,0.2646804326436822
39628422544098543,0.0,0.12,0.88,0.0,0.2646804326436822
39628427891839724,0.0,0.05,0.95,0.0,0.14319847855797813
39628438612478248,0.0,0.76,0.24,0.0,0.39752013969226113
39628465162420525,0.01,0.96,0.03,0.0,0.13737165703039006
39628454588581950,0.0,0.35,0.65,0.0,0.4670340276877455
39628465162420994,0.0,0.9,0.1,0.0,0.2344977967946406
39628449257621204,0.0,0.44,0.56,0.0,0.4947937606110278
39628438595702365,0.0,0.82,0.18,0.0,0.34003852286413994
39628454571803394,0.0,0.65,0.35,0.0,0.4670340276877455
39628449291177307,0.0,0.44,0.56,0.0,0.4947937606110278
39628422539905853,0.0,0.15,0.85,0.0,0.3049201523582002
39628422539906101,0.0,0.95,0.05,0.0,0.14319847855797813
39628449257621164,0.0,0.16,0.84,0.0,0.3171547773202831
39628433277325923,0.0,0.95,0.05,0.0,0.14319847855797813
39628465162420387,0.0,0.05,0.95,0.0,0.14319847855797813
39628465162420717,0.0,0.8,0.2,0.0,0.36096404744368116
39628433294098996,0.0,0.38,0.62,0.0,0.47902101111314976
39628449291177350,0.0,0.99,0.01,0.0,0.04039656794795559
39628443947634122,0.0,0.93,0.07,0.0,0.18296182545011158
39628465179198343,0.0,0.16,0.84,0.0,0.3171547773202831
39628443968605505,0.0,0.74,0.26,0.0,0.4133731862463089
39628417167001599,0.0,0.02,0.98,0.0,0.07072027127091034
39628443960216658,0.0,0.04,0.96,0.0,0.12114609454120741
39628427887642327,0.0,0.76,0.24,0.0,0.39752013969226113
39628459877600157,0.0,0.91,0.09,0.0,0.21823490853205144
39628438637644239,0.0,0.4,0.6,0.0,0.4854752972273343
39628433252159268,0.0,0.07,0.93,0.0,0.18296182545011158
39628459877598318,0.0,0.45,0.55,0.0,0.49638722699390414
39628411747962426,0.0,0.16,0.84,0.0,0.3171547773202831
39628411743768464,0.0,0.95,0.05,0.0,0.14319847855797813
39628411743768176,0.0,0.34,0.66,0.0,0.46240935248651505
39628411743768436,0.0,0.35,0.65,0.0,0.4670340276877455
39628411743768272,0.0,0.82,0.18,0.0,0.34003852286413994
39628459873406577,0.0,0.63,0.37,0.0,0.47533604634353294
39628443964411946,0.0,0.99,0.01,0.0,0.04039656794795559
39628443964411976,0.0,0.72,0.28,0.0,0.4277254052800653
39628438604088056,0.0,0.07,0.93,0.0,0.18296182545011158
39628449295372268,0.0,0.99,0.01,0.0,0.04039656794795559
39628449295372259,0.0,0.97,0.03,0.0,0.0971959289157881
39628411743768568,0.0,0.16,0.84,0.0,0.3171547773202831
39628411743768800,0.0,0.81,0.19,0.0,0.3507357299419487
39628449291178247,0.0,0.0,0.99,0.01,0.04039656794795559
39628449261814508,0.0,0.03,0.97,0.0,0.0971959289157881
39628470447247420,0.0,0.62,0.38,0.0,0.47902101111314976
39628443960215653,0.0,0.57,0.43,0.0,0.4929075185894599
39628433277325759,0.0,1.0,0.0,0.0,-0.0
39628459890183264,0.0,0.33,0.67,0.0,0.4574631863898637
39628443960215458,0.0,1.0,0.0,0.0,-0.0
39628443960215553,0.0,0.05,0.94,0.01,0.1832231322266888
39628438604091058,0.0,0.74,0.26,0.0,0.4133731862463089
39628465149838847,0.0,0.08,0.92,0.0,0.2010895951011364
39628465149838730,0.0,0.5,0.5,0.0,0.5
39628438625061499,0.0,0.02,0.98,0.0,0.07072027127091034
39628427904418441,0.0,0.63,0.37,0.0,0.47533604634353294
39628459890182613,0.0,0.39,0.61,0.0,0.4823997742525436
39628459890182556,0.0,0.39,0.61,0.0,0.4823997742525436
39628422544100597,0.0,0.4,0.6,0.0,0.4854752972273343
39628459890182897,0.0,0.05,0.95,0.0,0.14319847855797813
39628465158230185,0.0,0.64,0.36,0.0,0.4713415946277461
39628438599896872,0.0,0.49,0.51,0.0,0.49985572087640495
39628417141837618,0.0,0.01,0.99,0.0,0.04039656794795559
39628449291175470,0.0,0.94,0.06,0.0,0.16372245957723813
39628427896029928,0.0,0.19,0.81,0.0,0.3507357299419487
39628438591508666,0.0,0.21,0.79,0.0,0.37074136996563684
39628465158230017,0.0,0.85,0.15,0.0,0.3049201523582002
39628459890182118,0.0,0.2,0.8,0.0,0.36096404744368116
39628449295370927,0.0,0.92,0.08,0.0,0.2010895951011364
39628454567611406,0.0,0.4,0.6,0.0,0.4854752972273343
39628438608284959,0.0,0.28,0.72,0.0,0.4277254052800653
39628449278593186,0.0,0.01,0.98,0.01,0.08072027127091033
39628449278593205,0.0,0.0,1.0,0.0,-0.0
39628427900224808,0.0,0.11,0.89,0.0,0.249957979082264
39628438591508883,0.0,0.03,0.97,0.0,0.0971959289157881
39628459877600077,0.0,0.94,0.06,0.0,0.16372245957723813
39628449282785424,0.0,0.86,0.14,0.0,0.292119405821428
39628438608285032,0.0,0.87,0.13,0.0,0.2787190925139945
39628454576001731,0.0,0.22,0.78,0.0,0.38008375148098283
39628454576001737,0.0,0.95,0.05,0.0,0.14319847855797813
39628449257620005,0.0,1.0,0.0,0.0,-0.0
39628459877599641,0.0,0.07,0.93,0.0,0.18296182545011158
39628433260545763,0.0,0.18,0.82,0.0,0.34003852286413994
39628454567610115,0.0,0.04,0.96,0.0,0.12114609454120741
39628454567610409,0.0,0.66,0.34,0.0,0.46240935248651505
39628459885987167,0.0,0.93,0.07,0.0,0.18296182545011158
39628417141837343,0.0,0.11,0.89,0.0,0.249957979082264
39628459890182699,0.0,0.04,0.96,0.0,0.12114609454120741
39628433260545930,0.0,0.96,0.04,0.0,0.12114609454120741
39628443947630663,0.0,0.26,0.74,0.0,0.4133731862463089
39628438633449193,0.0,0.51,0.49,0.0,0.49985572087640495
39628459877600196,0.0,0.04,0.96,0.0,0.12114609454120741
39628422552486335,0.0,0.14,0.86,0.0,0.292119405821428
39628449261815909,0.0,0.0,0.82,0.18,0.34003852286413994
39628454601163328,0.0,0.37,0.63,0.0,0.47533604634353294
39628422552486411,0.0,0.9,0.1,0.0,0.2344977967946406
39628449249232928,0.0,0.05,0.95,0.0,0.14319847855797813
39628433256354708,0.0,0.79,0.21,0.0,0.37074136996563684
39628443943440162,0.0,0.01,0.98,0.01,0.08072027127091033
39628449249232957,0.0,0.51,0.49,0.0,0.49985572087640495
39628443956021144,0.02,0.97,0.01,0.0,0.11097036642660543
39628465179201828,0.0,0.95,0.05,0.0,0.14319847855797813
39628417137641726,0.0,0.87,0.13,0.0,0.2787190925139945
39628433281517490,0.0,0.73,0.27,0.0,0.42073231810408784
39628427921198707,0.0,0.8,0.2,0.0,0.36096404744368116
39628438608283840,0.0,0.66,0.34,0.0,0.46240935248651505
39628422552488757,0.0,0.15,0.85,0.0,0.3049201523582002
39628449270203964,0.0,0.11,0.88,0.01,0.28950944366190023
39628454584385656,0.0,0.73,0.27,0.0,0.42073231810408784
39628449270203795,0.0,0.66,0.34,0.0,0.46240935248651505
39628438608283669,0.0,0.0,0.98,0.02,0.07072027127091034
39628454601166405,0.0,0.64,0.36,0.0,0.4713415946277461
39628475694319328,0.0,0.6,0.4,0.0,0.4854752972273343
39628443943442056,0.0,0.22,0.78,0.0,0.38008375148098283
39628433260546476,0.0,0.3,0.7,0.0,0.44064544961534635
39628438625063085,0.0,0.11,0.89,0.0,0.249957979082264
39628438625063282,0.0,0.02,0.98,0.0,0.07072027127091034
39628422531517356,0.0,0.71,0.29,0.0,0.43436062316970225
39628465154032723,0.0,1.0,0.0,0.0,-0.0
39628422523129479,0.0,0.76,0.24,0.0,0.39752013969226113
39628454571806183,0.0,0.12,0.88,0.0,0.2646804326436822
39628459865016350,0.0,0.0,0.99,0.01,0.04039656794795559
39628427921195653,0.0,0.71,0.29,0.0,0.43436062316970225
39628454563419624,0.0,0.56,0.44,0.0,0.4947937606110278
39628443935049681,0.0,0.58,0.42,0.0,0.49072694751682683
39628433260545959,0.02,0.98,0.0,0.0,0.07072027127091034
39628422523129152,0.0,0.12,0.88,0.0,0.2646804326436822
39628465179201777,0.0,0.07,0.93,0.0,0.18296182545011158
39628454567609657,0.0,0.04,0.95,0.01,0.16124668093016215
39628443964410469,0.0,0.55,0.45,0.0,0.49638722699390414
39628475694318268,0.0,0.88,0.12,0.0,0.2646804326436822
39628443960214063,0.0,0.87,0.13,0.0,0.2787190925139945
39628475694318397,0.0,1.0,0.0,0.0,-0.0
39628449291177519,0.0,0.1,0.9,0.0,0.2344977967946406
39628438625061222,0.0,0.22,0.78,0.0,0.38008375148098283
39628449291177255,0.0,0.09,0.91,0.0,0.21823490853205144
39628422531515407,0.0,0.06,0.94,0.0,0.16372245957723813
39628465175008414,0.0,0.34,0.66,0.0,0.46240935248651505
39628459877600133,0.0,0.0,1.0,0.0,-0.0
39628449270202674,0.0,0.03,0.96,0.01,0.13737165703039006
39628465175004238,0.0,0.6,0.4,0.0,0.4854752972273343
39628465175004150,0.0,0.41,0.59,0.0,0.488250234378912
39628443968605256,0.0,0.19,0.81,0.0,0.3507357299419487
39628454576001715,0.0,0.89,0.11,0.0,0.249957979082264
39628465175004325,0.0,0.74,0.26,0.0,0.4133731862463089
39628465175004373,0.0,0.13,0.87,0.0,0.2787190925139945
39628454576001795,0.0,0.61,0.39,0.0,0.4823997742525436
39628475690128349,0.0,0.73,0.27,0.0,0.42073231810408784
39628475690128588,0.0,0.9,0.1,0.0,0.2344977967946406
39628449257624256,0.0,0.46,0.54,0.0,0.49768921941011285
39628427904421694,0.0,0.17,0.83,0.0,0.32885238937210975
39628443972796928,0.0,0.74,0.26,0.0,0.4133731862463089
39628454576001418,0.0,0.17,0.83,0.0,0.32885238937210975
39628438612477977,0.0,0.22,0.78,0.0,0.38008375148098283
39628422552488691,0.0,0.11,0.89,0.0,0.249957979082264
39628438608283812,0.0,0.21,0.79,0.0,0.37074136996563684
39628427896034068,0.0,0.1,0.9,0.0,0.2344977967946406
39628443956022268,0.0,0.29,0.71,0.0,0.43436062316970225
39628443956022122,0.0,0.03,0.97,0.0,0.0971959289157881
39628470422082903,0.0,0.16,0.84,0.0,0.3171547773202831
39628427896030091,0.0,0.19,0.81,0.0,0.3507357299419487
39628427896030124,0.0,0.22,0.78,0.0,0.38008375148098283
39628422548293728,0.0,0.45,0.55,0.0,0.49638722699390414
39628438616671373,0.0,0.39,0.61,0.0,0.4823997742525436
39628433281518725,0.0,0.04,0.96,0.0,0.12114609454120741
39628433285714672,0.0,0.05,0.95,0.0,0.14319847855797813
39628417141837323,0.0,0.7,0.3,0.0,0.44064544961534635
39628454601166821,0.0,0.46,0.54,0.0,0.49768921941011285
39628438625062280,0.0,0.9,0.1,0.0,0.2344977967946406
39628422552489074,0.0,0.17,0.83,0.0,0.32885238937210975
39628433285714739,0.0,0.0,1.0,0.0,-0.0
39628417141837300,0.0,0.82,0.18,0.0,0.34003852286413994
39628438608284765,0.0,0.08,0.92,0.0,0.2010895951011364
39628438608284698,0.0,0.07,0.93,0.0,0.18296182545011158
39628417158614055,0.0,0.0,1.0,0.0,-0.0
39628459890182766,0.0,0.1,0.9,0.0,0.2344977967946406
39628427912808808,0.0,0.7,0.3,0.0,0.44064544961534635
39628454567612977,0.0,0.0,0.99,0.01,0.04039656794795559
39628417158614056,0.0,0.85,0.15,0.0,0.3049201523582002
39628459881796396,0.0,0.38,0.62,0.0,0.47902101111314976
39628438608285610,0.0,0.96,0.04,0.0,0.12114609454120741
39628433260548386,0.0,0.0,0.81,0.19,0.3507357299419487
39628454588584103,0.0,0.03,0.95,0.02,0.1674722434193448
39628417158614145,0.0,0.68,0.32,0.0,0.45219072886224687
39628470447244808,0.0,0.27,0.73,0.0,0.42073231810408784
39628438608284695,0.0,0.0,1.0,0.0,-0.0
39628417158613993,0.0,0.68,0.32,0.0,0.45219072886224687
39628422552490128,0.0,0.93,0.07,0.0,0.18296182545011158
39628449291175784,0.0,0.75,0.25,0.0,0.4056390622295664
39628417167003977,0.0,0.98,0.02,0.0,0.07072027127091034
39628449291175754,0.0,0.57,0.43,0.0,0.4929075185894599
39628417167004070,0.0,0.79,0.21,0.0,0.37074136996563684
39628449291177689,0.0,0.92,0.08,0.0,0.2010895951011364
39628470438856572,0.02,0.63,0.35,0.0,0.5314603910195195
39628427921198997,0.0,1.0,0.0,0.0,-0.0
39628454605357483,0.0,0.73,0.27,0.0,0.42073231810408784
39628438608281756,0.0,0.75,0.25,0.0,0.4056390622295664
39628411743768731,0.0,0.15,0.85,0.0,0.3049201523582002
39628443926661804,0.0,0.65,0.35,0.0,0.4670340276877455
39628459881796355,0.0,0.04,0.96,0.0,0.12114609454120741
39628443926661732,0.0,0.48,0.52,0.0,0.4994227679976009
39628443972799145,0.0,0.94,0.06,0.0,0.16372245957723813
39628443972799138,0.0,0.91,0.09,0.0,0.21823490853205144
39628459898570659,0.0,0.61,0.39,0.0,0.4823997742525436
39628438633448274,0.0,0.16,0.84,0.0,0.3171547773202831
39628443960215182,0.0,0.04,0.96,0.0,0.12114609454120741
39628443960214854,0.0,0.2,0.79,0.01,0.39974188986867043
39628427891836677,0.0,0.28,0.72,0.0,0.4277254052800653
39628438637645450,0.0,0.45,0.55,0.0,0.49638722699390414
39628449295369408,0.0,0.87,0.13,0.0,0.2787190925139945
39628449295369481,0.0,0.57,0.43,0.0,0.4929075185894599
39628449295371526,0.0,0.44,0.56,0.0,0.4947937606110278
39628465166616368,0.0,0.41,0.59,0.0,0.488250234378912
39628465166616378,0.0,0.22,0.78,0.0,0.38008375148098283
39628443972799472,0.0,0.65,0.35,0.0,0.4670340276877455
39628433294099187,0.0,0.14,0.86,0.0,0.292119405821428
39628465154032693,0.0,0.87,0.13,0.0,0.2787190925139945
39628459898570951,0.0,0.74,0.26,0.0,0.4133731862463089
39628422527323125,0.0,0.98,0.02,0.0,0.07072027127091034
39628427917002120,0.0,0.11,0.89,0.0,0.249957979082264
39628443926662863,0.0,0.12,0.88,0.0,0.2646804326436822
39628465154036774,0.0,0.99,0.01,0.0,0.04039656794795559
39628443930857171,0.0,0.13,0.87,0.0,0.2787190925139945
39628422531515729,0.0,0.67,0.33,0.0,0.4574631863898637
39628459890183100,0.0,0.9,0.1,0.0,0.2344977967946406
39628454571805068,0.0,0.05,0.95,0.0,0.14319847855797813
39628454575997401,0.0,0.41,0.59,0.0,0.488250234378912
39628449282788235,0.0,0.33,0.67,0.0,0.4574631863898637
39628449282788189,0.0,0.92,0.08,0.0,0.2010895951011364
39628465154036749,0.0,0.7,0.3,0.0,0.44064544961534635
39628454575997670,0.0,0.35,0.65,0.0,0.4670340276877455
39628454596971483,0.0,0.06,0.94,0.0,0.16372245957723813
39628449282788336,0.0,0.58,0.42,0.0,0.49072694751682683
39628449282789282,0.0,0.06,0.94,0.0,0.16372245957723813
39628443943442006,0.0,0.77,0.23,0.0,0.38900565177326885
39628459860823983,0.0,0.01,0.98,0.01,0.08072027127091033
39628438612477538,0.0,0.28,0.72,0.0,0.4277254052800653
39628459881793313,0.0,0.23,0.77,0.0,0.38900565177326885
39628454601166712,0.0,0.92,0.08,0.0,0.2010895951011364
39628459877597461,0.0,0.87,0.13,0.0,0.2787190925139945
39628443972796682,0.0,0.77,0.23,0.0,0.38900565177326885
39628433260545867,0.0,0.27,0.73,0.0,0.42073231810408784
39628417146030385,0.0,0.49,0.51,0.0,0.49985572087640495
39628433243771846,0.0,0.81,0.19,0.0,0.3507357299419487
39628433260545549,0.0,0.93,0.07,0.0,0.18296182545011158
39628427917001920,0.07,0.93,0.0,0.0,0.18296182545011158
39628454596968682,0.0,0.5,0.5,0.0,0.5
39628427925391325,0.0,0.22,0.78,0.0,0.38008375148098283
39628438612477289,0.0,1.0,0.0,0.0,-0.0
39628417141837003,0.0,0.7,0.3,0.0,0.44064544961534635
39628465162424120,0.0,0.68,0.32,0.0,0.45219072886224687
39628454592777737,0.0,0.04,0.96,0.0,0.12114609454120741
39628443972799434,0.0,0.98,0.02,0.0,0.07072027127091034
39628449274397821,0.0,0.3,0.7,0.0,0.44064544961534635
39628449274397844,0.0,0.81,0.19,0.0,0.3507357299419487
39628459898570696,0.0,0.59,0.41,0.0,0.488250234378912
39628443964409882,0.0,0.87,0.13,0.0,0.2787190925139945
39628465158227502,0.0,0.31,0.69,0.0,0.4465867291889284
39628411752154548,0.0,0.14,0.86,0.0,0.292119405821428
39628443939244952,0.0,0.46,0.54,0.0,0.49768921941011285
39628443939244919,0.0,0.18,0.82,0.0,0.34003852286413994
39628438604090754,0.0,0.0,1.0,0.0,-0.0
39628411752154861,0.0,0.08,0.92,0.0,0.2010895951011364
39628443960213920,0.0,0.59,0.41,0.0,0.488250234378912
39628411752155443,0.0,0.77,0.23,0.0,0.38900565177326885
39628433273127531,0.0,0.93,0.07,0.0,0.18296182545011158
39628438604091314,0.0,0.03,0.95,0.02,0.1674722434193448
39628454584388436,0.0,0.29,0.71,0.0,0.43436062316970225
39628427917003470,0.0,0.74,0.26,0.0,0.4133731862463089
39628422544100757,0.0,0.82,0.18,0.0,0.34003852286413994
39628438604091100,0.0,0.57,0.43,0.0,0.4929075185894599
39628449286979791,0.0,0.64,0.36,0.0,0.4713415946277461
39628443926663661,0.03,0.97,0.0,0.0,0.0971959289157881
39628438604090853,0.0,0.15,0.85,0.0,0.3049201523582002
39628417162805738,0.0,0.46,0.54,0.0,0.49768921941011285
39628417162806025,0.0,0.89,0.11,0.0,0.249957979082264
39628459865018694,0.0,0.1,0.9,0.0,0.2344977967946406
39628459865019046,0.01,0.96,0.03,0.0,0.13737165703039006
39628417162805740,0.0,0.97,0.03,0.0,0.0971959289157881
39628454571805071,0.0,0.19,0.81,0.0,0.3507357299419487
39628465154033745,0.0,0.1,0.9,0.0,0.2344977967946406
39628438604091047,0.0,0.76,0.24,0.0,0.39752013969226113
39628443943438863,0.0,0.45,0.55,0.0,0.49638722699390414
39628443943439313,0.0,0.01,0.99,0.0,0.04039656794795559
39628417158611756,0.0,0.08,0.92,0.0,0.2010895951011364
39628411752154517,0.0,0.33,0.67,0.0,0.4574631863898637
39628411752156439,0.0,0.94,0.06,0.0,0.16372245957723813
39628454575997897,0.0,0.04,0.96,0.0,0.12114609454120741
39628411752154925,0.0,0.84,0.16,0.0,0.3171547773202831
39628411756347587,0.0,0.07,0.93,0.0,0.18296182545011158
39628427921195140,0.0,0.06,0.94,0.0,0.16372245957723813
39628438599894333,0.0,0.05,0.95,0.0,0.14319847855797813
39628454584389523,0.0,0.93,0.07,0.0,0.18296182545011158
39628443960214012,0.0,0.82,0.18,0.0,0.34003852286413994
39628443960214078,0.0,0.16,0.84,0.0,0.3171547773202831
39628417150223000,0.0,0.92,0.08,0.0,0.2010895951011364
39628465149838269,0.0,0.32,0.68,0.0,0.45219072886224687
39628427912810333,0.0,0.45,0.55,0.0,0.49638722699390414
39628465149837997,0.0,0.31,0.69,0.0,0.4465867291889284
39628427912810779,0.0,0.44,0.56,0.0,0.4947937606110278
39628417146032707,0.0,0.07,0.93,0.0,0.18296182545011158
39628449266013323,0.0,0.22,0.78,0.0,0.38008375148098283
39628449266012621,0.0,0.69,0.31,0.0,0.4465867291889284
39628449261817895,0.0,0.68,0.32,0.0,0.45219072886224687
39628449261817804,0.0,0.02,0.98,0.0,0.07072027127091034
39628449282789200,0.0,0.07,0.93,0.0,0.18296182545011158
39628427917005084,0.0,0.09,0.91,0.0,0.21823490853205144
39628449266012997,0.0,0.0,1.0,0.0,-0.0
39628433264743170,0.0,0.9,0.1,0.0,0.2344977967946406
39628465162422299,0.0,0.09,0.91,0.0,0.21823490853205144
39628438591509206,0.0,0.02,0.95,0.03,0.1674722434193448
39628433285710489,0.0,0.13,0.87,0.0,0.2787190925139945
39628438599894543,0.0,0.7,0.3,0.0,0.44064544961534635
39628449249233162,0.0,0.36,0.64,0.0,0.4713415946277461
39628459890180570,0.0,0.14,0.85,0.01,0.33142210248480686
39628417154416913,0.0,0.39,0.61,0.0,0.4823997742525436
39628459890180587,0.0,0.06,0.93,0.01,0.20367037270049304
39628438599894480,0.0,0.01,0.99,0.0,0.04039656794795559
39628427887645456,0.0,0.99,0.01,0.0,0.04039656794795559
39628443968603316,0.0,0.08,0.92,0.0,0.2010895951011364
39628427887645431,0.0,0.51,0.49,0.0,0.49985572087640495
39628454563417526,0.0,0.05,0.95,0.0,0.14319847855797813
39628454596969641,0.0,0.82,0.18,0.0,0.34003852286413994
39628438599894354,0.0,0.0,0.81,0.19,0.3507357299419487
39628438604090440,0.0,0.72,0.28,0.0,0.4277254052800653
39628459865019274,0.0,0.88,0.12,0.0,0.2646804326436822
39628422527321056,0.0,0.41,0.59,0.0,0.488250234378912
39628422552486709,0.01,0.87,0.12,0.0,0.30414992414989617
39628459865018265,0.0,0.8,0.2,0.0,0.36096404744368116
39628454588583594,0.0,0.83,0.17,0.0,0.32885238937210975
39628459881792102,0.0,0.97,0.03,0.0,0.0971959289157881
39628427904422485,0.0,0.75,0.25,0.0,0.4056390622295664
39628454575997428,0.0,0.05,0.95,0.0,0.14319847855797813
39628454588583776,0.0,0.08,0.92,0.0,0.2010895951011364
39628454588583528,0.0,0.18,0.82,0.0,0.34003852286413994
39628454588583743,0.0,0.05,0.95,0.0,0.14319847855797813
39628422552486915,0.0,0.43,0.57,0.0,0.4929075185894599
39628422531519561,0.0,0.79,0.21,0.0,0.37074136996563684
39628427896033754,0.0,0.05,0.95,0.0,0.14319847855797813
39628427904423346,0.0,0.13,0.87,0.0,0.2787190925139945
39628454588581613,0.0,0.04,0.96,0.0,0.12114609454120741
39628459885989497,0.0,0.2,0.8,0.0,0.36096404744368116
39628459860823532,0.0,0.01,0.99,0.0,0.04039656794795559
39628459890181950,0.0,0.54,0.46,0.0,0.49768921941011285
39628459890182318,0.0,0.06,0.94,0.0,0.16372245957723813
39628459890183515,0.0,0.35,0.65,0.0,0.4670340276877455
39628459865015557,0.0,0.85,0.15,0.0,0.3049201523582002
39628459890184327,0.0,0.13,0.87,0.0,0.2787190925139945
39628459890184860,0.0,0.75,0.25,0.0,0.4056390622295664
39628459890185502,0.0,0.19,0.81,0.0,0.3507357299419487
39628459890185600,0.0,0.96,0.04,0.0,0.12114609454120741
39628427900223803,0.0,0.26,0.74,0.0,0.4133731862463089
39628422531519133,0.0,0.05,0.95,0.0,0.14319847855797813
39628422531519027,0.0,0.05,0.95,0.0,0.14319847855797813
39628427912807454,0.0,0.31,0.69,0.0,0.4465867291889284
39628422527321173,0.0,0.0,1.0,0.0,-0.0
39628422548291714,0.0,0.89,0.11,0.0,0.249957979082264
39628422548292257,0.0,0.02,0.97,0.01,0.11097036642660543
39628459881794676,0.0,0.29,0.71,0.0,0.43436062316970225
39628459890184401,0.0,0.05,0.95,0.0,0.14319847855797813
39628459877601077,0.0,0.05,0.95,0.0,0.14319847855797813
39628454571806515,0.0,0.67,0.33,0.0,0.4574631863898637
39628422523129661,0.0,0.09,0.91,0.0,0.21823490853205144
39628465145645004,0.0,0.62,0.38,0.0,0.47902101111314976
39628422523129690,0.0,0.81,0.19,0.0,0.3507357299419487
39628427908615848,0.0,0.42,0.58,0.0,0.49072694751682683
39628422535709269,0.0,0.0,1.0,0.0,-0.0
39628454596968897,0.0,0.53,0.47,0.0,0.4987007942838698
39628454559226200,0.0,0.54,0.46,0.0,0.49768921941011285
39628454563416986,0.0,0.65,0.35,0.0,0.4670340276877455
39628422535708764,0.0,0.45,0.55,0.0,0.49638722699390414
39628465154033253,0.0,0.79,0.21,0.0,0.37074136996563684
39628465154032982,0.0,0.03,0.97,0.0,0.0971959289157881
39628465154032966,0.0,0.0,0.92,0.08,0.2010895951011364
39628454567609212,0.0,0.01,0.99,0.0,0.04039656794795559
39628427887644049,0.0,0.81,0.19,0.0,0.3507357299419487
39628454567610899,0.0,0.04,0.96,0.0,0.12114609454120741
39628454567611063,0.0,0.62,0.38,0.0,0.47902101111314976
39628454567611318,0.0,0.04,0.96,0.0,0.12114609454120741
39628427900226552,0.0,0.94,0.06,0.0,0.16372245957723813
39628427904420288,0.0,0.0,1.0,0.0,-0.0
39628427887645666,0.0,0.19,0.81,0.0,0.3507357299419487
39628427887645701,0.0,0.37,0.63,0.0,0.47533604634353294
39628427900227400,0.0,0.85,0.15,0.0,0.3049201523582002
39628454567608966,0.0,0.47,0.53,0.0,0.4987007942838698
39628422552487379,0.0,0.95,0.05,0.0,0.14319847855797813
39628454580193021,0.0,0.1,0.9,0.0,0.2344977967946406
39628454592776701,0.0,0.01,0.99,0.0,0.04039656794795559
39628422552487679,0.0,0.17,0.83,0.0,0.32885238937210975
39628454571806315,0.0,0.75,0.25,0.0,0.4056390622295664
39628422535712323,0.0,0.88,0.12,0.0,0.2646804326436822
39628422535712043,0.0,1.0,0.0,0.0,-0.0
39628422535711967,0.0,0.24,0.76,0.0,0.39752013969226113
39628422535711879,0.0,0.03,0.97,0.0,0.0971959289157881
39628422552487808,0.0,0.3,0.7,0.0,0.44064544961534635
39628422552487930,0.0,0.56,0.44,0.0,0.4947937606110278
39628454601162879,0.0,0.12,0.88,0.0,0.2646804326436822
39628459877599440,0.0,0.52,0.48,0.0,0.4994227679976009
39628454584389636,0.0,0.16,0.84,0.0,0.3171547773202831
39628422527323487,0.0,0.66,0.34,0.0,0.46240935248651505
39628465145643724,0.0,0.88,0.12,0.0,0.2646804326436822
39628422531519698,0.0,0.5,0.5,0.0,0.5
39628465145643921,0.0,0.31,0.69,0.0,0.4465867291889284
39628449286981381,0.0,0.37,0.63,0.0,0.47533604634353294
39628422527320419,0.0,0.02,0.97,0.01,0.11097036642660543
39628422523129279,0.0,0.87,0.13,0.0,0.2787190925139945
39628459877598869,0.0,0.63,0.37,0.0,0.47533604634353294
39628449282788771,0.0,0.65,0.35,0.0,0.4670340276877455
39628427896033011,0.0,0.17,0.83,0.0,0.32885238937210975
39628438604091417,0.0,0.69,0.31,0.0,0.4465867291889284
39628465166615498,0.0,0.32,0.68,0.0,0.45219072886224687
39628443939245801,0.0,0.75,0.25,0.0,0.4056390622295664
39628433264742755,0.0,0.89,0.11,0.0,0.249957979082264
39628438620867712,0.0,0.65,0.35,0.0,0.4670340276877455
39628433268934623,0.0,0.03,0.97,0.0,0.0971959289157881
39628438595699959,0.0,0.12,0.88,0.0,0.2646804326436822
39628438625059899,0.0,0.38,0.62,0.0,0.47902101111314976
39628438595699953,0.0,0.73,0.27,0.0,0.42073231810408784
39628438637643476,0.0,0.12,0.88,0.0,0.2646804326436822
39628433268937538,0.0,0.2,0.8,0.0,0.36096404744368116
39628449266008669,0.0,0.77,0.23,0.0,0.38900565177326885
39628433247965042,0.0,0.72,0.28,0.0,0.4277254052800653
39628427917003437,0.0,0.02,0.98,0.0,0.07072027127091034
39628433277324633,0.0,0.24,0.76,0.0,0.39752013969226113
39628417154418101,0.0,0.74,0.26,0.0,0.4133731862463089
39628443964410953,0.0,0.14,0.86,0.0,0.292119405821428
39628433277325098,0.0,0.81,0.19,0.0,0.3507357299419487
39628433268936783,0.0,0.76,0.24,0.0,0.39752013969226113
39628438637643701,0.0,0.56,0.44,0.0,0.4947937606110278
39628417154417904,0.0,0.18,0.82,0.0,0.34003852286413994
39628433268936603,0.0,0.47,0.53,0.0,0.4987007942838698
39628465175008548,0.0,0.96,0.04,0.0,0.12114609454120741
39628443943437685,0.0,0.15,0.85,0.0,0.3049201523582002
39628438637643727,0.0,0.24,0.76,0.0,0.39752013969226113
39628433260546281,0.0,0.51,0.49,0.0,0.49985572087640495
39628443943436722,0.0,0.91,0.09,0.0,0.21823490853205144
39628465170812367,0.0,0.47,0.53,0.0,0.4987007942838698
39628465170812087,0.0,0.0,0.56,0.44,0.4947937606110278
39628438637643359,0.01,0.49,0.5,0.0,0.5353601356354551
39628465179198657,0.0,0.76,0.24,0.0,0.39752013969226113
39628427917003774,0.0,0.66,0.34,0.0,0.46240935248651505
39628433243769863,0.0,0.03,0.94,0.03,0.19372245957723813
39628433260547234,0.0,0.8,0.2,0.0,0.36096404744368116
39628438633450075,0.0,0.53,0.47,0.0,0.4987007942838698
39628427912811213,0.0,0.78,0.22,0.0,0.38008375148098283
39628427917003682,0.0,0.92,0.08,0.0,0.2010895951011364
39628470438855031,0.0,0.8,0.2,0.0,0.36096404744368116
39628433247962441,0.0,0.24,0.76,0.0,0.39752013969226113
39628433247962192,0.0,0.35,0.65,0.0,0.4670340276877455
39628438637643163,0.0,0.18,0.82,0.0,0.34003852286413994
39628438629255877,0.0,0.17,0.83,0.0,0.32885238937210975
39628417150225329,0.0,0.03,0.97,0.0,0.0971959289157881
39628438629256320,0.0,0.02,0.98,0.0,0.07072027127091034
39628417150225028,0.0,0.36,0.64,0.0,0.4713415946277461
39628417150224990,0.0,0.94,0.06,0.0,0.16372245957723813
39628417150224879,0.0,0.87,0.13,0.0,0.2787190925139945
39628417150224633,0.0,0.04,0.96,0.0,0.12114609454120741
39628438629256880,0.0,0.23,0.77,0.0,0.38900565177326885
39628417150224552,0.0,0.0,1.0,0.0,-0.0
39628417150224488,0.0,0.74,0.26,0.0,0.4133731862463089
39628433252156626,0.0,0.24,0.76,0.0,0.39752013969226113
39628433252156782,0.0,0.16,0.84,0.0,0.3171547773202831
39628433277321298,0.03,0.96,0.01,0.0,0.13737165703039006
39628433252159539,0.0,0.74,0.26,0.0,0.4133731862463089
39628449253429909,0.0,0.27,0.73,0.0,0.42073231810408784
39628465166615662,0.0,0.47,0.53,0.0,0.4987007942838698
39628433285713740,0.0,0.77,0.23,0.0,0.38900565177326885
39628433285713618,0.0,0.02,0.98,0.0,0.07072027127091034
39628449266010276,0.0,0.69,0.31,0.0,0.4465867291889284
39628433281516483,0.0,0.6,0.4,0.0,0.4854752972273343
39628433281516532,0.0,0.37,0.63,0.0,0.47533604634353294
39628433268936685,0.0,0.44,0.56,0.0,0.4947937606110278
39628443943438148,0.0,0.4,0.6,0.0,0.4854752972273343
39628443964410824,0.0,0.68,0.32,0.0,0.45219072886224687
39628443943438199,0.0,0.37,0.63,0.0,0.47533604634353294
39628443943441027,0.0,0.22,0.78,0.0,0.38008375148098283
39628449266010561,0.0,0.13,0.87,0.0,0.2787190925139945
39628443943438497,0.0,0.62,0.38,0.0,0.47902101111314976
39628438604091435,0.0,0.82,0.18,0.0,0.34003852286413994
39628443930854900,0.0,0.01,0.99,0.0,0.04039656794795559
39628443943438509,0.0,0.02,0.98,0.0,0.07072027127091034
39628438608281812,0.0,0.67,0.33,0.0,0.4574631863898637
39628411756348016,0.0,0.8,0.2,0.0,0.36096404744368116
39628449253426443,0.0,0.46,0.54,0.0,0.49768921941011285
39628449253426562,0.0,1.0,0.0,0.0,-0.0
39628449253429729,0.02,0.96,0.02,0.0,0.14114609454120738
39628470430466308,0.0,0.42,0.58,0.0,0.49072694751682683
39628417158611493,0.0,0.47,0.53,0.0,0.4987007942838698
39628449253428878,0.0,0.02,0.97,0.01,0.11097036642660543
39628438604091494,0.0,0.82,0.18,0.0,0.34003852286413994
39628433268936693,0.0,0.29,0.71,0.0,0.43436062316970225
39628449253426022,0.0,0.0,1.0,0.0,-0.0
39628438604091768,0.0,0.95,0.05,0.0,0.14319847855797813
39628443964410723,0.0,0.73,0.27,0.0,0.42073231810408784
39628438595702959,0.0,0.12,0.88,0.0,0.2646804326436822
39628449253426014,0.0,0.56,0.44,0.0,0.4947937606110278
39628417158611360,0.0,0.12,0.88,0.0,0.2646804326436822
39628438591508269,0.0,0.1,0.87,0.03,0.32937683193798006
39628470447248309,0.0,0.23,0.77,0.0,0.38900565177326885
39628470434665300,0.0,0.13,0.87,0.0,0.2787190925139945
39628438591508219,0.0,0.94,0.06,0.0,0.16372245957723813
39628443964408408,0.0,0.91,0.09,0.0,0.21823490853205144
39628454584387823,0.0,0.29,0.71,0.0,0.43436062316970225
39628459865018546,0.0,0.29,0.71,0.0,0.43436062316970225
39628427887644317,0.0,0.89,0.11,0.0,0.249957979082264
39628427908616102,0.0,0.56,0.44,0.0,0.4947937606110278
39628427887644304,0.0,0.01,0.92,0.07,0.22283217282912027
39628433260547265,0.0,0.82,0.18,0.0,0.34003852286413994
39628438604090660,0.0,0.98,0.02,0.0,0.07072027127091034
39628433260547322,0.0,0.61,0.39,0.0,0.4823997742525436
39628422531517443,0.0,0.46,0.54,0.0,0.49768921941011285
39628417150223686,0.0,0.73,0.27,0.0,0.42073231810408784
39628449261817409,0.0,0.21,0.79,0.0,0.37074136996563684
39628427887644223,0.0,0.55,0.45,0.0,0.49638722699390414
39628459885987450,0.0,0.07,0.93,0.0,0.18296182545011158
39628438604091115,0.0,0.88,0.12,0.0,0.2646804326436822
39628438604090467,0.0,0.82,0.18,0.0,0.34003852286413994
39628417150223991,0.0,0.21,0.79,0.0,0.37074136996563684
39628465170809295,0.0,0.5,0.5,0.0,0.5
39628449261814953,0.0,0.0,1.0,0.0,-0.0
39628427917002584,0.0,0.05,0.95,0.0,0.14319847855797813
39628454575997137,0.0,0.06,0.94,0.0,0.16372245957723813
39628449249233787,0.0,0.67,0.33,0.0,0.4574631863898637
39628454571807219,0.0,0.0,0.74,0.26,0.4133731862463089
39628438620865924,0.0,1.0,0.0,0.0,-0.0
39628470422077979,0.0,0.28,0.72,0.0,0.4277254052800653
39628443964408444,0.0,0.69,0.31,0.0,0.4465867291889284
39628454596971057,0.0,0.03,0.96,0.01,0.13737165703039006
39628449249233858,0.0,0.01,0.85,0.14,0.33142210248480686
39628438620864775,0.0,0.93,0.07,0.0,0.18296182545011158
39628438591507842,0.0,0.28,0.72,0.0,0.4277254052800653
39628438591507805,0.0,0.01,0.97,0.02,0.11097036642660543
39628465154032284,0.0,0.29,0.71,0.0,0.43436062316970225
39628427896032980,0.0,0.02,0.97,0.01,0.11097036642660543
39628449253427481,0.0,1.0,0.0,0.0,-0.0
39628459877600958,0.0,0.02,0.98,0.0,0.07072027127091034
39628438612480260,0.0,0.94,0.06,0.0,0.16372245957723813
39628454571807212,0.0,0.94,0.06,0.0,0.16372245957723813
39628465145646484,0.01,0.99,0.0,0.0,0.04039656794795559
39628443939245699,0.0,0.09,0.91,0.0,0.21823490853205144
39628422552488716,0.0,0.77,0.23,0.0,0.38900565177326885
39628465145644778,0.0,0.84,0.16,0.0,0.3171547773202831
39628427917002577,0.0,0.44,0.56,0.0,0.4947937606110278
39628427917002614,0.0,0.16,0.84,0.0,0.3171547773202831
39628427908614780,0.0,0.25,0.75,0.0,0.4056390622295664
39628443939242115,0.0,0.85,0.15,0.0,0.3049201523582002
39628438599895561,0.0,0.1,0.9,0.0,0.2344977967946406
39628443939242385,0.0,0.13,0.87,0.0,0.2787190925139945
39628459873403498,0.0,0.14,0.86,0.0,0.292119405821428
39628427908613888,0.0,0.71,0.29,0.0,0.43436062316970225
39628422531517054,0.0,0.0,0.97,0.03,0.0971959289157881
39628465145644271,0.0,0.23,0.77,0.0,0.38900565177326885
39628433277323013,0.0,0.53,0.47,0.0,0.4987007942838698
39628433277323124,0.0,0.34,0.66,0.0,0.46240935248651505
39628438591507992,0.0,0.0,0.98,0.02,0.07072027127091034
39628449261817392,0.0,0.01,0.89,0.1,0.27413031336294724
39628470422077685,0.06,0.94,0.0,0.0,0.16372245957723813
39628465145644732,0.0,0.12,0.88,0.0,0.2646804326436822
39628427908614642,0.0,0.81,0.19,0.0,0.3507357299419487
39628459869208782,0.0,0.5,0.5,0.0,0.5
39628465145647903,0.0,0.02,0.98,0.0,0.07072027127091034
39628443930854654,0.0,0.5,0.5,0.0,0.5
39628465154033474,0.0,0.07,0.93,0.0,0.18296182545011158
39628470430470456,0.0,0.86,0.14,0.0,0.292119405821428
39628443930854610,0.0,0.24,0.76,0.0,0.39752013969226113
39628470430470532,0.0,1.0,0.0,0.0,-0.0
39628454580193383,0.0,0.99,0.01,0.0,0.04039656794795559
39628411752154930,0.0,0.74,0.26,0.0,0.4133731862463089
39628454588583882,0.0,0.17,0.83,0.0,0.32885238937210975
39628454588583808,0.0,0.8,0.2,0.0,0.36096404744368116
39628438595702031,0.0,0.38,0.62,0.0,0.47902101111314976
39628454563418948,0.0,0.32,0.68,0.0,0.45219072886224687
39628438595702167,0.0,0.15,0.85,0.0,0.3049201523582002
39628438595702171,0.0,1.0,0.0,0.0,-0.0
39628459877601858,0.0,0.24,0.76,0.0,0.39752013969226113
39628465158227241,0.0,0.06,0.93,0.01,0.20367037270049304
39628454567608855,0.0,0.02,0.98,0.0,0.07072027127091034
39628417154419956,0.0,0.38,0.62,0.0,0.47902101111314976
39628449266010648,0.0,0.84,0.16,0.0,0.3171547773202831
39628443930854206,0.0,0.87,0.13,0.0,0.2787190925139945
39628470430468837,0.0,1.0,0.0,0.0,-0.0
39628465158228012,0.0,0.12,0.88,0.0,0.2646804326436822
39628427921197595,0.0,0.78,0.22,0.0,0.38008375148098283
39628427904421455,0.0,0.94,0.06,0.0,0.16372245957723813
39628470430468337,0.0,0.15,0.85,0.0,0.3049201523582002
39628465162420340,0.0,0.47,0.53,0.0,0.4987007942838698
39628465158230932,0.0,1.0,0.0,0.0,-0.0
39628422535712403,0.0,0.2,0.8,0.0,0.36096404744368116
39628422535712120,0.0,0.1,0.9,0.0,0.2344977967946406
39628417150223703,0.0,0.74,0.26,0.0,0.4133731862463089
39628470434661218,0.0,0.13,0.87,0.0,0.2787190925139945
39628438637642900,0.0,0.77,0.23,0.0,0.38900565177326885
39628454580193518,0.0,0.0,1.0,0.0,-0.0
39628459873406162,0.0,0.24,0.76,0.0,0.39752013969226113
39628459873406529,0.0,0.11,0.89,0.0,0.249957979082264
39628470438857385,0.0,0.28,0.72,0.0,0.4277254052800653
39628454596970910,0.0,0.09,0.91,0.0,0.21823490853205144
39628454575997225,0.0,0.21,0.79,0.0,0.37074136996563684
39628465162420414,0.0,0.99,0.01,0.0,0.04039656794795559
39628454580194254,0.0,0.99,0.01,0.0,0.04039656794795559
39628454567611089,0.0,0.92,0.08,0.0,0.2010895951011364
39628465162420383,0.0,0.06,0.94,0.0,0.16372245957723813
39628459873406657,0.0,0.73,0.27,0.0,0.42073231810408784
39628427925392607,0.0,0.95,0.05,0.0,0.14319847855797813
39628427925392367,0.0,0.11,0.89,0.0,0.249957979082264
39628427925391681,0.0,0.15,0.85,0.0,0.3049201523582002
39628422523126324,0.0,0.7,0.3,0.0,0.44064544961534635
39628433268934286,0.0,0.97,0.03,0.0,0.0971959289157881
39628449261817438,0.0,0.45,0.55,0.0,0.49638722699390414
39628459890185458,0.0,0.64,0.36,0.0,0.4713415946277461
39628449261817909,0.0,0.79,0.21,0.0,0.37074136996563684
39628459890185295,0.0,0.05,0.88,0.07,0.3234725580427514
39628443960214797,0.0,0.1,0.9,0.0,0.2344977967946406
39628417141835489,0.0,0.97,0.03,0.0,0.0971959289157881
39628427887645526,0.0,0.49,0.51,0.0,0.49985572087640495
39628465154033660,0.0,0.92,0.08,0.0,0.2010895951011364
39628438595703102,0.0,0.11,0.89,0.0,0.249957979082264
39628465162424732,0.0,0.37,0.63,0.0,0.47533604634353294
39628465154033957,0.0,0.0,1.0,0.0,-0.0
39628454584388793,0.0,0.19,0.81,0.0,0.3507357299419487
39628449286980718,0.0,0.73,0.27,0.0,0.42073231810408784
39628411752153729,0.0,0.56,0.44,0.0,0.4947937606110278
39628417162811194,0.0,0.61,0.39,0.0,0.4823997742525436
39628411752154041,0.0,0.51,0.49,0.0,0.49985572087640495
39628443926662589,0.0,0.73,0.27,0.0,0.42073231810408784
39628411752153962,0.0,0.13,0.87,0.0,0.2787190925139945
39628411752153791,0.0,0.56,0.44,0.0,0.4947937606110278
39628438604090407,0.0,0.04,0.96,0.0,0.12114609454120741
39628417146031164,0.0,0.74,0.26,0.0,0.4133731862463089
39628422535710564,0.0,0.45,0.55,0.0,0.49638722699390414
39628433277323288,0.0,0.23,0.77,0.0,0.38900565177326885
39628449291177129,0.0,0.55,0.45,0.0,0.49638722699390414
39628438620865935,0.0,0.55,0.45,0.0,0.49638722699390414
39628422535710814,0.0,0.21,0.79,0.0,0.37074136996563684
39628427908615084,0.0,0.19,0.81,0.0,0.3507357299419487
39628465170810895,0.0,0.74,0.26,0.0,0.4133731862463089
39628433247964533,0.0,0.04,0.96,0.0,0.12114609454120741
39628427908615053,0.0,0.2,0.8,0.0,0.36096404744368116
39628417150224912,0.0,0.73,0.27,0.0,0.42073231810408784
39628465170811091,0.0,0.25,0.75,0.0,0.4056390622295664
39628438620866492,0.0,0.08,0.92,0.0,0.2010895951011364
39628465170811586,0.0,0.09,0.9,0.01,0.2579475764741046
39628454559222397,0.0,0.0,1.0,0.0,-0.0
39628459885987750,0.0,0.38,0.62,0.0,0.47902101111314976
39628433277322816,0.0,0.31,0.69,0.0,0.4465867291889284
39628433277322919,0.0,0.16,0.84,0.0,0.3171547773202831
39628433268933452,0.0,0.88,0.12,0.0,0.2646804326436822
39628422523129292,0.0,0.76,0.24,0.0,0.39752013969226113
39628443930854557,0.0,0.49,0.51,0.0,0.49985572087640495
39628427908615074,0.0,0.24,0.76,0.0,0.39752013969226113
39628422552487759,0.0,1.0,0.0,0.0,-0.0
39628433277322618,0.0,0.16,0.84,0.0,0.3171547773202831
39628449291174139,0.0,0.99,0.01,0.0,0.04039656794795559
39628417146031236,0.0,0.78,0.22,0.0,0.38008375148098283
39628454567610392,0.0,0.03,0.94,0.03,0.19372245957723813
39628449261818308,0.0,0.12,0.88,0.0,0.2646804326436822
39628449291174159,0.0,0.22,0.78,0.0,0.38008375148098283
39628422552487017,0.0,0.18,0.82,0.0,0.34003852286413994
39628433277324149,0.0,0.28,0.71,0.01,0.46573817837513565
39628427904423520,0.0,1.0,0.0,0.0,-0.0
39628417146031892,0.0,0.56,0.44,0.0,0.4947937606110278
39628465175006494,0.0,0.08,0.92,0.0,0.2010895951011364
39628438612477687,0.0,0.78,0.22,0.0,0.38008375148098283
39628465166619816,0.0,0.16,0.84,0.0,0.3171547773202831
39628443935049856,0.0,0.34,0.66,0.0,0.46240935248651505
39628422518934528,0.0,0.77,0.23,0.0,0.38900565177326885
39628459885987049,0.0,0.17,0.83,0.0,0.32885238937210975
39628465170812341,0.0,0.0,0.96,0.04,0.12114609454120741
39628449253425353,0.0,0.92,0.08,0.0,0.2010895951011364
39628433247964795,0.0,0.04,0.96,0.0,0.12114609454120741
39628465170812365,0.0,0.19,0.81,0.0,0.3507357299419487
39628438629254435,0.0,0.16,0.84,0.0,0.3171547773202831
39628427925392306,0.0,0.47,0.53,0.0,0.4987007942838698
39628427908612238,0.0,0.99,0.01,0.0,0.04039656794795559
39628427925391828,0.0,0.03,0.97,0.0,0.0971959289157881
39628417158613040,0.0,0.88,0.12,0.0,0.2646804326436822
39628449249234040,0.0,0.03,0.96,0.01,0.13737165703039006
39628459873403071,0.02,0.97,0.01,0.0,0.11097036642660543
39628427908612284,0.0,0.85,0.15,0.0,0.3049201523582002
39628465170811427,0.0,0.0,0.52,0.48,0.4994227679976009
39628438591508485,0.0,0.03,0.97,0.0,0.0971959289157881
39628433268933984,0.0,0.25,0.75,0.0,0.4056390622295664
39628465170809748,0.0,0.57,0.43,0.0,0.4929075185894599
39628465170810092,0.0,0.09,0.91,0.0,0.21823490853205144
39628427908615210,0.0,0.75,0.25,0.0,0.4056390622295664
39628465170810115,0.0,0.01,0.96,0.03,0.13737165703039006
39628465145646003,0.0,0.11,0.89,0.0,0.249957979082264
39628465170811451,0.0,0.0,0.99,0.01,0.04039656794795559
39628438591508217,0.0,0.14,0.86,0.0,0.292119405821428
39628443930853893,0.0,0.19,0.81,0.0,0.3507357299419487
39628443926662907,0.0,0.72,0.28,0.0,0.4277254052800653
39628459873403039,0.0,0.64,0.36,0.0,0.4713415946277461
39628443926662873,0.0,0.68,0.32,0.0,0.45219072886224687
39628443926662728,0.0,0.89,0.11,0.0,0.249957979082264
39628465170812030,0.0,0.08,0.92,0.0,0.2010895951011364
39628443968603891,0.0,0.81,0.19,0.0,0.3507357299419487
39628454567608905,0.0,0.0,0.96,0.04,0.12114609454120741
39628454567610423,0.0,0.03,0.95,0.02,0.1674722434193448
39628443943436523,0.0,0.34,0.66,0.0,0.46240935248651505
39628454567608744,0.0,0.23,0.77,0.0,0.38900565177326885
39628454567608902,0.0,0.93,0.07,0.0,0.18296182545011158
39628438620866463,0.0,0.93,0.07,0.0,0.18296182545011158
39628422531517635,0.0,0.0,1.0,0.0,-0.0
39628422552487334,0.0,0.76,0.24,0.0,0.39752013969226113
39628470430467723,0.0,0.73,0.27,0.0,0.42073231810408784
39628443930854269,0.0,0.2,0.8,0.0,0.36096404744368116
39628443939245778,0.0,0.29,0.71,0.0,0.43436062316970225
39628427891835358,0.0,0.01,0.99,0.0,0.04039656794795559
39628465158228534,0.0,0.16,0.84,0.0,0.3171547773202831
39628465145643906,0.0,0.16,0.84,0.0,0.3171547773202831
39628459877602132,0.0,0.76,0.24,0.0,0.39752013969226113
39628427904422819,0.0,0.34,0.66,0.0,0.46240935248651505
39628465149842212,0.0,0.01,0.98,0.01,0.08072027127091033
39628470438859141,0.0,0.99,0.01,0.0,0.04039656794795559
39628470430466560,0.0,0.01,0.99,0.0,0.04039656794795559
39628465145644072,0.0,0.06,0.94,0.0,0.16372245957723813
39628454596968712,0.0,0.03,0.97,0.0,0.0971959289157881
39628454571804912,0.0,0.13,0.87,0.0,0.2787190925139945
39628422518935068,0.0,0.86,0.14,0.0,0.292119405821428
39628470438858935,0.01,0.6,0.39,0.0,0.5192074835266683
39628433268933761,0.0,0.04,0.96,0.0,0.12114609454120741
39628433281516136,0.0,0.32,0.68,0.0,0.45219072886224687
39628449253427841,0.0,0.42,0.58,0.0,0.49072694751682683
39628433281516120,0.0,0.37,0.63,0.0,0.47533604634353294
39628459885988868,0.0,0.22,0.78,0.0,0.38008375148098283
39628422544098537,0.0,0.99,0.01,0.0,0.04039656794795559
39628433268933639,0.0,0.77,0.23,0.0,0.38900565177326885
39628433268934657,0.0,0.16,0.84,0.0,0.3171547773202831
39628459885989056,0.0,0.13,0.87,0.0,0.2787190925139945
39628433268933684,0.0,0.71,0.29,0.0,0.43436062316970225
39628433268934692,0.0,0.32,0.68,0.0,0.45219072886224687
39628459881794762,0.0,0.1,0.9,0.0,0.2344977967946406
39628470422077779,0.0,0.93,0.07,0.0,0.18296182545011158
39628443964408639,0.0,0.14,0.86,0.0,0.292119405821428
39628433281516308,0.0,0.69,0.31,0.0,0.4465867291889284
39628465149842480,0.0,0.22,0.78,0.0,0.38008375148098283
39628470438858880,0.0,0.75,0.25,0.0,0.4056390622295664
39628427891840112,0.0,0.07,0.93,0.0,0.18296182545011158
39628427908614485,0.0,0.36,0.64,0.0,0.4713415946277461
39628427891839907,0.0,1.0,0.0,0.0,-0.0
39628433247962849,0.0,0.74,0.26,0.0,0.4133731862463089
39628438637643241,0.0,0.99,0.01,0.0,0.04039656794795559
39628465166615004,0.0,0.98,0.02,0.0,0.07072027127091034
39628433252156538,0.0,0.53,0.47,0.0,0.4987007942838698
39628465170810870,0.0,0.2,0.8,0.0,0.36096404744368116
39628459877602718,0.0,0.67,0.33,0.0,0.4574631863898637
39628454580191686,0.0,0.2,0.8,0.0,0.36096404744368116
39628433260545250,0.0,0.11,0.89,0.0,0.249957979082264
39628427912806709,0.04,0.96,0.0,0.0,0.12114609454120741
39628454596969889,0.0,0.99,0.01,0.0,0.04039656794795559
39628438599895940,0.0,0.1,0.89,0.01,0.27413031336294724
39628438595703217,0.0,0.37,0.63,0.0,0.47533604634353294
39628454571804921,0.0,0.0,1.0,0.0,-0.0
39628443943438101,0.0,0.38,0.62,0.0,0.47902101111314976
39628465145644184,0.0,0.81,0.19,0.0,0.3507357299419487
39628438616676491,0.0,0.26,0.74,0.0,0.4133731862463089
39628438612480251,0.0,0.55,0.45,0.0,0.49638722699390414
39628443935047877,0.0,0.0,0.94,0.06,0.16372245957723813
39628443964409075,0.0,0.11,0.89,0.0,0.249957979082264
39628438599895832,0.0,0.23,0.77,0.0,0.38900565177326885
39628438591509670,0.0,0.64,0.36,0.0,0.4713415946277461
39628459885989336,0.0,0.23,0.77,0.0,0.38900565177326885
39628459873403382,0.0,0.48,0.52,0.0,0.4994227679976009
39628454588582519,0.0,0.22,0.78,0.0,0.38008375148098283
39628443964408878,0.0,0.62,0.38,0.0,0.47902101111314976
39628438595700246,0.0,0.06,0.92,0.02,0.2335407200795017
39628433243770217,0.0,0.13,0.87,0.0,0.2787190925139945
39628454588582730,0.0,0.44,0.56,0.0,0.4947937606110278
39628454567610716,0.0,0.0,1.0,0.0,-0.0
39628417141836101,0.0,0.0,1.0,0.0,-0.0
39628454571807112,0.0,0.7,0.3,0.0,0.44064544961534635
39628427908614820,0.0,0.94,0.06,0.0,0.16372245957723813
39628427908614793,0.0,0.02,0.98,0.0,0.07072027127091034
39628427908614961,0.0,0.06,0.94,0.0,0.16372245957723813
39628427908614969,0.0,0.09,0.91,0.0,0.21823490853205144
39628433260547249,0.0,1.0,0.0,0.0,-0.0
39628449282788864,0.0,0.92,0.08,0.0,0.2010895951011364
39628470430469667,0.0,0.93,0.07,0.0,0.18296182545011158
39628454588580234,0.0,0.26,0.74,0.0,0.4133731862463089
39628417154420364,0.0,0.22,0.78,0.0,0.38008375148098283
39628454580194586,0.0,0.9,0.1,0.0,0.2344977967946406
39628449282788865,0.0,0.72,0.28,0.0,0.4277254052800653
39628459873403569,0.0,0.13,0.87,0.0,0.2787190925139945
39628454567611132,0.0,0.59,0.41,0.0,0.488250234378912
39628470430470655,0.0,0.84,0.16,0.0,0.3171547773202831
39628443939242543,0.0,0.04,0.96,0.0,0.12114609454120741
39628443939245415,0.0,0.29,0.71,0.0,0.43436062316970225
39628454580192937,0.0,0.0,0.88,0.12,0.2646804326436822
39628433243769654,0.0,0.14,0.86,0.0,0.292119405821428
39628411752155043,0.0,0.92,0.08,0.0,0.2010895951011364
39628433273128779,0.0,0.97,0.03,0.0,0.0971959289157881
39628427891839938,0.0,0.1,0.9,0.0,0.2344977967946406
39628433268933361,0.0,0.47,0.53,0.0,0.4987007942838698
39628427891839954,0.0,0.0,0.31,0.69,0.4465867291889284
39628443926662593,0.0,0.17,0.83,0.0,0.32885238937210975
39628454571805207,0.0,0.68,0.32,0.0,0.45219072886224687
39628427891839983,0.0,0.0,0.99,0.01,0.04039656794795559
39628454563420006,0.0,0.5,0.5,0.0,0.5
39628417146031704,0.0,0.36,0.64,0.0,0.4713415946277461
39628454563414661,0.0,0.05,0.95,0.0,0.14319847855797813
39628438591508303,0.01,0.92,0.07,0.0,0.22283217282912027
39628454580193095,0.0,0.98,0.02,0.0,0.07072027127091034
39628454580193275,0.0,0.33,0.67,0.0,0.4574631863898637
39628438629253891,0.0,0.31,0.69,0.0,0.4465867291889284
39628449291174278,0.0,0.01,0.98,0.01,0.08072027127091033
39628454567608437,0.0,0.38,0.62,0.0,0.47902101111314976
39628454580194075,0.0,0.07,0.93,0.0,0.18296182545011158
39628454580194313,0.0,0.98,0.02,0.0,0.07072027127091034
39628454580193607,0.0,0.06,0.94,0.0,0.16372245957723813
39628438595698806,0.0,0.54,0.46,0.0,0.49768921941011285
39628459860822783,0.0,0.03,0.97,0.0,0.0971959289157881
39628454563417834,0.0,0.0,0.94,0.06,0.16372245957723813
39628459873404076,0.0,0.7,0.3,0.0,0.44064544961534635
39628470426276071,0.0,0.96,0.04,0.0,0.12114609454120741
39628449270204890,0.0,0.97,0.03,0.0,0.0971959289157881
39628438637643783,0.0,0.98,0.02,0.0,0.07072027127091034
39628411752155812,0.0,0.53,0.47,0.0,0.4987007942838698
39628454584386383,0.0,0.2,0.8,0.0,0.36096404744368116
39628465166618643,0.0,0.0,0.99,0.01,0.04039656794795559
39628454584386554,0.0,0.67,0.33,0.0,0.4574631863898637
39628449286979918,0.0,0.0,0.98,0.02,0.07072027127091034
39628422527322282,0.0,0.53,0.47,0.0,0.4987007942838698
39628411756351629,0.0,0.72,0.28,0.0,0.4277254052800653
39628411752156159,0.0,0.17,0.83,0.0,0.32885238937210975
39628443960214533,0.0,0.49,0.51,0.0,0.49985572087640495
39628433285710170,0.0,0.05,0.95,0.0,0.14319847855797813
39628433247963447,0.0,0.15,0.85,0.0,0.3049201523582002
39628443956021677,0.0,0.9,0.1,0.0,0.2344977967946406
39628411752156018,0.0,0.72,0.28,0.0,0.4277254052800653
39628449266012689,0.0,0.97,0.03,0.0,0.0971959289157881
39628433260546162,0.02,0.98,0.0,0.0,0.07072027127091034
39628433281516259,0.0,0.94,0.06,0.0,0.16372245957723813
39628459881794624,0.0,0.71,0.29,0.0,0.43436062316970225
39628427891835039,0.0,0.29,0.71,0.0,0.43436062316970225
39628449266011030,0.0,0.32,0.68,0.0,0.45219072886224687
39628433268936775,0.0,0.57,0.43,0.0,0.4929075185894599
39628459877600944,0.0,0.48,0.52,0.0,0.4994227679976009
39628427896034301,0.0,0.98,0.02,0.0,0.07072027127091034
39628433268936986,0.0,0.88,0.12,0.0,0.2646804326436822
39628459877597446,0.0,0.03,0.97,0.0,0.0971959289157881
39628459877597642,0.0,0.08,0.92,0.0,0.2010895951011364
39628433273127174,0.0,0.43,0.57,0.0,0.4929075185894599
39628433273127190,0.0,0.02,0.97,0.01,0.11097036642660543
39628422544101600,0.0,0.94,0.06,0.0,0.16372245957723813
39628433247962380,0.0,0.11,0.89,0.0,0.249957979082264
39628433268936877,0.0,0.0,0.92,0.08,0.2010895951011364
39628443943439419,0.0,0.3,0.7,0.0,0.44064544961534635
39628417162807468,0.0,0.35,0.65,0.0,0.4670340276877455
39628422527321164,0.0,0.12,0.88,0.0,0.2646804326436822
39628443935047886,0.0,0.29,0.71,0.0,0.43436062316970225
39628417162807948,0.0,0.72,0.28,0.0,0.4277254052800653
39628454588583481,0.0,0.01,0.95,0.04,0.16124668093016215
39628422531517726,0.0,0.06,0.93,0.01,0.20367037270049304
39628433289907282,0.0,0.99,0.01,0.0,0.04039656794795559
39628417154417114,0.0,0.06,0.94,0.0,0.16372245957723813
39628465162421331,0.0,0.29,0.71,0.0,0.43436062316970225
39628443964411118,0.0,0.09,0.91,0.0,0.21823490853205144
39628438620866873,0.0,0.97,0.03,0.0,0.0971959289157881
39628465170812392,0.0,0.79,0.21,0.0,0.37074136996563684
39628433289908219,0.0,0.32,0.68,0.0,0.45219072886224687
39628438629254207,0.0,0.1,0.9,0.0,0.2344977967946406
39628417150224934,0.0,0.29,0.71,0.0,0.43436062316970225
39628417150224951,0.0,0.96,0.04,0.0,0.12114609454120741
39628443943439211,0.0,0.66,0.34,0.0,0.46240935248651505
39628433289908410,0.0,0.98,0.02,0.0,0.07072027127091034
39628443943440189,0.0,0.79,0.21,0.0,0.37074136996563684
39628449291177305,0.0,0.23,0.77,0.0,0.38900565177326885
39628459865019097,0.0,0.03,0.97,0.0,0.0971959289157881
39628454559225771,0.0,0.74,0.26,0.0,0.4133731862463089
39628422527321437,0.0,0.37,0.63,0.0,0.47533604634353294
39628427912807429,0.05,0.95,0.0,0.0,0.14319847855797813
39628459865015835,0.0,0.91,0.09,0.0,0.21823490853205144
39628454588583344,0.0,0.38,0.62,0.0,0.47902101111314976
39628433289906667,0.0,0.03,0.97,0.0,0.0971959289157881
39628433289906684,0.0,0.81,0.19,0.0,0.3507357299419487
39628438608282327,0.0,0.29,0.71,0.0,0.43436062316970225
39628427904423413,0.0,0.79,0.21,0.0,0.37074136996563684
39628433281516466,0.0,0.09,0.9,0.01,0.2579475764741046
39628433289906945,0.0,0.15,0.85,0.0,0.3049201523582002
39628438608282117,0.0,0.94,0.06,0.0,0.16372245957723813
39628433289907019,0.0,0.1,0.9,0.0,0.2344977967946406
39628438637642566,0.0,0.76,0.24,0.0,0.39752013969226113
39628438637642019,0.0,0.01,0.99,0.0,0.04039656794795559
39628459865018915,0.0,0.98,0.02,0.0,0.07072027127091034
39628427904423375,0.0,0.36,0.64,0.0,0.4713415946277461
39628438637641839,0.0,0.55,0.45,0.0,0.49638722699390414
39628422544097368,0.0,0.48,0.52,0.0,0.4994227679976009
39628433289906750,0.0,0.01,0.98,0.01,0.08072027127091033
39628433289905295,0.0,0.02,0.98,0.0,0.07072027127091034
39628438629256038,0.0,0.98,0.02,0.0,0.07072027127091034
39628433289906079,0.0,0.03,0.97,0.0,0.0971959289157881
39628422552487337,0.0,0.47,0.53,0.0,0.4987007942838698
39628470426276469,0.0,0.27,0.73,0.0,0.42073231810408784
39628443939245931,0.0,0.49,0.51,0.0,0.49985572087640495
39628465158228712,0.0,0.99,0.01,0.0,0.04039656794795559
39628438633447550,0.0,0.57,0.43,0.0,0.4929075185894599
39628438637645068,0.0,0.16,0.84,0.0,0.3171547773202831
39628470438855884,0.0,1.0,0.0,0.0,-0.0
39628470438856125,0.0,0.81,0.19,0.0,0.3507357299419487
39628470434662775,0.0,0.91,0.09,0.0,0.21823490853205144
39628470430468659,0.0,0.07,0.93,0.0,0.18296182545011158
39628422535712287,0.0,0.94,0.06,0.0,0.16372245957723813
39628427921197141,0.0,0.55,0.45,0.0,0.49638722699390414
39628417162807178,0.0,0.78,0.22,0.0,0.38008375148098283
39628454567613964,0.0,0.17,0.83,0.0,0.32885238937210975
39628433289907128,0.01,0.73,0.26,0.0,0.4515849675378141
39628433289907036,0.0,0.97,0.03,0.0,0.0971959289157881
39628417162811020,0.0,0.32,0.68,0.0,0.45219072886224687
39628454596969921,0.0,0.53,0.47,0.0,0.4987007942838698
39628443926663738,0.0,0.25,0.75,0.0,0.4056390622295664
39628438629254825,0.0,0.25,0.75,0.0,0.4056390622295664
39628438637642296,0.0,0.03,0.97,0.0,0.0971959289157881
39628438629254814,0.0,0.73,0.27,0.0,0.42073231810408784
39628438612476682,0.0,0.72,0.28,0.0,0.4277254052800653
39628417146031842,0.0,0.16,0.84,0.0,0.3171547773202831
39628427925392779,0.0,0.3,0.7,0.0,0.44064544961534635
39628454588583373,0.0,0.0,0.95,0.05,0.14319847855797813
39628417146031731,0.0,0.01,0.98,0.01,0.08072027127091033
39628454596969586,0.0,0.06,0.94,0.0,0.16372245957723813
39628422552487886,0.0,0.3,0.7,0.0,0.44064544961534635
39628438629254619,0.0,0.03,0.97,0.0,0.0971959289157881
39628438629254450,0.0,0.02,0.97,0.01,0.11097036642660543
39628422552487916,0.0,0.28,0.72,0.0,0.4277254052800653
39628438620866453,0.0,0.97,0.03,0.0,0.0971959289157881
39628422552487806,0.0,0.05,0.95,0.0,0.14319847855797813
39628438629254989,0.0,0.45,0.55,0.0,0.49638722699390414
39628427925392736,0.0,0.7,0.3,0.0,0.44064544961534635
39628470426276583,0.0,0.12,0.88,0.0,0.2646804326436822
39628454567613529,0.0,0.86,0.14,0.0,0.292119405821428
39628443960214029,0.0,0.0,0.99,0.01,0.04039656794795559
39628459860823207,0.0,0.73,0.27,0.0,0.42073231810408784
39628433243769342,0.0,0.66,0.34,0.0,0.46240935248651505
39628443968605043,0.0,0.03,0.97,0.0,0.0971959289157881
39628454596968966,0.0,0.25,0.75,0.0,0.4056390622295664
39628427925390267,0.0,1.0,0.0,0.0,-0.0
39628417158613769,0.0,0.7,0.3,0.0,0.44064544961534635
39628433289907313,0.0,0.43,0.57,0.0,0.4929075185894599
39628454580191337,0.0,0.32,0.68,0.0,0.45219072886224687
39628449291176785,0.0,0.43,0.57,0.0,0.4929075185894599
39628438637643461,0.0,0.95,0.05,0.0,0.14319847855797813
39628465175003857,0.0,0.0,1.0,0.0,-0.0
39628438629257108,0.0,0.07,0.93,0.0,0.18296182545011158
39628438616673854,0.0,0.53,0.47,0.0,0.4987007942838698
39628454580191643,0.0,0.32,0.68,0.0,0.45219072886224687
39628459865016707,0.0,0.3,0.7,0.0,0.44064544961534635
39628465175003984,0.0,0.2,0.8,0.0,0.36096404744368116
39628438604089298,0.0,0.0,0.95,0.05,0.14319847855797813
39628465145647095,0.0,0.02,0.96,0.02,0.14114609454120738
39628422544098518,0.0,0.97,0.03,0.0,0.0971959289157881
39628470426276100,0.0,0.25,0.75,0.0,0.4056390622295664
39628459873404553,0.0,0.4,0.6,0.0,0.4854752972273343
39628454567613564,0.0,0.03,0.97,0.0,0.0971959289157881
39628427904418332,0.0,0.07,0.93,0.0,0.18296182545011158
39628427904422894,0.0,0.53,0.47,0.0,0.4987007942838698
39628454596969355,0.0,0.07,0.93,0.0,0.18296182545011158
39628454596969476,0.0,0.17,0.83,0.0,0.32885238937210975
39628454596969482,0.0,0.32,0.68,0.0,0.45219072886224687
39628438637642242,0.0,0.47,0.53,0.0,0.4987007942838698
39628454567610676,0.0,0.81,0.19,0.0,0.3507357299419487
39628454559221741,0.01,0.98,0.01,0.0,0.08072027127091033
39628438637644681,0.0,0.09,0.91,0.0,0.21823490853205144
39628443960214363,0.0,0.46,0.54,0.0,0.49768921941011285
39628459873403859,0.01,0.99,0.0,0.0,0.04039656794795559
39628417162805520,0.0,0.53,0.47,0.0,0.4987007942838698
39628449249231737,0.0,0.9,0.1,0.0,0.2344977967946406
39628454584387993,0.0,0.06,0.94,0.0,0.16372245957723813
39628449278594141,0.0,0.99,0.01,0.0,0.04039656794795559
39628411752155070,0.0,0.29,0.71,0.0,0.43436062316970225
39628433273127973,0.0,0.95,0.05,0.0,0.14319847855797813
39628417146031639,0.0,0.61,0.39,0.0,0.4823997742525436
39628411756351414,0.0,0.15,0.84,0.01,0.3441379826496441
39628470430466991,0.0,0.87,0.13,0.0,0.2787190925139945
39628417133449992,0.0,0.5,0.5,0.0,0.5
39628417133449306,0.0,0.32,0.68,0.0,0.45219072886224687
39628438620870323,0.0,0.06,0.94,0.0,0.16372245957723813
39628422527320288,0.0,0.77,0.23,0.0,0.38900565177326885
39628433264741487,0.0,0.75,0.25,0.0,0.4056390622295664
39628459865019736,0.0,0.1,0.9,0.0,0.2344977967946406
39628459865019804,0.0,0.0,1.0,0.0,-0.0
39628427887645880,0.0,0.91,0.09,0.0,0.21823490853205144
39628422539905701,0.0,0.86,0.14,0.0,0.292119405821428
39628443968604968,0.0,0.32,0.68,0.0,0.45219072886224687
39628454592776925,0.0,0.73,0.27,0.0,0.42073231810408784
39628422531516528,0.0,0.51,0.49,0.0,0.49985572087640495
39628422544101416,0.0,0.1,0.9,0.0,0.2344977967946406
39628454588583367,0.0,0.0,1.0,0.0,-0.0
39628459885986483,0.0,0.68,0.32,0.0,0.45219072886224687
39628454588583345,0.0,0.02,0.97,0.01,0.11097036642660543
39628449253425699,0.0,0.94,0.06,0.0,0.16372245957723813
39628438599893920,0.0,0.04,0.96,0.0,0.12114609454120741
39628449253425594,0.0,0.16,0.84,0.0,0.3171547773202831
39628422544099086,0.0,0.59,0.41,0.0,0.488250234378912
39628433277321458,0.0,0.08,0.92,0.0,0.2010895951011364
39628438608282289,0.0,0.1,0.9,0.0,0.2344977967946406
39628427908615643,0.0,0.73,0.27,0.0,0.42073231810408784
39628449253425469,0.0,0.06,0.94,0.0,0.16372245957723813
39628454588583256,0.0,0.96,0.04,0.0,0.12114609454120741
39628459885986180,0.0,0.52,0.48,0.0,0.4994227679976009
39628433277321680,0.0,0.95,0.05,0.0,0.14319847855797813
39628433277321632,0.0,0.0,0.91,0.09,0.21823490853205144
39628433277321664,0.0,0.02,0.89,0.09,0.2875800930424113
39628422531518159,0.0,0.07,0.93,0.0,0.18296182545011158
39628427912811378,0.0,0.0,0.97,0.03,0.0971959289157881
39628443935049182,0.0,0.76,0.24,0.0,0.39752013969226113
39628449266009907,0.0,0.2,0.8,0.0,0.36096404744368116
39628454575997594,0.0,0.53,0.47,0.0,0.4987007942838698
39628454571804370,0.0,0.81,0.19,0.0,0.3507357299419487
39628454571803727,0.0,0.0,0.82,0.18,0.34003852286413994
39628449266009995,0.0,0.87,0.13,0.0,0.2787190925139945
39628422531518469,0.0,0.83,0.17,0.0,0.32885238937210975
39628427912811632,0.0,0.04,0.95,0.01,0.16124668093016215
39628449291174248,0.0,0.96,0.04,0.0,0.12114609454120741
39628449291174228,0.0,1.0,0.0,0.0,-0.0
39628422531518582,0.0,0.0,1.0,0.0,-0.0
39628443968604883,0.0,0.91,0.09,0.0,0.21823490853205144
39628427904422352,0.0,0.01,0.93,0.06,0.20367037270049304
39628427908615873,0.0,0.98,0.02,0.0,0.07072027127091034
39628454596971724,0.0,0.14,0.86,0.0,0.292119405821428
39628449266009666,0.0,0.02,0.98,0.0,0.07072027127091034
39628459885985903,0.0,0.51,0.49,0.0,0.49985572087640495
39628459881791557,0.0,0.0,0.94,0.06,0.16372245957723813
39628454571804153,0.0,0.37,0.63,0.0,0.47533604634353294
39628459865014401,0.0,0.39,0.61,0.0,0.4823997742525436
39628449291174187,0.0,0.75,0.25,0.0,0.4056390622295664
39628438591507068,0.0,0.0,0.85,0.15,0.3049201523582002
39628443939245138,0.0,0.55,0.45,0.0,0.49638722699390414
39628459865014440,0.0,0.0,0.96,0.04,0.12114609454120741
39628433285713036,0.0,0.65,0.35,0.0,0.4670340276877455
39628438616675880,0.0,0.23,0.77,0.0,0.38900565177326885
39628422523129551,0.0,0.08,0.92,0.0,0.2010895951011364
39628470438855700,0.0,0.26,0.74,0.0,0.4133731862463089
39628465162421346,0.0,0.66,0.34,0.0,0.46240935248651505
39628422523129549,0.0,0.02,0.98,0.0,0.07072027127091034
39628459881791807,0.0,0.45,0.55,0.0,0.49638722699390414
39628454596972048,0.0,0.65,0.35,0.0,0.4670340276877455
39628454596972518,0.0,0.37,0.63,0.0,0.47533604634353294
39628465179197914,0.0,0.08,0.92,0.0,0.2010895951011364
39628449282788810,0.0,0.01,0.97,0.02,0.11097036642660543
39628459881791959,0.0,0.16,0.84,0.0,0.3171547773202831
39628454596972215,0.0,0.33,0.67,0.0,0.4574631863898637
39628449282788596,0.0,0.19,0.81,0.0,0.3507357299419487
39628427904419982,0.0,0.08,0.92,0.0,0.2010895951011364
39628443939245493,0.0,0.09,0.91,0.0,0.21823490853205144
39628454580193632,0.0,0.38,0.62,0.0,0.47902101111314976
39628443939245437,0.02,0.98,0.0,0.0,0.07072027127091034
39628433243768049,0.0,0.68,0.32,0.0,0.45219072886224687
39628433243768403,0.0,0.05,0.95,0.0,0.14319847855797813
39628433243768398,0.0,0.46,0.54,0.0,0.49768921941011285
39628433243769145,0.0,0.65,0.34,0.01,0.49978987264055696
39628433243768052,0.0,0.88,0.12,0.0,0.2646804326436822
39628433243768096,0.0,0.59,0.41,0.0,0.488250234378912
39628422527320377,0.0,0.13,0.87,0.0,0.2787190925139945
39628433247965975,0.0,0.96,0.04,0.0,0.12114609454120741
39628427883451842,0.0,0.82,0.18,0.0,0.34003852286413994
39628427883450468,0.0,0.05,0.94,0.01,0.1832231322266888
39628433260547508,0.0,0.12,0.88,0.0,0.2646804326436822
39628422527320313,0.0,0.25,0.75,0.0,0.4056390622295664
39628422544099195,0.0,0.87,0.13,0.0,0.2787190925139945
39628422544099188,0.0,0.1,0.9,0.0,0.2344977967946406
39628422531517229,0.0,0.72,0.28,0.0,0.4277254052800653
39628459885986131,0.0,0.38,0.62,0.0,0.47902101111314976
39628422544099156,0.0,0.13,0.87,0.0,0.2787190925139945
39628438591507504,0.0,0.05,0.93,0.02,0.21317104534994366
39628459865019605,0.0,0.07,0.93,0.0,0.18296182545011158
39628433243768974,0.0,0.94,0.06,0.0,0.16372245957723813
39628438612477234,0.0,0.64,0.36,0.0,0.4713415946277461
39628438612477339,0.0,0.44,0.56,0.0,0.4947937606110278
39628433243768581,0.0,0.61,0.39,0.0,0.4823997742525436
39628459860820223,0.0,0.76,0.24,0.0,0.39752013969226113
39628422552487532,0.0,0.85,0.15,0.0,0.3049201523582002
39628427904422270,0.0,0.66,0.34,0.0,0.46240935248651505
39628470430467493,0.0,0.16,0.84,0.0,0.3171547773202831
39628422552487487,0.0,0.2,0.8,0.0,0.36096404744368116
39628438591508685,0.0,0.43,0.57,0.0,0.4929075185894599
39628411747962148,0.0,0.0,0.93,0.07,0.18296182545011158
39628411747962175,0.0,0.36,0.64,0.0,0.4713415946277461
39628465170810921,0.0,0.94,0.06,0.0,0.16372245957723813
39628422552488088,0.0,0.63,0.37,0.0,0.47533604634353294
39628422523129352,0.01,0.88,0.11,0.0,0.28950944366190023
39628438620865741,0.0,0.57,0.43,0.0,0.4929075185894599
39628465170810737,0.0,0.98,0.02,0.0,0.07072027127091034
39628454567609312,0.0,0.22,0.78,0.0,0.38008375148098283
39628459869208643,0.0,0.29,0.71,0.0,0.43436062316970225
39628459865017512,0.0,0.26,0.73,0.01,0.4515849675378141
39628470430467256,0.0,0.64,0.36,0.0,0.4713415946277461
39628454559223127,0.0,0.14,0.86,0.0,0.292119405821428
39628449249231886,0.0,0.03,0.97,0.0,0.0971959289157881
39628422544101077,0.0,0.56,0.44,0.0,0.4947937606110278
39628443956023905,0.0,0.0,1.0,0.0,-0.0
39628459877598849,0.0,0.1,0.9,0.0,0.2344977967946406
39628422518935016,0.0,0.11,0.89,0.0,0.249957979082264
39628459877598768,0.0,0.03,0.96,0.01,0.13737165703039006
39628459881795256,0.0,0.02,0.96,0.02,0.14114609454120738
39628449291176972,0.01,0.96,0.03,0.0,0.13737165703039006
39628454571803214,0.0,0.0,1.0,0.0,-0.0
39628443947635966,0.0,0.28,0.72,0.0,0.4277254052800653
39628470443050409,0.0,0.21,0.79,0.0,0.37074136996563684
39628459881795240,0.0,0.0,0.94,0.06,0.16372245957723813
39628438616671470,0.0,0.41,0.59,0.0,0.488250234378912
39628470422080273,0.0,0.71,0.29,0.0,0.43436062316970225
39628443947635893,0.0,0.23,0.77,0.0,0.38900565177326885
39628470443050214,0.0,0.75,0.25,0.0,0.4056390622295664
39628438620865155,0.0,0.21,0.79,0.0,0.37074136996563684
39628470451437813,0.0,0.74,0.26,0.0,0.4133731862463089
39628454596972052,0.01,0.98,0.01,0.0,0.08072027127091033
39628454584388399,0.0,0.88,0.12,0.0,0.2646804326436822
39628438591507889,0.0,0.18,0.82,0.0,0.34003852286413994
39628422552487478,0.0,0.94,0.06,0.0,0.16372245957723813
39628417146031764,0.0,0.52,0.48,0.0,0.4994227679976009
39628438591508036,0.0,0.01,0.99,0.0,0.04039656794795559
39628438591507735,0.0,0.56,0.44,0.0,0.4947937606110278
39628438591507866,0.0,0.78,0.22,0.0,0.38008375148098283
39628454580193293,0.0,0.48,0.52,0.0,0.4994227679976009
39628443960214570,0.0,0.61,0.39,0.0,0.4823997742525436
39628449278593855,0.0,0.05,0.95,0.0,0.14319847855797813
39628422523130952,0.0,0.4,0.6,0.0,0.4854752972273343
39628449295369866,0.0,0.42,0.58,0.0,0.49072694751682683
39628465179198328,0.0,0.93,0.07,0.0,0.18296182545011158
39628459860824961,0.0,0.17,0.83,0.0,0.32885238937210975
39628422523131193,0.0,0.04,0.96,0.0,0.12114609454120741
39628454571805023,0.0,0.03,0.97,0.0,0.0971959289157881
39628465179198418,0.0,0.88,0.12,0.0,0.2646804326436822
39628443939246047,0.0,0.56,0.44,0.0,0.4947937606110278
39628438637642072,0.0,0.18,0.82,0.0,0.34003852286413994
39628438637642190,0.0,0.53,0.47,0.0,0.4987007942838698
39628459894374973,0.0,0.34,0.66,0.0,0.46240935248651505
39628422523131151,0.0,0.56,0.44,0.0,0.4947937606110278
39628443943438050,0.0,0.05,0.95,0.0,0.14319847855797813
39628433289907249,0.0,0.75,0.25,0.0,0.4056390622295664
39628438629257562,0.0,0.98,0.02,0.0,0.07072027127091034
39628422523131185,0.0,0.6,0.4,0.0,0.4854752972273343
39628449291177650,0.0,0.51,0.49,0.0,0.49985572087640495
39628465179197988,0.0,0.78,0.22,0.0,0.38008375148098283
39628433289905920,0.0,0.22,0.78,0.0,0.38008375148098283
39628459877600713,0.0,0.89,0.11,0.0,0.249957979082264
39628433289905886,0.0,0.19,0.81,0.0,0.3507357299419487
39628443964411229,0.0,0.66,0.34,0.0,0.46240935248651505
39628443964411244,0.0,0.38,0.62,0.0,0.47902101111314976
39628433243768785,0.0,0.67,0.33,0.0,0.4574631863898637
39628449274400380,0.0,0.75,0.25,0.0,0.4056390622295664
39628454559220739,0.0,0.27,0.73,0.0,0.42073231810408784
39628438591507627,0.0,0.39,0.61,0.0,0.4823997742525436
39628454571805113,0.0,0.68,0.32,0.0,0.45219072886224687
39628454571805527,0.0,0.39,0.61,0.0,0.4823997742525436
39628427908613202,0.0,0.45,0.55,0.0,0.49638722699390414
39628427925392402,0.0,0.0,1.0,0.0,-0.0
39628422518934423,0.01,0.95,0.04,0.0,0.16124668093016215
39628459856631116,0.0,0.13,0.87,0.0,0.2787190925139945
39628459856631426,0.0,0.77,0.23,0.0,0.38900565177326885
39628427925391897,0.0,0.03,0.97,0.0,0.0971959289157881
39628443939246052,0.0,0.93,0.07,0.0,0.18296182545011158
39628454596971862,0.0,0.07,0.92,0.01,0.22283217282912027
39628459860821977,0.0,0.0,0.99,0.01,0.04039656794795559
39628454559220696,0.0,0.77,0.23,0.0,0.38900565177326885
39628459856630936,0.0,0.61,0.39,0.0,0.4823997742525436
39628427925391873,0.0,0.0,0.97,0.03,0.0971959289157881
39628459856631179,0.0,0.19,0.81,0.0,0.3507357299419487
39628459856630833,0.0,0.39,0.61,0.0,0.4823997742525436
39628438616671432,0.0,0.14,0.86,0.0,0.292119405821428
39628427929583882,0.0,0.82,0.18,0.0,0.34003852286413994
39628438637642001,0.0,0.93,0.07,0.0,0.18296182545011158
39628438637641996,0.0,0.39,0.61,0.0,0.4823997742525436
39628454571805498,0.0,0.0,1.0,0.0,-0.0
39628449270204707,0.0,0.42,0.58,0.0,0.49072694751682683
39628459873404914,0.0,0.05,0.95,0.0,0.14319847855797813
39628417150222709,0.0,0.01,0.99,0.0,0.04039656794795559
39628443956019454,0.0,0.57,0.43,0.0,0.4929075185894599
39628449278594404,0.0,0.74,0.26,0.0,0.4133731862463089
39628470447246684,0.0,0.81,0.19,0.0,0.3507357299419487
39628443951830874,0.0,0.51,0.49,0.0,0.49985572087640495
39628465145644705,0.0,0.93,0.07,0.0,0.18296182545011158
39628454567609614,0.0,0.0,0.98,0.02,0.07072027127091034
39628454567609682,0.0,0.92,0.08,0.0,0.2010895951011364
39628443956019604,0.0,0.97,0.03,0.0,0.0971959289157881
39628443935048800,0.0,0.61,0.39,0.0,0.4823997742525436
39628443935048401,0.0,0.0,1.0,0.0,-0.0
39628443968603377,0.0,0.89,0.11,0.0,0.249957979082264
39628470430466700,0.0,0.66,0.34,0.0,0.46240935248651505
39628465149837703,0.0,0.6,0.4,0.0,0.4854752972273343
39628454596970520,0.0,0.73,0.27,0.0,0.42073231810408784
39628427904419543,0.0,0.71,0.29,0.0,0.43436062316970225
39628465154034329,0.0,0.68,0.32,0.0,0.45219072886224687
39628438620869155,0.0,0.35,0.65,0.0,0.4670340276877455
39628433268932764,0.0,0.18,0.82,0.0,0.34003852286413994
39628422539905915,0.0,0.8,0.2,0.0,0.36096404744368116
39628417146031595,0.0,0.09,0.91,0.0,0.21823490853205144
39628470426273296,0.0,0.01,0.99,0.0,0.04039656794795559
39628470426272913,0.0,0.17,0.83,0.0,0.32885238937210975
39628417137640430,0.0,0.96,0.04,0.0,0.12114609454120741
39628438620865587,0.0,0.14,0.86,0.0,0.292119405821428
39628465158226420,0.0,0.21,0.79,0.0,0.37074136996563684
39628417146031423,0.0,0.97,0.03,0.0,0.0971959289157881
39628454596972390,0.0,0.53,0.47,0.0,0.4987007942838698
39628433247962976,0.0,0.17,0.83,0.0,0.32885238937210975
39628449291174900,0.0,0.95,0.05,0.0,0.14319847855797813
39628433247962376,0.0,0.29,0.71,0.0,0.43436062316970225
39628459873405549,0.0,0.07,0.93,0.0,0.18296182545011158
39628422527321764,0.0,0.59,0.41,0.0,0.488250234378912
39628465175007562,0.0,0.09,0.91,0.0,0.21823490853205144
39628438608281729,0.0,0.5,0.5,0.0,0.5
39628427917003254,0.0,0.15,0.85,0.0,0.3049201523582002
39628422548292302,0.0,0.74,0.26,0.0,0.4133731862463089
39628422548292201,0.0,0.0,1.0,0.0,-0.0
39628422548292155,0.0,0.67,0.33,0.0,0.4574631863898637
39628422548292127,0.0,0.02,0.97,0.01,0.11097036642660543
39628422548292003,0.0,0.42,0.58,0.0,0.49072694751682683
39628422548291889,0.09,0.91,0.0,0.0,0.21823490853205144
39628427904422494,0.0,0.18,0.82,0.0,0.34003852286413994
39628475694321732,0.0,0.89,0.11,0.0,0.249957979082264
39628459877599673,0.0,1.0,0.0,0.0,-0.0
39628422548292141,0.0,0.92,0.08,0.0,0.2010895951011364
39628470438855520,0.0,0.98,0.02,0.0,0.07072027127091034
39628443935048180,0.0,0.32,0.68,0.0,0.45219072886224687
39628465145645528,0.0,0.69,0.31,0.0,0.4465867291889284
39628459890183310,0.0,0.57,0.43,0.0,0.4929075185894599
39628438633449713,0.0,0.39,0.61,0.0,0.4823997742525436
39628438629256678,0.0,0.96,0.04,0.0,0.12114609454120741
39628417146031137,0.0,0.02,0.96,0.02,0.14114609454120738
39628422552487373,0.0,0.88,0.12,0.0,0.2646804326436822
39628465145644580,0.0,0.69,0.31,0.0,0.4465867291889284
39628443935048264,0.0,0.2,0.8,0.0,0.36096404744368116
39628443968603254,0.0,0.96,0.04,0.0,0.12114609454120741
39628438608281841,0.0,0.16,0.84,0.0,0.3171547773202831
39628454580192570,0.0,0.92,0.08,0.0,0.2010895951011364
39628427896032829,0.0,0.67,0.33,0.0,0.4574631863898637
39628427896032875,0.0,0.92,0.08,0.0,0.2010895951011364
39628470447245405,0.0,0.2,0.8,0.0,0.36096404744368116
39628475694321241,0.0,0.18,0.82,0.0,0.34003852286413994
39628454559223764,0.0,0.26,0.74,0.0,0.4133731862463089
39628465158226722,0.0,0.45,0.55,0.0,0.49638722699390414
39628465162422001,0.0,0.58,0.42,0.0,0.49072694751682683
39628459869213882,0.0,0.11,0.89,0.0,0.249957979082264
39628427904422633,0.01,0.99,0.0,0.0,0.04039656794795559
39628465145645178,0.0,0.99,0.01,0.0,0.04039656794795559
39628438620865776,0.0,0.01,0.98,0.01,0.08072027127091033
39628465145645006,0.0,0.82,0.18,0.0,0.34003852286413994
39628465145645089,0.0,0.95,0.05,0.0,0.14319847855797813
39628465145645313,0.0,0.69,0.31,0.0,0.4465867291889284
39628470426277217,0.0,0.04,0.96,0.0,0.12114609454120741
39628454567609579,0.0,0.52,0.48,0.0,0.4994227679976009
39628438620865621,0.0,0.86,0.14,0.0,0.292119405821428
39628422539907529,0.02,0.88,0.1,0.0,0.30368177794258344
39628465170809979,0.0,0.1,0.9,0.0,0.2344977967946406
39628449270207009,0.0,0.61,0.39,0.0,0.4823997742525436
39628449270206590,0.0,0.39,0.61,0.0,0.4823997742525436
39628454596970654,0.0,0.83,0.17,0.0,0.32885238937210975
39628438608282758,0.0,0.83,0.17,0.0,0.32885238937210975
39628422531516388,0.0,0.25,0.75,0.0,0.4056390622295664
39628422548292432,0.0,0.0,1.0,0.0,-0.0
39628475690124608,0.0,0.53,0.47,0.0,0.4987007942838698
39628433252157699,0.0,0.0,0.83,0.17,0.32885238937210975
39628454584385590,0.0,0.42,0.58,0.0,0.49072694751682683
39628417154418177,0.0,0.9,0.1,0.0,0.2344977967946406
39628438612477830,0.0,0.15,0.85,0.0,0.3049201523582002
39628433243771372,0.0,0.97,0.03,0.0,0.0971959289157881
39628454567609507,0.0,0.16,0.84,0.0,0.3171547773202831
39628465162420503,0.0,0.46,0.54,0.0,0.49768921941011285
39628475694318891,0.0,0.59,0.41,0.0,0.488250234378912
39628465141452625,0.0,0.92,0.08,0.0,0.2010895951011364
39628427925392228,0.0,0.86,0.14,0.0,0.292119405821428
39628465141452700,0.0,0.98,0.02,0.0,0.07072027127091034
39628427925392071,0.0,0.69,0.31,0.0,0.4465867291889284
39628465141452867,0.0,0.93,0.07,0.0,0.18296182545011158
39628427925392124,0.0,0.97,0.03,0.0,0.0971959289157881
39628459885986654,0.0,0.09,0.91,0.0,0.21823490853205144
39628449249232639,0.0,0.51,0.49,0.0,0.49985572087640495
39628449282789253,0.0,0.38,0.62,0.0,0.47902101111314976
39628417146031840,0.0,0.0,0.87,0.13,0.2787190925139945
39628433260547351,0.0,0.08,0.91,0.01,0.24088153359695552
39628449253425506,0.0,0.8,0.2,0.0,0.36096404744368116
39628427896032117,0.0,0.75,0.25,0.0,0.4056390622295664
39628449282789244,0.0,1.0,0.0,0.0,-0.0
39628417146031676,0.0,0.88,0.12,0.0,0.2646804326436822
39628422518933882,0.0,0.98,0.02,0.0,0.07072027127091034
39628417158614659,0.0,0.62,0.38,0.0,0.47902101111314976
39628449282789471,0.0,0.62,0.38,0.0,0.47902101111314976
39628449261818288,0.0,0.74,0.26,0.0,0.4133731862463089
39628417158611762,0.0,0.97,0.03,0.0,0.0971959289157881
39628438604091102,0.0,0.72,0.28,0.0,0.4277254052800653
39628449295369472,0.0,0.39,0.61,0.0,0.4823997742525436
39628449295369505,0.0,0.4,0.6,0.0,0.4854752972273343
39628449295369566,0.0,0.87,0.13,0.0,0.2787190925139945
39628443935050209,0.0,0.6,0.4,0.0,0.4854752972273343
39628422518934144,0.0,0.98,0.02,0.0,0.07072027127091034
39628433247964447,0.0,0.11,0.89,0.0,0.249957979082264
39628438620864596,0.0,0.03,0.96,0.01,0.13737165703039006
39628449261818301,0.0,0.4,0.6,0.0,0.4854752972273343
39628465145647868,0.0,0.7,0.3,0.0,0.44064544961534635
39628422544101957,0.0,0.36,0.64,0.0,0.4713415946277461
39628417146031762,0.0,0.41,0.59,0.0,0.488250234378912
39628449261818160,0.0,0.02,0.98,0.0,0.07072027127091034
39628459885986994,0.0,0.01,0.99,0.0,0.04039656794795559
39628433260548382,0.0,0.54,0.46,0.0,0.49768921941011285
39628422531517396,0.0,0.22,0.78,0.0,0.38008375148098283
39628454559223630,0.0,0.61,0.39,0.0,0.4823997742525436
39628443951829336,0.0,0.91,0.09,0.0,0.21823490853205144
39628470417888178,0.0,0.44,0.56,0.0,0.4947937606110278
39628427904422963,0.0,0.57,0.43,0.0,0.4929075185894599
39628427904422869,0.0,0.97,0.03,0.0,0.0971959289157881
39628449249231819,0.0,0.54,0.46,0.0,0.49768921941011285
39628454563420126,0.0,0.17,0.83,0.0,0.32885238937210975
39628465145644016,0.0,0.01,0.93,0.06,0.20367037270049304
39628465145644347,0.0,0.24,0.76,0.0,0.39752013969226113
39628465145644155,0.0,0.99,0.01,0.0,0.04039656794795559
39628438591508402,0.0,0.64,0.36,0.0,0.4713415946277461
39628438591508054,0.0,0.0,0.95,0.05,0.14319847855797813
39628465141452920,0.0,0.15,0.85,0.0,0.3049201523582002
39628438591508171,0.0,0.02,0.98,0.0,0.07072027127091034
39628427925391478,0.0,0.37,0.63,0.0,0.47533604634353294
39628443926663376,0.0,0.04,0.96,0.0,0.12114609454120741
39628433247964311,0.0,0.66,0.34,0.0,0.46240935248651505
39628443960217712,0.0,0.63,0.37,0.0,0.47533604634353294
39628443926663450,0.0,0.37,0.63,0.0,0.47533604634353294
39628427891837928,0.0,0.66,0.34,0.0,0.46240935248651505
39628433247961277,0.0,0.25,0.75,0.0,0.4056390622295664
39628449270207114,0.0,0.27,0.73,0.0,0.42073231810408784
39628454567608549,0.0,0.8,0.2,0.0,0.36096404744368116
39628459860820909,0.0,0.93,0.07,0.0,0.18296182545011158
39628470417886758,0.0,0.91,0.09,0.0,0.21823490853205144
39628475690128681,0.0,0.97,0.03,0.0,0.0971959289157881
39628438629255564,0.0,1.0,0.0,0.0,-0.0
39628470447245788,0.0,0.88,0.12,0.0,0.2646804326436822
39628470430466729,0.0,0.67,0.33,0.0,0.4574631863898637
39628454559222971,0.0,0.38,0.62,0.0,0.47902101111314976
39628454559223063,0.0,0.11,0.89,0.0,0.249957979082264
39628433247962422,0.0,0.17,0.83,0.0,0.32885238937210975
39628470426272723,0.0,0.09,0.91,0.0,0.21823490853205144
39628470443049792,0.0,0.97,0.03,0.0,0.0971959289157881
39628433247962982,0.0,0.15,0.84,0.01,0.3441379826496441
39628417154420166,0.0,0.57,0.43,0.0,0.4929075185894599
39628438612479708,0.0,0.02,0.98,0.0,0.07072027127091034
39628438616675969,0.0,0.91,0.09,0.0,0.21823490853205144
39628427896032967,0.0,0.67,0.33,0.0,0.4574631863898637
39628438629255547,0.0,0.58,0.42,0.0,0.49072694751682683
39628438612480588,0.0,0.26,0.74,0.0,0.4133731862463089
39628443935050352,0.0,0.1,0.9,0.0,0.2344977967946406
39628438604090196,0.0,1.0,0.0,0.0,-0.0
39628449249232690,0.0,0.0,0.97,0.03,0.0971959289157881
39628470447247052,0.0,0.6,0.4,0.0,0.4854752972273343
39628475690126892,0.0,0.06,0.94,0.0,0.16372245957723813
39628438591506725,0.0,0.87,0.13,0.0,0.2787190925139945
39628438604089247,0.0,0.51,0.49,0.0,0.49985572087640495
39628433247962426,0.0,0.17,0.83,0.0,0.32885238937210975
39628438629255776,0.0,0.13,0.87,0.0,0.2787190925139945
39628438629255883,0.0,0.86,0.14,0.0,0.292119405821428
39628475690125671,0.0,0.52,0.48,0.0,0.4994227679976009
39628417141836462,0.0,0.0,0.96,0.04,0.12114609454120741
39628449257623883,0.0,0.95,0.05,0.0,0.14319847855797813
39628465170812494,0.0,0.11,0.89,0.0,0.249957979082264
39628438604088847,0.0,1.0,0.0,0.0,-0.0
39628459856631471,0.0,0.24,0.76,0.0,0.39752013969226113
39628459865017485,0.0,0.1,0.9,0.0,0.2344977967946406
39628459856631030,0.0,0.17,0.83,0.0,0.32885238937210975
39628475694318619,0.0,0.27,0.73,0.0,0.42073231810408784
39628475690124521,0.0,0.14,0.86,0.0,0.292119405821428
39628475690128632,0.0,0.23,0.77,0.0,0.38900565177326885
39628443951831090,0.02,0.97,0.01,0.0,0.11097036642660543
39628422523127523,0.0,0.75,0.25,0.0,0.4056390622295664
39628459865018319,0.0,0.1,0.9,0.0,0.2344977967946406
39628443964408471,0.0,0.39,0.61,0.0,0.4823997742525436
39628449291174766,0.0,0.36,0.64,0.0,0.4713415946277461
39628443935048249,0.0,0.98,0.02,0.0,0.07072027127091034
39628454559221857,0.0,0.73,0.27,0.0,0.42073231810408784
39628438629254644,0.0,0.0,0.91,0.09,0.21823490853205144
39628454559222081,0.0,0.06,0.94,0.0,0.16372245957723813
39628470422078113,0.0,0.9,0.1,0.0,0.2344977967946406
39628470422078888,0.0,1.0,0.0,0.0,-0.0
39628438616676289,0.0,0.82,0.18,0.0,0.34003852286413994
39628465145643995,0.0,0.16,0.82,0.02,0.3853317729939481
39628459869213492,0.0,0.61,0.39,0.0,0.4823997742525436
39628449249232621,0.0,0.02,0.98,0.0,0.07072027127091034
39628449295370199,0.0,0.78,0.22,0.0,0.38008375148098283
39628465141452385,0.0,0.82,0.18,0.0,0.34003852286413994
39628470417886827,0.0,0.18,0.82,0.0,0.34003852286413994
39628465145644038,0.0,0.25,0.75,0.0,0.4056390622295664
39628465141451962,0.0,0.09,0.91,0.0,0.21823490853205144
39628438591506562,0.05,0.95,0.0,0.0,0.14319847855797813
39628438591506326,0.0,0.28,0.72,0.0,0.4277254052800653
39628438591506288,0.0,0.98,0.02,0.0,0.07072027127091034
39628459860820299,0.0,0.05,0.95,0.0,0.14319847855797813
39628438591506225,0.0,0.21,0.79,0.0,0.37074136996563684
39628465145644064,0.0,0.23,0.77,0.0,0.38900565177326885
39628417162806903,0.0,0.68,0.32,0.0,0.45219072886224687
39628417162806876,0.02,0.98,0.0,0.0,0.07072027127091034
39628470447244442,0.0,1.0,0.0,0.0,-0.0
39628470447246154,0.0,1.0,0.0,0.0,-0.0
39628427891840164,0.0,0.85,0.15,0.0,0.3049201523582002
39628470422079256,0.0,0.85,0.15,0.0,0.3049201523582002
39628470417887236,0.0,0.82,0.18,0.0,0.34003852286413994
39628470422079379,0.0,0.44,0.56,0.0,0.4947937606110278
39628470417887615,0.0,0.72,0.28,0.0,0.4277254052800653
39628443956021778,0.0,0.02,0.98,0.0,0.07072027127091034
39628443956022091,0.0,0.99,0.01,0.0,0.04039656794795559
39628443956022235,0.0,0.56,0.44,0.0,0.4947937606110278
39628449282788142,0.0,0.97,0.03,0.0,0.0971959289157881
39628465154033961,0.0,0.13,0.87,0.0,0.2787190925139945
39628449282788487,0.0,0.19,0.81,0.0,0.3507357299419487
39628438629254275,0.0,0.31,0.69,0.0,0.4465867291889284
39628449253425740,0.0,0.17,0.83,0.0,0.32885238937210975
39628438604089831,0.0,0.65,0.35,0.0,0.4670340276877455
39628422518935268,0.0,0.7,0.3,0.0,0.44064544961534635
39628454601167278,0.0,0.14,0.86,0.0,0.292119405821428
39628422518935123,0.01,0.91,0.08,0.0,0.24088153359695552
39628443935047810,0.0,0.81,0.19,0.0,0.3507357299419487
39628438612479637,0.0,0.37,0.63,0.0,0.47533604634353294
39628443943441559,0.0,0.47,0.53,0.0,0.4987007942838698
39628449295370634,0.0,0.85,0.15,0.0,0.3049201523582002
39628438629254950,0.0,0.98,0.02,0.0,0.07072027127091034
39628465149841931,0.0,0.2,0.8,0.0,0.36096404744368116
39628422527320306,0.0,0.63,0.37,0.0,0.47533604634353294
39628438608285268,0.0,0.18,0.82,0.0,0.34003852286413994
39628465158226104,0.0,0.09,0.91,0.0,0.21823490853205144
39628422552487660,0.0,0.09,0.91,0.0,0.21823490853205144
39628422523131235,0.0,0.08,0.92,0.0,0.2010895951011364
39628470447245858,0.0,0.58,0.42,0.0,0.49072694751682683
39628454567613847,0.0,0.03,0.96,0.01,0.13737165703039006
39628438591507209,0.0,0.06,0.94,0.0,0.16372245957723813
39628438591507195,0.0,0.01,0.99,0.0,0.04039656794795559
39628470426275614,0.0,0.26,0.74,0.0,0.4133731862463089
39628470426275944,0.0,0.45,0.55,0.0,0.49638722699390414
39628438591507845,0.0,0.01,0.99,0.0,0.04039656794795559
39628433252158015,0.0,0.87,0.13,0.0,0.2787190925139945
39628433252157901,0.0,0.6,0.4,0.0,0.4854752972273343
39628443951825809,0.0,0.55,0.45,0.0,0.49638722699390414
39628454596972168,0.0,0.04,0.96,0.0,0.12114609454120741
39628454596969676,0.0,0.34,0.66,0.0,0.46240935248651505
39628443960217519,0.0,0.7,0.3,0.0,0.44064544961534635
39628443951826225,0.0,1.0,0.0,0.0,-0.0
39628438591507768,0.0,0.47,0.53,0.0,0.4987007942838698
39628433260546662,0.0,0.91,0.09,0.0,0.21823490853205144
39628449295370238,0.0,0.02,0.98,0.0,0.07072027127091034
39628465149841575,0.0,0.25,0.75,0.0,0.4056390622295664
39628417141834224,0.0,0.99,0.01,0.0,0.04039656794795559
39628443935050544,0.0,1.0,0.0,0.0,-0.0
39628427904418418,0.0,0.64,0.36,0.0,0.4713415946277461
39628470422084158,0.0,0.34,0.66,0.0,0.46240935248651505
39628438629254528,0.0,0.5,0.5,0.0,0.5
39628417141836539,0.0,0.29,0.71,0.0,0.43436062316970225
39628449261814948,0.0,0.98,0.02,0.0,0.07072027127091034
39628443960217586,0.0,0.14,0.86,0.0,0.292119405821428
39628443964408001,0.0,1.0,0.0,0.0,-0.0
39628459860823052,0.0,0.01,0.99,0.0,0.04039656794795559
39628454567610588,0.0,0.62,0.38,0.0,0.47902101111314976
39628459860823035,0.0,0.01,0.98,0.01,0.08072027127091033
39628417141836806,0.0,0.08,0.92,0.0,0.2010895951011364
39628438591507708,0.0,0.46,0.54,0.0,0.49768921941011285
39628443972797256,0.0,0.91,0.09,0.0,0.21823490853205144
39628470422078539,0.0,0.33,0.67,0.0,0.4574631863898637
39628470422078714,0.0,0.31,0.69,0.0,0.4465867291889284
39628449245041211,0.0,0.33,0.67,0.0,0.4574631863898637
39628465141451550,0.0,0.57,0.43,0.0,0.4929075185894599
39628449278591033,0.0,0.0,1.0,0.0,-0.0
39628449245040936,0.0,0.79,0.21,0.0,0.37074136996563684
39628438612476653,0.0,0.18,0.82,0.0,0.34003852286413994
39628433268933101,0.0,0.22,0.78,0.0,0.38008375148098283
39628465175006059,0.0,0.38,0.62,0.0,0.47902101111314976
39628438595702698,0.0,0.09,0.91,0.0,0.21823490853205144
39628470438855261,0.0,0.11,0.89,0.0,0.249957979082264
39628427904422971,0.0,0.75,0.25,0.0,0.4056390622295664
39628438595702575,0.0,0.27,0.73,0.0,0.42073231810408784
39628438595702772,0.0,0.61,0.39,0.0,0.4823997742525436
39628422518935388,0.22,0.78,0.0,0.0,0.38008375148098283
39628454605357152,0.0,0.17,0.83,0.0,0.32885238937210975
39628454596971372,0.0,0.53,0.47,0.0,0.4987007942838698
39628459881795161,0.0,0.65,0.35,0.0,0.4670340276877455
39628438612476403,0.0,0.12,0.88,0.0,0.2646804326436822
39628454580191813,0.0,0.17,0.83,0.0,0.32885238937210975
39628417141836427,0.0,0.18,0.82,0.0,0.34003852286413994
39628454559223967,0.0,0.68,0.32,0.0,0.45219072886224687
39628449286982064,0.0,0.11,0.89,0.0,0.249957979082264
39628417141836828,0.0,0.15,0.85,0.0,0.3049201523582002
39628459877599275,0.0,0.3,0.7,0.0,0.44064544961534635
39628470426273160,0.0,0.73,0.27,0.0,0.42073231810408784
39628438604088656,0.0,0.02,0.98,0.0,0.07072027127091034
39628433243769064,0.0,0.67,0.33,0.0,0.4574631863898637
39628449245040990,0.0,0.91,0.09,0.0,0.21823490853205144
39628417158614502,0.0,0.13,0.87,0.0,0.2787190925139945
39628427904422848,0.0,0.24,0.76,0.0,0.39752013969226113
39628422531517382,0.0,1.0,0.0,0.0,-0.0
39628422531517692,0.0,0.1,0.9,0.0,0.2344977967946406
39628427887641877,0.0,0.0,0.81,0.19,0.3507357299419487
39628438595702773,0.0,0.26,0.74,0.0,0.4133731862463089
39628454559220579,0.01,0.99,0.0,0.0,0.04039656794795559
39628454555030546,0.0,0.17,0.83,0.0,0.32885238937210975
39628438591506332,0.0,0.04,0.96,0.0,0.12114609454120741
39628438591506834,0.0,0.96,0.04,0.0,0.12114609454120741
39628470417887848,0.0,0.46,0.54,0.0,0.49768921941011285
39628459856630929,0.0,0.96,0.04,0.0,0.12114609454120741
39628470417885081,0.0,0.06,0.94,0.0,0.16372245957723813
39628454559220747,0.0,0.7,0.3,0.0,0.44064544961534635
39628470417885349,0.0,0.22,0.78,0.0,0.38008375148098283
39628470417887843,0.0,0.73,0.27,0.0,0.42073231810408784
39628465145645123,0.0,0.65,0.35,0.0,0.4670340276877455
39628427891840056,0.02,0.98,0.0,0.0,0.07072027127091034
39628422518933682,0.0,0.33,0.67,0.0,0.4574631863898637
39628449245040884,0.0,0.64,0.36,0.0,0.4713415946277461
39628470417887428,0.0,0.85,0.15,0.0,0.3049201523582002
39628417133448250,0.0,0.05,0.95,0.0,0.14319847855797813
39628449261814510,0.0,0.83,0.17,0.0,0.32885238937210975
39628465166619196,0.0,0.55,0.45,0.0,0.49638722699390414
39628454571803380,0.0,0.97,0.03,0.0,0.0971959289157881
39628449282789327,0.0,0.02,0.98,0.0,0.07072027127091034
39628459865019604,0.0,0.4,0.6,0.0,0.4854752972273343
39628443926661697,0.0,0.17,0.83,0.0,0.32885238937210975
39628454559223257,0.0,0.17,0.83,0.0,0.32885238937210975
39628454559223487,0.0,0.79,0.21,0.0,0.37074136996563684
39628454559223723,0.0,0.19,0.81,0.0,0.3507357299419487
39628449261814319,0.0,0.24,0.76,0.0,0.39752013969226113
39628443956023390,0.0,0.23,0.77,0.0,0.38900565177326885
39628470434663394,0.0,0.94,0.06,0.0,0.16372245957723813
39628459877598947,0.0,0.68,0.32,0.0,0.45219072886224687
39628438616671222,0.0,1.0,0.0,0.0,-0.0
39628438604088459,0.0,0.43,0.57,0.0,0.4929075185894599
39628459856628040,0.0,0.99,0.01,0.0,0.04039656794795559
39628465141452011,0.0,0.94,0.06,0.0,0.16372245957723813
39628465141452048,0.0,0.96,0.04,0.0,0.12114609454120741
39628465141452115,0.0,0.44,0.56,0.0,0.4947937606110278
39628449245040885,0.0,0.78,0.22,0.0,0.38008375148098283
39628438591506070,0.0,0.98,0.02,0.0,0.07072027127091034
39628470417885596,0.0,0.95,0.05,0.0,0.14319847855797813
39628438591506237,0.0,0.98,0.02,0.0,0.07072027127091034
39628459856628406,0.0,0.07,0.93,0.0,0.18296182545011158
39628422552487453,0.0,0.03,0.97,0.0,0.0971959289157881
39628470417886926,0.0,0.75,0.25,0.0,0.4056390622295664
39628470417887184,0.0,0.84,0.16,0.0,0.3171547773202831
39628459856628268,0.0,0.71,0.29,0.0,0.43436062316970225
39628459856628178,0.0,0.62,0.38,0.0,0.47902101111314976
39628465145643624,0.0,0.81,0.19,0.0,0.3507357299419487
39628438591505297,0.0,0.68,0.32,0.0,0.45219072886224687
39628470417884131,0.0,0.81,0.19,0.0,0.3507357299419487
39628459856628276,0.0,0.84,0.16,0.0,0.3171547773202831
39628470417887708,0.0,0.41,0.59,0.0,0.488250234378912
39628465141452284,0.0,1.0,0.0,0.0,-0.0
39628438591506279,0.0,0.96,0.04,0.0,0.12114609454120741
39628449245040456,0.03,0.96,0.01,0.0,0.13737165703039006
39628449245041554,0.0,0.12,0.87,0.01,0.30414992414989617
39628449282788435,0.0,0.94,0.06,0.0,0.16372245957723813
39628443926660834,0.0,0.48,0.52,0.0,0.4994227679976009
39628465154033539,0.06,0.94,0.0,0.0,0.16372245957723813
39628427896029563,0.0,0.99,0.01,0.0,0.04039656794795559
39628443968603412,0.0,0.88,0.12,0.0,0.2646804326436822
39628443960217441,0.0,0.38,0.62,0.0,0.47902101111314976
39628422518932953,0.0,0.6,0.4,0.0,0.4854752972273343
39628443922469366,0.0,0.3,0.7,0.0,0.44064544961534635
39628454559221964,0.0,0.11,0.89,0.0,0.249957979082264
39628454559221355,0.0,0.32,0.68,0.0,0.45219072886224687
39628454559221527,0.0,0.78,0.22,0.0,0.38008375148098283
39628465154033739,0.0,0.4,0.6,0.0,0.4854752972273343
39628454559220885,0.0,0.43,0.57,0.0,0.4929075185894599
39628449249231010,0.0,0.95,0.05,0.0,0.14319847855797813
39628465145644734,0.0,0.15,0.85,0.0,0.3049201523582002
39628475685931278,0.01,0.99,0.0,0.0,0.04039656794795559
39628454601167431,0.0,0.77,0.23,0.0,0.38900565177326885
39628454601167430,0.0,0.0,0.87,0.13,0.2787190925139945
39628449261814502,0.0,0.0,1.0,0.0,-0.0
39628459877597821,0.0,0.04,0.95,0.01,0.16124668093016215
39628449245041657,0.0,0.77,0.23,0.0,0.38900565177326885
39628470422077538,0.0,0.64,0.36,0.0,0.4713415946277461
39628475685930920,0.0,0.99,0.01,0.0,0.04039656794795559
39628449249231082,0.0,0.71,0.29,0.0,0.43436062316970225
39628449278594046,0.0,0.54,0.46,0.0,0.49768921941011285
39628470426275536,0.0,0.0,1.0,0.0,-0.0
39628470426275444,0.0,0.72,0.28,0.0,0.4277254052800653
39628470426276175,0.0,0.37,0.63,0.0,0.47533604634353294
39628417154417025,0.0,0.21,0.79,0.0,0.37074136996563684
39628438620869782,0.0,0.78,0.22,0.0,0.38008375148098283
39628417167000621,0.0,0.98,0.02,0.0,0.07072027127091034
39628433268933742,0.0,1.0,0.0,0.0,-0.0
39628449266012772,0.0,0.21,0.79,0.0,0.37074136996563684
39628449249233007,0.0,0.01,0.95,0.04,0.16124668093016215
39628422552489363,0.0,0.92,0.08,0.0,0.2010895951011364
39628422552489498,0.01,0.99,0.0,0.0,0.04039656794795559
39628433247966134,0.0,0.47,0.53,0.0,0.4987007942838698
39628449266012752,0.0,0.27,0.73,0.0,0.42073231810408784
39628454559224030,0.0,1.0,0.0,0.0,-0.0
39628427891835373,0.0,0.97,0.03,0.0,0.0971959289157881
39628427887645251,0.0,1.0,0.0,0.0,-0.0
39628433247966444,0.0,0.04,0.96,0.0,0.12114609454120741
39628443935051294,0.0,0.16,0.84,0.0,0.3171547773202831
39628443930854742,0.0,0.44,0.56,0.0,0.4947937606110278
39628427925393625,0.0,0.38,0.62,0.0,0.47902101111314976
39628417158611352,0.0,0.94,0.06,0.0,0.16372245957723813
39628417154420657,0.0,0.01,0.88,0.11,0.28950944366190023
39628433277324411,0.0,0.11,0.89,0.0,0.249957979082264
39628443964409736,0.0,0.38,0.62,0.0,0.47902101111314976
39628465179199029,0.0,0.11,0.89,0.0,0.249957979082264
39628438604091215,0.0,0.72,0.28,0.0,0.4277254052800653
39628417158611278,0.0,0.94,0.06,0.0,0.16372245957723813
39628433260545979,0.0,0.01,0.99,0.0,0.04039656794795559
39628438604091510,0.0,0.39,0.61,0.0,0.4823997742525436
39628427925392923,0.0,0.9,0.1,0.0,0.2344977967946406
39628417154420772,0.0,0.61,0.39,0.0,0.4823997742525436
39628449266009939,0.0,0.43,0.57,0.0,0.4929075185894599
39628449266008254,0.0,0.61,0.39,0.0,0.4823997742525436
39628427891839923,0.0,0.61,0.39,0.0,0.4823997742525436
39628417154420821,0.0,0.87,0.13,0.0,0.2787190925139945
39628454559226132,0.02,0.95,0.03,0.0,0.1674722434193448
39628427925393146,0.0,0.5,0.5,0.0,0.5
39628427891839840,0.0,0.89,0.11,0.0,0.249957979082264
39628438604091096,0.0,0.07,0.93,0.0,0.18296182545011158
39628465179198684,0.0,0.1,0.9,0.0,0.2344977967946406
39628427891839626,0.0,0.11,0.89,0.0,0.249957979082264
39628454567612263,0.0,0.0,0.96,0.04,0.12114609454120741
39628433264739725,0.0,0.86,0.14,0.0,0.292119405821428
39628433247964608,0.0,0.91,0.09,0.0,0.21823490853205144
39628422544097477,0.0,0.07,0.93,0.0,0.18296182545011158
39628465166615616,0.0,0.67,0.33,0.0,0.4574631863898637
39628449261817193,0.0,0.0,1.0,0.0,-0.0
39628438591509021,0.0,0.1,0.9,0.0,0.2344977967946406
39628449261817572,0.0,0.09,0.91,0.0,0.21823490853205144
39628427896034191,0.0,0.89,0.11,0.0,0.249957979082264
39628454575997419,0.0,0.35,0.65,0.0,0.4670340276877455
39628427917003928,0.0,0.0,0.82,0.18,0.34003852286413994
39628427896034150,0.0,0.24,0.76,0.0,0.39752013969226113
39628443935049667,0.0,0.31,0.69,0.0,0.4465867291889284
39628422539903743,0.0,0.34,0.66,0.0,0.46240935248651505
39628427917003881,0.0,0.93,0.07,0.0,0.18296182545011158
39628449261817309,0.0,0.34,0.66,0.0,0.46240935248651505
39628427917000778,0.0,0.58,0.42,0.0,0.49072694751682683
39628454567612200,0.0,0.39,0.61,0.0,0.4823997742525436
39628433277325310,0.0,0.98,0.02,0.0,0.07072027127091034
39628433277325306,0.0,0.05,0.95,0.0,0.14319847855797813
39628438620866989,0.0,0.0,0.96,0.04,0.12114609454120741
39628454567611707,0.0,0.66,0.34,0.0,0.46240935248651505
39628433277325278,0.0,0.01,0.98,0.01,0.08072027127091033
39628454567610478,0.0,0.01,0.99,0.0,0.04039656794795559
39628438595699273,0.0,0.85,0.15,0.0,0.3049201523582002
39628433277325154,0.0,0.46,0.54,0.0,0.49768921941011285
39628443947631569,0.0,0.87,0.13,0.0,0.2787190925139945
39628454567612140,0.0,0.31,0.69,0.0,0.4465867291889284
39628470426276274,0.0,0.41,0.59,0.0,0.488250234378912
39628433256351941,0.0,0.87,0.13,0.0,0.2787190925139945
39628433256352263,0.0,0.23,0.77,0.0,0.38900565177326885
39628433256352124,0.0,0.45,0.55,0.0,0.49638722699390414
39628449261817165,0.0,0.01,0.99,0.0,0.04039656794795559
39628449266009754,0.0,0.22,0.78,0.0,0.38008375148098283
39628459860823916,0.0,0.01,0.97,0.02,0.11097036642660543
39628459860823937,0.0,0.0,0.91,0.09,0.21823490853205144
39628454567608746,0.0,0.0,0.98,0.02,0.07072027127091034
39628449261816737,0.0,0.48,0.52,0.0,0.4994227679976009
39628449286983077,0.0,0.37,0.63,0.0,0.47533604634353294
39628465149841404,0.0,0.81,0.19,0.0,0.3507357299419487
39628454592774517,0.0,0.01,0.98,0.01,0.08072027127091033
39628449261816958,0.0,0.67,0.33,0.0,0.4574631863898637
39628438625060147,0.0,0.89,0.11,0.0,0.249957979082264
39628417141836935,0.0,0.62,0.38,0.0,0.47902101111314976
39628449295369120,0.0,0.0,1.0,0.0,-0.0
39628459869209615,0.0,0.01,0.97,0.02,0.11097036642660543
39628433277322938,0.0,0.03,0.97,0.0,0.0971959289157881
39628422548293099,0.0,0.04,0.94,0.02,0.19127133459887283
39628470438856924,0.0,0.83,0.17,0.0,0.32885238937210975
39628449295368666,0.0,0.5,0.5,0.0,0.5
39628454580194760,0.0,0.16,0.84,0.0,0.3171547773202831
39628422548293031,0.0,0.45,0.55,0.0,0.49638722699390414
39628422523128352,0.0,0.41,0.59,0.0,0.488250234378912
39628443935048108,0.0,0.05,0.95,0.0,0.14319847855797813
39628427929583870,0.0,0.01,0.95,0.04,0.16124668093016215
39628443935051756,0.0,0.41,0.59,0.0,0.488250234378912
39628422523128817,0.0,0.03,0.97,0.0,0.0971959289157881
39628470426275533,0.0,0.98,0.02,0.0,0.07072027127091034
39628475694319551,0.0,0.92,0.08,0.0,0.2010895951011364
39628443960213673,0.01,0.99,0.0,0.0,0.04039656794795559
39628443964411721,0.0,0.99,0.01,0.0,0.04039656794795559
39628449286980568,0.0,0.53,0.47,0.0,0.4987007942838698
39628422518935543,0.0,0.15,0.85,0.0,0.3049201523582002
39628454567608489,0.0,0.0,0.83,0.17,0.32885238937210975
39628454559226261,0.0,0.24,0.76,0.0,0.39752013969226113
39628454559226403,0.0,0.41,0.59,0.0,0.488250234378912
39628454563414089,0.0,0.21,0.79,0.0,0.37074136996563684
39628454563414138,0.0,0.3,0.7,0.0,0.44064544961534635
39628438616672131,0.0,0.28,0.72,0.0,0.4277254052800653
39628470426276317,0.0,0.1,0.9,0.0,0.2344977967946406
39628427900227456,0.0,0.36,0.64,0.0,0.4713415946277461
39628449261816878,0.0,0.02,0.98,0.0,0.07072027127091034
39628443960213623,0.0,0.68,0.32,0.0,0.45219072886224687
39628427896029301,0.0,0.33,0.67,0.0,0.4574631863898637
39628459881791560,0.0,0.81,0.19,0.0,0.3507357299419487
39628470426275148,0.0,0.59,0.41,0.0,0.488250234378912
39628465154032217,0.0,0.87,0.13,0.0,0.2787190925139945
39628459860821074,0.0,0.56,0.44,0.0,0.4947937606110278
39628438595699036,0.0,0.98,0.02,0.0,0.07072027127091034
39628449286980514,0.0,0.84,0.16,0.0,0.3171547773202831
39628449249232801,0.0,0.9,0.1,0.0,0.2344977967946406
39628422531514753,0.0,0.05,0.95,0.0,0.14319847855797813
39628427908613522,0.0,0.39,0.61,0.0,0.4823997742525436
39628465154036144,0.0,0.89,0.11,0.0,0.249957979082264
39628443960217371,0.0,0.9,0.1,0.0,0.2344977967946406
39628427925390474,0.0,0.96,0.04,0.0,0.12114609454120741
39628433273128690,0.0,0.09,0.91,0.0,0.21823490853205144
39628449261817451,0.0,0.86,0.14,0.0,0.292119405821428
39628459873405918,0.0,0.55,0.45,0.0,0.49638722699390414
39628454567608430,0.0,0.0,0.99,0.01,0.04039656794795559
39628454567608460,0.0,0.44,0.56,0.0,0.4947937606110278
39628454596972200,0.0,0.02,0.98,0.0,0.07072027127091034
39628454596971983,0.0,0.24,0.76,0.0,0.39752013969226113
39628443926660627,0.0,0.51,0.49,0.0,0.49985572087640495
39628417167002641,0.0,0.0,0.92,0.08,0.2010895951011364
39628454596969367,0.0,0.22,0.78,0.0,0.38008375148098283
39628422552489337,0.0,1.0,0.0,0.0,-0.0
39628417133449891,0.0,0.16,0.84,0.0,0.3171547773202831
39628417133449765,0.0,0.44,0.56,0.0,0.4947937606110278
39628449278593665,0.0,0.36,0.64,0.0,0.4713415946277461
39628465179198980,0.0,0.31,0.69,0.0,0.4465867291889284
39628417133450036,0.0,0.15,0.85,0.0,0.3049201523582002
39628449249233036,0.0,0.58,0.42,0.0,0.49072694751682683
39628465179198656,0.0,0.31,0.69,0.0,0.4465867291889284
39628417150225109,0.0,0.77,0.23,0.0,0.38900565177326885
39628427900223692,0.0,0.3,0.7,0.0,0.44064544961534635
39628427917004131,0.0,0.74,0.26,0.0,0.4133731862463089
39628438591508719,0.0,1.0,0.0,0.0,-0.0
39628417146032148,0.0,0.19,0.81,0.0,0.3507357299419487
39628438641836351,0.0,0.65,0.35,0.0,0.4670340276877455
39628427917004238,0.0,0.98,0.02,0.0,0.07072027127091034
39628459869211569,0.0,0.16,0.84,0.0,0.3171547773202831
39628433289905271,0.0,0.48,0.52,0.0,0.4994227679976009
39628433264742153,0.0,0.1,0.9,0.0,0.2344977967946406
39628443964409629,0.0,0.78,0.22,0.0,0.38008375148098283
39628454592774622,0.0,0.42,0.58,0.0,0.49072694751682683
39628443968602542,0.0,0.41,0.59,0.0,0.488250234378912
39628417167001944,0.0,0.36,0.64,0.0,0.4713415946277461
39628433294098774,0.0,0.74,0.26,0.0,0.4133731862463089
39628433294098678,0.0,0.33,0.66,0.01,0.49495300580492785
39628427921199225,0.0,0.06,0.94,0.0,0.16372245957723813
39628417158612868,0.0,0.76,0.24,0.0,0.39752013969226113
39628417158613027,0.0,1.0,0.0,0.0,-0.0
39628427929584273,0.0,0.72,0.28,0.0,0.4277254052800653
39628465158228544,0.0,0.48,0.52,0.0,0.4994227679976009
39628449291176745,0.0,0.95,0.05,0.0,0.14319847855797813
39628417166999823,0.02,0.98,0.0,0.0,0.07072027127091034
39628427929584178,0.0,1.0,0.0,0.0,-0.0
39628417162811001,0.0,0.05,0.94,0.01,0.1832231322266888
39628417162810985,0.0,0.53,0.47,0.0,0.4987007942838698
39628417167000076,0.0,0.54,0.46,0.0,0.49768921941011285
39628417137639483,0.0,0.25,0.75,0.0,0.4056390622295664
39628459860822835,0.0,0.67,0.33,0.0,0.4574631863898637
39628417167000541,0.0,0.06,0.88,0.06,0.3246804326436822
39628443964411905,0.0,0.07,0.93,0.0,0.18296182545011158
39628449270204887,0.0,0.32,0.68,0.0,0.45219072886224687
39628427929584234,0.0,0.06,0.94,0.0,0.16372245957723813
39628454584385836,0.0,0.27,0.73,0.0,0.42073231810408784
39628454584386045,0.0,0.99,0.01,0.0,0.04039656794795559
39628465154032505,0.02,0.98,0.0,0.0,0.07072027127091034
39628454596968777,0.0,0.09,0.91,0.0,0.21823490853205144
39628417167001606,0.0,0.81,0.19,0.0,0.3507357299419487
39628459898572596,0.0,0.8,0.2,0.0,0.36096404744368116
39628427891839381,0.0,0.63,0.37,0.0,0.47533604634353294
39628449291176259,0.0,0.16,0.84,0.0,0.3171547773202831
39628449295368670,0.0,0.68,0.32,0.0,0.45219072886224687
39628454584385702,0.0,0.07,0.93,0.0,0.18296182545011158
39628449278593695,0.0,0.98,0.02,0.0,0.07072027127091034
39628449278593600,0.0,1.0,0.0,0.0,-0.0
39628443960214202,0.0,0.01,0.96,0.03,0.13737165703039006
39628449278593699,0.0,0.0,0.91,0.09,0.21823490853205144
39628427929586367,0.0,0.46,0.54,0.0,0.49768921941011285
39628454584387940,0.0,0.73,0.27,0.0,0.42073231810408784
39628417146030521,0.0,0.05,0.95,0.0,0.14319847855797813
39628417146030563,0.0,0.55,0.45,0.0,0.49638722699390414
39628443930854739,0.0,0.08,0.92,0.0,0.2010895951011364
39628459865019549,0.0,0.08,0.9,0.02,0.2705942015390087
39628443930854743,0.0,0.42,0.58,0.0,0.49072694751682683
39628449266013559,0.0,0.99,0.01,0.0,0.04039656794795559
39628433285713345,0.0,0.84,0.16,0.0,0.3171547773202831
39628427925390864,0.0,0.05,0.95,0.0,0.14319847855797813
39628454559225664,0.0,0.16,0.84,0.0,0.3171547773202831
39628422544097685,0.0,0.55,0.45,0.0,0.49638722699390414
39628449282788912,0.0,0.19,0.81,0.0,0.3507357299419487
39628454559225962,0.0,0.6,0.4,0.0,0.4854752972273343
39628422531517512,0.0,0.92,0.08,0.0,0.2010895951011364
39628449266009474,0.0,0.03,0.97,0.0,0.0971959289157881
39628454596971993,0.0,0.0,0.95,0.05,0.14319847855797813
39628422544098192,0.0,0.99,0.01,0.0,0.04039656794795559
39628465149843147,0.0,0.02,0.98,0.0,0.07072027127091034
39628417154416981,0.0,0.98,0.02,0.0,0.07072027127091034
39628465179198471,0.0,0.18,0.82,0.0,0.34003852286413994
39628443943439917,0.0,0.0,0.99,0.01,0.04039656794795559
39628465149843112,0.0,0.53,0.47,0.0,0.4987007942838698
39628438612477674,0.0,0.07,0.93,0.0,0.18296182545011158
39628465179198597,0.0,0.57,0.43,0.0,0.4929075185894599
39628438612477702,0.0,0.14,0.86,0.0,0.292119405821428
39628427925391216,0.0,0.26,0.74,0.0,0.4133731862463089
39628438591506898,0.0,0.0,1.0,0.0,-0.0
39628454559223390,0.0,0.0,0.95,0.05,0.14319847855797813
39628433247963369,0.0,0.06,0.94,0.0,0.16372245957723813
39628459860822342,0.0,0.71,0.29,0.0,0.43436062316970225
39628433277323809,0.0,0.03,0.97,0.0,0.0971959289157881
39628465179201096,0.0,0.99,0.01,0.0,0.04039656794795559
39628443939242434,0.0,0.5,0.5,0.0,0.5
39628422523129140,0.0,0.08,0.92,0.0,0.2010895951011364
39628449282785368,0.0,0.76,0.24,0.0,0.39752013969226113
39628449282785412,0.0,0.16,0.84,0.0,0.3171547773202831
39628422518935736,0.0,0.87,0.13,0.0,0.2787190925139945
39628422518935793,0.0,0.98,0.02,0.0,0.07072027127091034
39628443926663685,0.0,1.0,0.0,0.0,-0.0
39628443926663754,0.0,0.0,1.0,0.0,-0.0
39628449249231149,0.0,0.67,0.33,0.0,0.4574631863898637
39628459856630889,0.0,0.87,0.13,0.0,0.2787190925139945
39628422518933667,0.0,0.76,0.24,0.0,0.39752013969226113
39628454559220335,0.0,0.0,0.99,0.01,0.04039656794795559
39628422552487649,0.0,0.69,0.31,0.0,0.4465867291889284
39628470430467517,0.0,0.39,0.61,0.0,0.4823997742525436
39628438620865130,0.0,0.19,0.81,0.0,0.3507357299419487
39628422552488065,0.0,0.95,0.05,0.0,0.14319847855797813
39628459856630599,0.0,0.12,0.88,0.0,0.2646804326436822
39628417137644623,0.0,0.99,0.01,0.0,0.04039656794795559
39628449291176957,0.0,0.85,0.15,0.0,0.3049201523582002
39628454559225970,0.0,0.83,0.17,0.0,0.32885238937210975
39628427925390663,0.0,0.09,0.91,0.0,0.21823490853205144
39628427925391232,0.0,0.6,0.4,0.0,0.4854752972273343
39628454580195176,0.0,0.0,0.86,0.14,0.292119405821428
39628459856630420,0.0,0.62,0.38,0.0,0.47902101111314976
39628454584387905,0.0,0.07,0.93,0.0,0.18296182545011158
39628443968604731,0.0,0.93,0.07,0.0,0.18296182545011158
39628443968604728,0.0,0.48,0.52,0.0,0.4994227679976009
39628433289905987,0.0,0.72,0.28,0.0,0.4277254052800653
39628449270206761,0.0,0.04,0.96,0.0,0.12114609454120741
39628433289905604,0.0,0.0,1.0,0.0,-0.0
39628417167000838,0.0,0.55,0.45,0.0,0.49638722699390414
39628459856631060,0.0,0.41,0.59,0.0,0.488250234378912
39628459860822828,0.0,0.08,0.92,0.0,0.2010895951011364
39628459856630605,0.0,0.4,0.6,0.0,0.4854752972273343
39628459856630914,0.0,1.0,0.0,0.0,-0.0
39628459860820080,0.0,0.42,0.58,0.0,0.49072694751682683
39628443951828825,0.0,0.48,0.52,0.0,0.4994227679976009
39628411743768037,0.0,0.96,0.04,0.0,0.12114609454120741
39628459881791985,0.0,0.24,0.76,0.0,0.39752013969226113
39628417167001558,0.0,0.1,0.9,0.0,0.2344977967946406
39628449291178287,0.0,0.11,0.89,0.0,0.249957979082264
39628449278593420,0.0,0.02,0.98,0.0,0.07072027127091034
39628443968602993,0.0,0.06,0.94,0.0,0.16372245957723813
39628465175003210,0.0,0.66,0.34,0.0,0.46240935248651505
39628454588583398,0.0,0.03,0.97,0.0,0.0971959289157881
39628459869213722,0.0,0.7,0.3,0.0,0.44064544961534635
39628422518935821,0.0,0.98,0.02,0.0,0.07072027127091034
39628459860821770,0.0,0.23,0.77,0.0,0.38900565177326885
39628422523128757,0.0,0.15,0.85,0.0,0.3049201523582002
39628422523128808,0.0,0.06,0.93,0.01,0.20367037270049304
39628459877597224,0.0,0.33,0.67,0.0,0.4574631863898637
39628438612480805,0.0,0.65,0.35,0.0,0.4670340276877455
39628438612480743,0.0,0.21,0.79,0.0,0.37074136996563684
39628470447245187,0.01,0.91,0.08,0.0,0.24088153359695552
39628449282789638,0.0,0.97,0.03,0.0,0.0971959289157881
39628459860822297,0.0,0.02,0.98,0.0,0.07072027127091034
39628459873404868,0.0,0.18,0.82,0.0,0.34003852286413994
39628465158227068,0.0,0.91,0.09,0.0,0.21823490853205144
39628433281517970,0.0,0.02,0.98,0.0,0.07072027127091034
39628433281517566,0.0,0.29,0.71,0.0,0.43436062316970225
39628427921198776,0.0,0.02,0.98,0.0,0.07072027127091034
39628459860822215,0.0,0.29,0.71,0.0,0.43436062316970225
39628470426274519,0.0,0.16,0.84,0.0,0.3171547773202831
39628438616672957,0.0,0.25,0.75,0.0,0.4056390622295664
39628470426274271,0.01,0.81,0.18,0.0,0.3789955935892812
39628459860822058,0.0,0.23,0.77,0.0,0.38900565177326885
39628454580195618,0.0,0.33,0.67,0.0,0.4574631863898637
39628459860822311,0.0,0.98,0.02,0.0,0.07072027127091034
39628470426275422,0.0,0.26,0.74,0.0,0.4133731862463089
39628459860821739,0.0,0.0,1.0,0.0,-0.0
39628433260547873,0.0,0.78,0.22,0.0,0.38008375148098283
39628427891839926,0.0,0.95,0.05,0.0,0.14319847855797813
39628459860820837,0.0,0.9,0.1,0.0,0.2344977967946406
39628454567609884,0.0,0.48,0.52,0.0,0.4994227679976009
39628449245041654,0.0,0.01,0.99,0.0,0.04039656794795559
39628459860820583,0.0,0.79,0.21,0.0,0.37074136996563684
39628470426274756,0.0,0.02,0.98,0.0,0.07072027127091034
39628470426274813,0.0,0.97,0.03,0.0,0.0971959289157881
39628459860820633,0.0,0.11,0.89,0.0,0.249957979082264
39628449245041751,0.0,0.09,0.91,0.0,0.21823490853205144
39628475694317775,0.0,0.87,0.13,0.0,0.2787190925139945
39628475694318021,0.0,0.29,0.71,0.0,0.43436062316970225
39628422535713932,0.0,0.68,0.32,0.0,0.45219072886224687
39628449291177141,0.0,0.97,0.03,0.0,0.0971959289157881
39628475690125371,0.0,1.0,0.0,0.0,-0.0
39628438616673070,0.0,0.84,0.16,0.0,0.3171547773202831
39628475690127971,0.0,0.42,0.58,0.0,0.49072694751682683
39628449261814081,0.0,0.01,0.98,0.01,0.08072027127091033
39628443964408166,0.0,0.03,0.97,0.0,0.0971959289157881
39628438612478102,0.0,0.65,0.35,0.0,0.4670340276877455
39628475698512706,0.0,0.49,0.51,0.0,0.49985572087640495
39628475690127438,0.0,0.25,0.75,0.0,0.4056390622295664
39628443951830702,0.0,0.69,0.31,0.0,0.4465867291889284
39628443926660409,0.0,0.22,0.78,0.0,0.38008375148098283
39628454596972010,0.0,0.05,0.95,0.0,0.14319847855797813
39628470417887400,0.0,0.97,0.03,0.0,0.0971959289157881
39628470417887417,0.0,0.78,0.22,0.0,0.38008375148098283
39628438616673499,0.0,0.96,0.04,0.0,0.12114609454120741
39628438591506392,0.0,0.16,0.84,0.0,0.3171547773202831
39628438612478151,0.0,0.63,0.37,0.0,0.47533604634353294
39628470422080158,0.0,0.99,0.01,0.0,0.04039656794795559
39628454601166901,0.0,0.06,0.94,0.0,0.16372245957723813
39628449278592957,0.0,0.07,0.93,0.0,0.18296182545011158
39628422531517228,0.0,0.05,0.95,0.0,0.14319847855797813
39628449278592826,0.0,0.11,0.89,0.0,0.249957979082264
39628443964408107,0.01,0.98,0.01,0.0,0.08072027127091033
39628438612481043,0.0,0.53,0.47,0.0,0.4987007942838698
39628427900224149,0.0,0.16,0.84,0.0,0.3171547773202831
39628470426273652,0.0,0.79,0.21,0.0,0.37074136996563684
39628449249232026,0.0,0.91,0.09,0.0,0.21823490853205144
39628449249232141,0.0,0.51,0.49,0.0,0.49985572087640495
39628470430467871,0.0,0.19,0.81,0.0,0.3507357299419487
39628449249230884,0.0,0.04,0.96,0.0,0.12114609454120741
39628459860820444,0.0,0.88,0.12,0.0,0.2646804326436822
39628459856628537,0.0,0.72,0.28,0.0,0.4277254052800653
39628459860820459,0.0,0.74,0.26,0.0,0.4133731862463089
39628443964408245,0.0,0.02,0.97,0.01,0.11097036642660543
39628449295369891,0.0,1.0,0.0,0.0,-0.0
39628443951826155,0.0,0.17,0.83,0.0,0.32885238937210975
39628438616673670,0.0,0.07,0.93,0.0,0.18296182545011158
39628475681740268,0.0,0.97,0.03,0.0,0.0971959289157881
39628443951829296,0.0,0.57,0.43,0.0,0.4929075185894599
39628422518933469,0.0,0.52,0.48,0.0,0.4994227679976009
39628443960214450,0.0,0.88,0.12,0.0,0.2646804326436822
39628443960214414,0.0,0.06,0.93,0.01,0.20367037270049304
39628417137640624,0.0,0.09,0.91,0.0,0.21823490853205144
39628465149842542,0.0,0.99,0.01,0.0,0.04039656794795559
39628465154037070,0.0,0.12,0.88,0.0,0.2646804326436822
39628465154033303,0.0,1.0,0.0,0.0,-0.0
39628454596971668,0.0,0.61,0.39,0.0,0.4823997742525436
39628454596972285,0.0,0.65,0.35,0.0,0.4670340276877455
39628417137640706,0.01,0.99,0.0,0.0,0.04039656794795559
39628465149843195,0.0,0.2,0.8,0.0,0.36096404744368116
39628417141835603,0.0,0.43,0.57,0.0,0.4929075185894599
39628465154031956,0.0,0.01,0.99,0.0,0.04039656794795559
39628433281518080,0.0,0.69,0.31,0.0,0.4465867291889284
39628465154031851,0.0,0.01,0.94,0.05,0.1832231322266888
39628465154031862,0.0,0.39,0.61,0.0,0.4823997742525436
39628475685929884,0.0,1.0,0.0,0.0,-0.0
39628475685929755,0.0,0.68,0.32,0.0,0.45219072886224687
39628459856630864,0.0,0.1,0.9,0.0,0.2344977967946406
39628449278591834,0.2,0.8,0.0,0.0,0.36096404744368116
39628422518934174,0.0,0.86,0.14,0.0,0.292119405821428
39628454559220591,0.0,0.91,0.09,0.0,0.21823490853205144
39628427925391581,0.0,0.25,0.75,0.0,0.4056390622295664
39628449249232369,0.0,0.33,0.67,0.0,0.4574631863898637
39628438620865519,0.0,0.08,0.92,0.0,0.2010895951011364
39628438620865518,0.0,0.06,0.94,0.0,0.16372245957723813
39628422518933734,0.0,0.28,0.72,0.0,0.4277254052800653
39628443956019708,0.02,0.98,0.0,0.0,0.07072027127091034
39628443960217695,0.0,0.07,0.92,0.01,0.22283217282912027
39628443964407846,0.0,0.06,0.92,0.02,0.2335407200795017
39628443972799880,0.0,0.92,0.08,0.0,0.2010895951011364
39628475685929627,0.0,0.6,0.4,0.0,0.4854752972273343
39628443951830044,0.0,0.33,0.67,0.0,0.4574631863898637
39628443951829312,0.0,0.76,0.24,0.0,0.39752013969226113
39628443951829413,0.0,0.45,0.55,0.0,0.49638722699390414
39628438591505607,0.1,0.9,0.0,0.0,0.2344977967946406
39628443951826623,0.0,1.0,0.0,0.0,-0.0
39628470417887738,0.0,0.99,0.01,0.0,0.04039656794795559
39628470417886710,0.0,0.1,0.9,0.0,0.2344977967946406
39628454559220253,0.0,0.76,0.24,0.0,0.39752013969226113
39628454559220418,0.0,0.07,0.93,0.0,0.18296182545011158
39628465145643130,0.0,0.73,0.27,0.0,0.42073231810408784
39628465145643243,0.0,0.49,0.51,0.0,0.49985572087640495
39628470417887049,0.0,0.91,0.09,0.0,0.21823490853205144
39628449257621032,0.0,0.0,1.0,0.0,-0.0
39628465154033468,0.0,0.29,0.71,0.0,0.43436062316970225
39628433281518358,0.0,0.01,0.99,0.0,0.04039656794795559
39628465154033764,0.0,0.21,0.79,0.0,0.37074136996563684
39628427896029586,0.0,0.64,0.36,0.0,0.4713415946277461
39628454559220123,0.0,0.56,0.44,0.0,0.4947937606110278
39628459856631374,0.0,0.65,0.35,0.0,0.4670340276877455
39628470426274013,0.0,0.37,0.63,0.0,0.47533604634353294
39628438616672413,0.0,0.99,0.01,0.0,0.04039656794795559
39628443951829711,0.0,0.3,0.7,0.0,0.44064544961534635
39628449282786630,0.0,0.37,0.63,0.0,0.47533604634353294
39628449282786779,0.0,0.47,0.53,0.0,0.4987007942838698
39628454605357863,0.0,0.04,0.95,0.01,0.16124668093016215
39628422556680896,0.0,0.21,0.79,0.0,0.37074136996563684
39628465158227464,0.0,0.11,0.89,0.0,0.249957979082264
39628433281518187,0.0,0.86,0.14,0.0,0.292119405821428
39628438608283397,0.0,0.05,0.95,0.0,0.14319847855797813
39628454605358313,0.0,1.0,0.0,0.0,-0.0
39628438595701990,0.0,0.99,0.01,0.0,0.04039656794795559
39628459881796739,0.0,0.45,0.55,0.0,0.49638722699390414
39628438608283710,0.0,0.92,0.08,0.0,0.2010895951011364
39628454575998541,0.0,0.06,0.93,0.01,0.20367037270049304
39628454567611231,0.0,0.76,0.24,0.0,0.39752013969226113
39628417146030525,0.0,0.02,0.98,0.0,0.07072027127091034
39628454575998564,0.0,0.11,0.89,0.0,0.249957979082264
39628427904422491,0.0,0.24,0.76,0.0,0.39752013969226113
39628433285711065,0.0,0.34,0.66,0.0,0.46240935248651505
39628433247961182,0.0,0.68,0.32,0.0,0.45219072886224687
39628433285711074,0.0,0.02,0.96,0.02,0.14114609454120738
39628422523130069,0.0,0.9,0.1,0.0,0.2344977967946406
39628433285711106,0.0,0.1,0.9,0.0,0.2344977967946406
39628422527325109,0.0,0.61,0.39,0.0,0.4823997742525436
39628411756351171,0.0,0.16,0.84,0.0,0.3171547773202831
39628465166617010,0.0,0.01,0.91,0.08,0.24088153359695552
39628459885991122,0.0,0.68,0.32,0.0,0.45219072886224687
39628417137641468,0.0,0.27,0.73,0.0,0.42073231810408784
39628449270202885,0.04,0.96,0.0,0.0,0.12114609454120741
39628459873404742,0.0,0.28,0.72,0.0,0.4277254052800653
39628459869209923,0.0,0.95,0.05,0.0,0.14319847855797813
39628449266011613,0.0,0.6,0.4,0.0,0.4854752972273343
39628465166617020,0.0,0.96,0.04,0.0,0.12114609454120741
39628470438856767,0.0,0.6,0.4,0.0,0.4854752972273343
39628449257622229,0.0,0.7,0.3,0.0,0.44064544961534635
39628417154418570,0.0,0.14,0.85,0.01,0.33142210248480686
39628465166615157,0.0,0.0,1.0,0.0,-0.0
39628443943440430,0.0,0.91,0.09,0.0,0.21823490853205144
39628422527325034,0.01,0.99,0.0,0.0,0.04039656794795559
39628417154417965,0.0,0.85,0.15,0.0,0.3049201523582002
39628427929586729,0.0,0.86,0.14,0.0,0.292119405821428
39628443930854736,0.0,0.87,0.13,0.0,0.2787190925139945
39628422523130458,0.0,0.58,0.42,0.0,0.49072694751682683
39628465170814947,0.0,0.0,0.99,0.01,0.04039656794795559
39628438591509981,0.0,0.94,0.06,0.0,0.16372245957723813
39628459885989804,0.0,0.0,1.0,0.0,-0.0
39628422544099874,0.0,0.1,0.9,0.0,0.2344977967946406
39628449257619807,0.0,0.94,0.06,0.0,0.16372245957723813
39628454588580923,0.0,0.07,0.93,0.0,0.18296182545011158
39628422544099982,0.0,0.87,0.13,0.0,0.2787190925139945
39628422544099765,0.0,0.8,0.2,0.0,0.36096404744368116
39628459860824296,0.0,0.41,0.59,0.0,0.488250234378912
39628422527322892,0.0,0.0,0.98,0.02,0.07072027127091034
39628459860824105,0.0,0.79,0.21,0.0,0.37074136996563684
39628459860824034,0.0,0.01,0.97,0.02,0.11097036642660543
39628459873404856,0.0,0.07,0.93,0.0,0.18296182545011158
39628459860823905,0.0,0.05,0.95,0.0,0.14319847855797813
39628411752154534,0.0,0.57,0.43,0.0,0.4929075185894599
39628459860823644,0.0,0.85,0.15,0.0,0.3049201523582002
39628411752154530,0.0,0.12,0.88,0.0,0.2646804326436822
39628411756351159,0.0,0.61,0.39,0.0,0.4823997742525436
39628422527324445,0.0,0.11,0.89,0.0,0.249957979082264
39628427929586614,0.0,0.93,0.07,0.0,0.18296182545011158
39628454592776220,0.0,0.0,1.0,0.0,-0.0
39628459894374639,0.0,0.08,0.92,0.0,0.2010895951011364
39628438608282797,0.0,0.27,0.73,0.0,0.42073231810408784
39628449282785860,0.0,0.14,0.86,0.0,0.292119405821428
39628422548293321,0.0,0.46,0.54,0.0,0.49768921941011285
39628422518936073,0.0,0.93,0.07,0.0,0.18296182545011158
39628427904419751,0.0,0.03,0.96,0.01,0.13737165703039006
39628459885990651,0.0,0.01,0.99,0.0,0.04039656794795559
39628417154417850,0.0,0.38,0.62,0.0,0.47902101111314976
39628427921195834,0.0,0.32,0.68,0.0,0.45219072886224687
39628465166616717,0.0,0.25,0.75,0.0,0.4056390622295664
39628427921195814,0.0,0.27,0.73,0.0,0.42073231810408784
39628438616671305,0.0,0.42,0.58,0.0,0.49072694751682683
39628459894375737,0.0,0.85,0.15,0.0,0.3049201523582002
39628422548292994,0.0,0.26,0.74,0.0,0.4133731862463089
39628438595701165,0.0,0.82,0.18,0.0,0.34003852286413994
39628422544099921,0.0,0.04,0.96,0.0,0.12114609454120741
39628443968603522,0.0,0.92,0.08,0.0,0.2010895951011364
39628454592776348,0.0,0.04,0.96,0.0,0.12114609454120741
39628438637643868,0.0,0.07,0.93,0.0,0.18296182545011158
39628433260545625,0.0,0.14,0.86,0.0,0.292119405821428
39628417154417696,0.0,0.02,0.98,0.0,0.07072027127091034
39628427912810936,0.0,0.37,0.63,0.0,0.47533604634353294
39628433273127861,0.0,0.72,0.28,0.0,0.4277254052800653
39628422544101147,0.0,0.4,0.6,0.0,0.4854752972273343
39628422544099962,0.0,0.92,0.08,0.0,0.2010895951011364
39628465166614578,0.0,0.56,0.44,0.0,0.4947937606110278
39628459865016541,0.0,0.12,0.88,0.0,0.2646804326436822
39628427912808287,0.0,0.74,0.26,0.0,0.4133731862463089
39628438637644728,0.04,0.96,0.0,0.0,0.12114609454120741
39628427900226378,0.0,0.32,0.68,0.0,0.45219072886224687
39628459894375686,0.0,0.63,0.37,0.0,0.47533604634353294
39628422527324951,0.0,0.13,0.87,0.0,0.2787190925139945
39628427900226757,0.21,0.79,0.0,0.0,0.37074136996563684
39628438637644664,0.0,0.22,0.78,0.0,0.38008375148098283
39628433260547739,0.0,0.74,0.26,0.0,0.4133731862463089
39628438637644632,0.01,0.99,0.0,0.0,0.04039656794795559
39628465166615109,0.0,0.93,0.07,0.0,0.18296182545011158
39628417154417863,0.0,0.04,0.96,0.0,0.12114609454120741
39628433256354523,0.0,0.61,0.39,0.0,0.4823997742525436
39628454592775114,0.0,0.34,0.66,0.0,0.46240935248651505
39628438591509711,0.0,0.92,0.08,0.0,0.2010895951011364
39628427900226114,0.0,0.44,0.56,0.0,0.4947937606110278
39628427912808273,0.0,0.7,0.3,0.0,0.44064544961534635
39628422544100905,0.01,0.99,0.0,0.0,0.04039656794795559
39628427900226062,0.0,0.58,0.42,0.0,0.49072694751682683
39628427904422479,0.0,0.67,0.33,0.0,0.4574631863898637
39628438599896913,0.0,0.24,0.76,0.0,0.39752013969226113
39628427917001214,0.01,0.94,0.05,0.0,0.1832231322266888
39628427908617150,0.0,0.03,0.93,0.04,0.2174448102113104
39628427908614052,0.0,0.11,0.89,0.0,0.249957979082264
39628443939246549,0.0,0.0,0.98,0.02,0.07072027127091034
39628443939246558,0.0,0.49,0.51,0.0,0.49985572087640495
39628422539903642,0.0,0.82,0.18,0.0,0.34003852286413994
39628465149841016,0.0,0.03,0.97,0.0,0.0971959289157881
39628465149841034,0.0,0.25,0.75,0.0,0.4056390622295664
39628438599896459,0.0,0.9,0.1,0.0,0.2344977967946406
39628465175007804,0.0,0.29,0.71,0.0,0.43436062316970225
39628459890180398,0.0,0.63,0.37,0.0,0.47533604634353294
39628438608283856,0.0,0.19,0.81,0.0,0.3507357299419487
39628438599897166,0.0,0.97,0.03,0.0,0.0971959289157881
39628443930855630,0.0,0.03,0.96,0.01,0.13737165703039006
39628449253426624,0.0,0.18,0.82,0.0,0.34003852286413994
39628459873403862,0.0,0.0,1.0,0.0,-0.0
39628438599896977,0.0,0.06,0.92,0.02,0.2335407200795017
39628438599896959,0.0,0.98,0.02,0.0,0.07072027127091034
39628438599896957,0.0,0.09,0.91,0.0,0.21823490853205144
39628459890180319,0.0,0.67,0.33,0.0,0.4574631863898637
39628454588582808,0.0,0.96,0.04,0.0,0.12114609454120741
39628454575998835,0.0,0.62,0.38,0.0,0.47902101111314976
39628422539904260,0.0,0.98,0.02,0.0,0.07072027127091034
39628449253427869,0.0,0.37,0.63,0.0,0.47533604634353294
39628443943436785,0.0,0.0,1.0,0.0,-0.0
39628422535712667,0.0,0.92,0.08,0.0,0.2010895951011364
39628422523130933,0.0,0.92,0.08,0.0,0.2010895951011364
39628438620866270,0.0,0.29,0.71,0.0,0.43436062316970225
39628422535712792,0.0,0.19,0.81,0.0,0.3507357299419487
39628422523131134,0.0,0.56,0.44,0.0,0.4947937606110278
39628454567613099,0.0,0.02,0.97,0.01,0.11097036642660543
39628433264739909,0.0,0.0,0.94,0.06,0.16372245957723813
39628454588580804,0.0,0.31,0.69,0.0,0.4465867291889284
39628417154416764,0.0,0.23,0.77,0.0,0.38900565177326885
39628417154416929,0.0,0.12,0.88,0.0,0.2646804326436822
39628459890182254,0.0,0.42,0.58,0.0,0.49072694751682683
39628465170815073,0.0,0.14,0.86,0.0,0.292119405821428
39628422535712848,0.0,0.18,0.82,0.0,0.34003852286413994
39628443943438576,0.0,0.99,0.01,0.0,0.04039656794795559
39628422523129774,0.0,0.25,0.75,0.0,0.4056390622295664
39628427900224872,0.0,0.73,0.27,0.0,0.42073231810408784
39628454588581903,0.0,0.04,0.96,0.0,0.12114609454120741
39628427917001257,0.0,0.18,0.82,0.0,0.34003852286413994
39628427887641811,0.0,0.93,0.07,0.0,0.18296182545011158
39628443943438161,0.0,0.0,0.83,0.17,0.32885238937210975
39628422531516950,0.0,0.56,0.44,0.0,0.4947937606110278
39628438625063361,0.0,0.41,0.59,0.0,0.488250234378912
39628422535710388,0.0,0.56,0.44,0.0,0.4947937606110278
39628427917001340,0.0,0.08,0.92,0.0,0.2010895951011364
39628454588582104,0.0,0.3,0.7,0.0,0.44064544961534635
39628438604087352,0.0,0.26,0.74,0.0,0.4133731862463089
39628449253426713,0.0,0.31,0.69,0.0,0.4465867291889284
39628443930856403,0.0,0.68,0.32,0.0,0.45219072886224687
39628433256350035,0.0,0.99,0.01,0.0,0.04039656794795559
39628465162424549,0.0,0.51,0.49,0.0,0.49985572087640495
39628465166619336,0.0,0.1,0.9,0.0,0.2344977967946406
39628433247963188,0.0,0.06,0.94,0.0,0.16372245957723813
39628417154417173,0.0,0.69,0.31,0.0,0.4465867291889284
39628433247963175,0.0,0.81,0.19,0.0,0.3507357299419487
39628438604087941,0.0,0.01,0.98,0.01,0.08072027127091033
39628433281517688,0.0,0.19,0.81,0.0,0.3507357299419487
39628465166618063,0.0,0.0,1.0,0.0,-0.0
39628459885990753,0.0,0.17,0.83,0.0,0.32885238937210975
39628465162424743,0.0,0.04,0.96,0.0,0.12114609454120741
39628449257621412,0.0,0.47,0.53,0.0,0.4987007942838698
39628465149838071,0.0,0.17,0.83,0.0,0.32885238937210975
39628438604087975,0.0,0.23,0.77,0.0,0.38900565177326885
39628427912807834,0.0,0.49,0.51,0.0,0.49985572087640495
39628438633451283,0.0,0.17,0.83,0.0,0.32885238937210975
39628438633451253,0.0,0.84,0.16,0.0,0.3171547773202831
39628438633451150,0.0,0.95,0.05,0.0,0.14319847855797813
39628433243771037,0.0,0.97,0.03,0.0,0.0971959289157881
39628443930857613,0.0,0.86,0.14,0.0,0.292119405821428
39628433243770604,0.0,0.29,0.71,0.0,0.43436062316970225
39628465162424609,0.0,0.86,0.14,0.0,0.292119405821428
39628438633448512,0.0,0.13,0.87,0.0,0.2787190925139945
39628465162422128,0.0,0.33,0.67,0.0,0.4574631863898637
39628459885990652,0.0,0.62,0.38,0.0,0.47902101111314976
39628459869212167,0.02,0.98,0.0,0.0,0.07072027127091034
39628438604087798,0.0,0.02,0.98,0.0,0.07072027127091034
39628438633447894,0.0,0.96,0.04,0.0,0.12114609454120741
39628427912810758,0.0,0.09,0.91,0.0,0.21823490853205144
39628438604088116,0.0,0.8,0.2,0.0,0.36096404744368116
39628438604087918,0.0,0.39,0.61,0.0,0.4823997742525436
39628438633448372,0.0,0.91,0.09,0.0,0.21823490853205144
39628422548296096,0.0,0.2,0.8,0.0,0.36096404744368116
39628427887644003,0.0,0.24,0.76,0.0,0.39752013969226113
39628443930856225,0.0,0.24,0.75,0.01,0.4359255858648683
39628427887644040,0.0,0.54,0.46,0.0,0.49768921941011285
39628433243770721,0.0,0.29,0.71,0.0,0.43436062316970225
39628427900226020,0.0,0.12,0.88,0.0,0.2646804326436822
39628438620865385,0.0,0.09,0.91,0.0,0.21823490853205144
39628438620865452,0.0,0.27,0.73,0.0,0.42073231810408784
39628438595702198,0.0,0.0,0.99,0.01,0.04039656794795559
39628417154419777,0.0,0.08,0.92,0.0,0.2010895951011364
39628438595702348,0.0,0.17,0.83,0.0,0.32885238937210975
39628438595701895,0.0,0.01,0.99,0.0,0.04039656794795559
39628427896033297,0.0,0.89,0.11,0.0,0.249957979082264
39628427912808982,0.0,0.74,0.26,0.0,0.4133731862463089
39628438633448939,0.0,0.46,0.54,0.0,0.49768921941011285
39628438595702185,0.0,0.0,0.97,0.03,0.0971959289157881
39628438599896616,0.0,0.25,0.75,0.0,0.4056390622295664
39628438599896486,0.0,0.91,0.09,0.0,0.21823490853205144
39628438595702269,0.0,0.43,0.57,0.0,0.4929075185894599
39628438608283537,0.0,0.0,1.0,0.0,-0.0
39628417154420065,0.0,0.0,1.0,0.0,-0.0
39628438633449106,0.0,0.92,0.08,0.0,0.2010895951011364
39628438633449308,0.0,0.82,0.18,0.0,0.34003852286413994
39628438633449316,0.0,0.66,0.34,0.0,0.46240935248651505
39628427900224792,0.0,0.99,0.01,0.0,0.04039656794795559
39628438633449558,0.0,0.82,0.18,0.0,0.34003852286413994
39628422548292973,0.0,0.4,0.6,0.0,0.4854752972273343
39628427921196356,0.0,0.78,0.22,0.0,0.38008375148098283
39628443939242088,0.0,0.03,0.97,0.0,0.0971959289157881
39628443939242109,0.0,0.99,0.01,0.0,0.04039656794795559
39628459877601693,0.0,0.01,0.88,0.11,0.28950944366190023
39628459894375740,0.0,0.07,0.93,0.0,0.18296182545011158
39628433264740379,0.0,0.79,0.21,0.0,0.37074136996563684
39628443943438017,0.0,0.99,0.01,0.0,0.04039656794795559
39628433252158349,0.0,0.87,0.13,0.0,0.2787190925139945
39628443935050731,0.0,0.9,0.1,0.0,0.2344977967946406
39628411760542710,0.0,0.52,0.48,0.0,0.4994227679976009
39628459881792681,0.0,1.0,0.0,0.0,-0.0
39628470430468702,0.0,0.29,0.71,0.0,0.43436062316970225
39628438625061135,0.0,0.54,0.46,0.0,0.49768921941011285
39628443964409894,0.0,0.88,0.12,0.0,0.2646804326436822
39628433289905020,0.0,0.27,0.73,0.0,0.42073231810408784
39628470434665222,0.0,0.61,0.39,0.0,0.4823997742525436
39628465166617457,0.0,0.87,0.13,0.0,0.2787190925139945
39628449282785518,0.0,0.68,0.32,0.0,0.45219072886224687
39628465179200261,0.0,0.7,0.3,0.0,0.44064544961534635
39628459860824217,0.0,0.86,0.14,0.0,0.292119405821428
39628459881792513,0.0,0.11,0.89,0.0,0.249957979082264
39628411760542925,0.0,0.56,0.44,0.0,0.4947937606110278
39628427929586800,0.0,0.96,0.04,0.0,0.12114609454120741
39628465175005037,0.0,0.83,0.17,0.0,0.32885238937210975
39628422556680951,0.0,0.1,0.9,0.0,0.2344977967946406
39628422556680944,0.0,0.14,0.86,0.0,0.292119405821428
39628422556680801,0.0,0.88,0.12,0.0,0.2646804326436822
39628422556680610,0.0,0.35,0.65,0.0,0.4670340276877455
39628422556680450,0.0,0.14,0.86,0.0,0.292119405821428
39628427921198455,0.0,0.22,0.78,0.0,0.38008375148098283
39628470434662051,0.0,0.97,0.03,0.0,0.0971959289157881
39628465179201454,0.0,0.43,0.57,0.0,0.4929075185894599
39628449266013415,0.0,0.7,0.3,0.0,0.44064544961534635
39628438629257651,0.0,0.97,0.03,0.0,0.0971959289157881
39628470430470797,0.0,0.47,0.53,0.0,0.4987007942838698
39628443968605966,0.0,0.98,0.02,0.0,0.07072027127091034
39628470434665095,0.0,0.01,0.98,0.01,0.08072027127091033
39628449266013391,0.0,0.23,0.77,0.0,0.38900565177326885
39628454601164595,0.0,0.08,0.92,0.0,0.2010895951011364
39628443930857344,0.0,0.29,0.71,0.0,0.43436062316970225
39628449282785960,0.0,0.81,0.19,0.0,0.3507357299419487
39628449282785668,0.0,0.1,0.9,0.0,0.2344977967946406
39628417154417939,0.0,0.14,0.86,0.0,0.292119405821428
39628465166617584,0.0,0.25,0.75,0.0,0.4056390622295664
39628470434664160,0.0,0.88,0.12,0.0,0.2646804326436822
39628470434663918,0.0,0.8,0.2,0.0,0.36096404744368116
39628465179200910,0.0,0.04,0.96,0.0,0.12114609454120741
39628470434663677,0.0,0.18,0.82,0.0,0.34003852286413994
39628422552490137,0.0,0.72,0.28,0.0,0.4277254052800653
39628470434663682,0.02,0.98,0.0,0.0,0.07072027127091034
39628470434663451,0.0,0.83,0.17,0.0,0.32885238937210975
39628427912806517,0.0,0.31,0.69,0.0,0.4465867291889284
39628465179200367,0.0,0.47,0.53,0.0,0.4987007942838698
39628417154419751,0.0,0.41,0.59,0.0,0.488250234378912
39628465179200687,0.0,0.09,0.91,0.0,0.21823490853205144
39628465179200811,0.0,0.47,0.53,0.0,0.4987007942838698
39628417154417872,0.0,0.82,0.18,0.0,0.34003852286413994
39628454592776232,0.0,0.67,0.33,0.0,0.4574631863898637
39628470434663692,0.0,0.99,0.01,0.0,0.04039656794795559
39628470434663722,0.0,0.96,0.04,0.0,0.12114609454120741
39628470434663364,0.0,0.85,0.15,0.0,0.3049201523582002
39628449291177968,0.0,0.43,0.57,0.0,0.4929075185894599
39628470434665216,0.0,0.84,0.16,0.0,0.3171547773202831
39628449249234423,0.0,0.99,0.01,0.0,0.04039656794795559
39628417154420101,0.0,0.08,0.92,0.0,0.2010895951011364
39628449257620684,0.0,0.12,0.88,0.0,0.2646804326436822
39628422539903672,0.0,0.5,0.5,0.0,0.5
39628475690127077,0.0,1.0,0.0,0.0,-0.0
39628422518936515,0.0,0.2,0.8,0.0,0.36096404744368116
39628422539904333,0.0,0.78,0.22,0.0,0.38008375148098283
39628422544100079,0.0,0.4,0.6,0.0,0.4854752972273343
39628443930856080,0.0,0.94,0.06,0.0,0.16372245957723813
39628443930856111,0.0,0.15,0.85,0.0,0.3049201523582002
39628422527324159,0.0,0.8,0.2,0.0,0.36096404744368116
39628422548293416,0.0,0.0,0.98,0.02,0.07072027127091034
39628422548293716,0.0,0.03,0.97,0.0,0.0971959289157881
39628443930856245,0.0,0.75,0.25,0.0,0.4056390622295664
39628459877597912,0.0,0.42,0.58,0.0,0.49072694751682683
39628422548294057,0.0,0.31,0.69,0.0,0.4465867291889284
39628422556680768,0.0,0.85,0.15,0.0,0.3049201523582002
39628470434661861,0.0,0.1,0.9,0.0,0.2344977967946406
39628459873404347,0.0,0.87,0.13,0.0,0.2787190925139945
39628422527324587,0.0,0.22,0.78,0.0,0.38008375148098283
39628422518936635,0.0,0.85,0.15,0.0,0.3049201523582002
39628433268933999,0.0,0.53,0.47,0.0,0.4987007942838698
39628422518936550,0.0,0.79,0.21,0.0,0.37074136996563684
39628422518936579,0.0,0.57,0.43,0.0,0.4929075185894599
39628459873404243,0.0,0.76,0.24,0.0,0.39752013969226113
39628422556680493,0.0,0.26,0.74,0.0,0.4133731862463089
39628470434661448,0.0,0.47,0.53,0.0,0.4987007942838698
39628422556680498,0.0,0.31,0.69,0.0,0.4465867291889284
39628422556680649,0.0,0.06,0.94,0.0,0.16372245957723813
39628422556680697,0.03,0.82,0.15,0.0,0.3985405408124918
39628459873404436,0.0,0.01,0.97,0.02,0.11097036642660543
39628417146030701,0.0,0.84,0.16,0.0,0.3171547773202831
39628427883451681,0.0,0.68,0.32,0.0,0.45219072886224687
39628417167000371,0.0,0.87,0.13,0.0,0.2787190925139945
39628454592776617,0.0,0.05,0.95,0.0,0.14319847855797813
39628449257622028,0.0,0.69,0.31,0.0,0.4465867291889284
39628422527323905,0.0,0.24,0.76,0.0,0.39752013969226113
39628417167000586,0.0,0.01,0.97,0.02,0.11097036642660543
39628411752153587,0.0,0.91,0.09,0.0,0.21823490853205144
39628417137641648,0.0,0.23,0.77,0.0,0.38900565177326885
39628465162424679,0.0,0.69,0.31,0.0,0.4465867291889284
39628449291174483,0.0,0.24,0.76,0.0,0.39752013969226113
39628454596972579,0.0,0.03,0.97,0.0,0.0971959289157881
39628449261818703,0.0,0.1,0.9,0.0,0.2344977967946406
39628454575997570,0.0,0.01,0.99,0.0,0.04039656794795559
39628422548294262,0.0,0.54,0.46,0.0,0.49768921941011285
39628454575997822,0.0,0.92,0.08,0.0,0.2010895951011364
39628438612476332,0.0,0.9,0.1,0.0,0.2344977967946406
39628427904422639,0.0,0.89,0.11,0.0,0.249957979082264
39628454596972418,0.0,0.48,0.52,0.0,0.4994227679976009
39628449261818692,0.0,0.26,0.74,0.0,0.4133731862463089
39628449261818673,0.0,0.08,0.92,0.0,0.2010895951011364
39628465166615250,0.0,0.54,0.46,0.0,0.49768921941011285
39628427900223630,0.0,0.42,0.58,0.0,0.49072694751682683
39628422523129919,0.0,0.83,0.17,0.0,0.32885238937210975
39628449261818569,0.0,0.05,0.95,0.0,0.14319847855797813
39628417150227120,0.0,0.34,0.66,0.0,0.46240935248651505
39628449261818665,0.0,0.12,0.88,0.0,0.2646804326436822
39628433268935389,0.0,0.95,0.05,0.0,0.14319847855797813
39628417154418056,0.0,0.0,0.66,0.34,0.46240935248651505
39628438599896626,0.0,0.03,0.97,0.0,0.0971959289157881
39628438599896690,0.0,0.54,0.46,0.0,0.49768921941011285
39628449291174318,0.0,0.27,0.73,0.0,0.42073231810408784
39628438637644989,0.0,1.0,0.0,0.0,-0.0
39628449249235695,0.0,0.06,0.94,0.0,0.16372245957723813
39628438637644866,0.0,0.75,0.25,0.0,0.4056390622295664
39628449261818650,0.0,0.73,0.27,0.0,0.42073231810408784
39628427912810171,0.0,0.53,0.47,0.0,0.4987007942838698
39628438599894423,0.0,0.98,0.02,0.0,0.07072027127091034
39628449253428463,0.0,0.25,0.75,0.0,0.4056390622295664
39628422527320959,0.0,0.67,0.33,0.0,0.4574631863898637
39628449253427938,0.0,0.06,0.94,0.0,0.16372245957723813
39628438599894698,0.0,0.41,0.59,0.0,0.488250234378912
39628433285713525,0.0,0.05,0.95,0.0,0.14319847855797813
39628470434664732,0.0,0.31,0.69,0.0,0.4465867291889284
39628438633448339,0.0,0.99,0.01,0.0,0.04039656794795559
39628427896033363,0.0,0.31,0.69,0.0,0.4465867291889284
39628438633448451,0.0,0.29,0.71,0.0,0.43436062316970225
39628422527321017,0.0,0.49,0.51,0.0,0.49985572087640495
39628433247965007,0.0,0.73,0.27,0.0,0.42073231810408784
39628443964410801,0.0,0.64,0.36,0.0,0.4713415946277461
39628417141837188,0.0,0.47,0.53,0.0,0.4987007942838698
39628454601162882,0.0,0.66,0.34,0.0,0.46240935248651505
39628459894375947,0.0,0.91,0.09,0.0,0.21823490853205144
39628443968606001,0.0,0.76,0.24,0.0,0.39752013969226113
39628417158612456,0.0,0.0,0.99,0.01,0.04039656794795559
39628449253426299,0.0,0.29,0.71,0.0,0.43436062316970225
39628454563419270,0.0,0.01,0.99,0.0,0.04039656794795559
39628470434663170,0.0,0.35,0.65,0.0,0.4670340276877455
39628449291174217,0.0,0.85,0.15,0.0,0.3049201523582002
39628475690125566,0.0,0.74,0.26,0.0,0.4133731862463089
39628475690125872,0.0,0.94,0.06,0.0,0.16372245957723813
39628443930856364,0.0,0.64,0.36,0.0,0.4713415946277461
39628454575998163,0.0,0.27,0.73,0.0,0.42073231810408784
39628475690126046,0.0,0.14,0.86,0.0,0.292119405821428
39628454575999971,0.0,0.03,0.97,0.0,0.0971959289157881
39628454575999998,0.0,0.06,0.94,0.0,0.16372245957723813
39628443930856299,0.0,0.52,0.48,0.0,0.4994227679976009
39628475690125815,0.0,0.25,0.75,0.0,0.4056390622295664
39628459869209095,0.0,0.07,0.93,0.0,0.18296182545011158
39628438616672150,0.0,0.52,0.48,0.0,0.4994227679976009
39628433268934246,0.0,0.84,0.16,0.0,0.3171547773202831
39628422556681276,0.0,0.65,0.35,0.0,0.4670340276877455
39628427887644873,0.0,0.02,0.98,0.0,0.07072027127091034
39628438608283320,0.0,0.62,0.38,0.0,0.47902101111314976
39628427929587095,0.05,0.95,0.0,0.0,0.14319847855797813
39628454601166490,0.0,0.93,0.07,0.0,0.18296182545011158
39628438608283338,0.0,0.12,0.88,0.0,0.2646804326436822
39628427921196976,0.0,0.91,0.09,0.0,0.21823490853205144
39628443930856604,0.0,0.32,0.68,0.0,0.45219072886224687
39628443930856643,0.01,0.98,0.01,0.0,0.08072027127091033
39628459869212192,0.0,0.87,0.13,0.0,0.2787190925139945
39628422548293673,0.0,0.73,0.27,0.0,0.42073231810408784
39628443930856526,0.0,0.61,0.39,0.0,0.4823997742525436
39628427900225052,0.0,0.38,0.62,0.0,0.47902101111314976
39628438633451142,0.0,0.91,0.09,0.0,0.21823490853205144
39628459865014665,0.0,0.26,0.74,0.0,0.4133731862463089
39628459869210568,0.0,0.68,0.32,0.0,0.45219072886224687
39628449291175507,0.0,0.6,0.4,0.0,0.4854752972273343
39628438595701488,0.0,0.28,0.72,0.0,0.4277254052800653
39628459890180299,0.0,0.39,0.61,0.0,0.4823997742525436
39628422523127395,0.0,0.47,0.53,0.0,0.4987007942838698
39628465145647742,0.0,0.82,0.18,0.0,0.34003852286413994
39628438633448046,0.0,0.23,0.77,0.0,0.38900565177326885
39628443956021463,0.0,0.01,0.99,0.0,0.04039656794795559
39628454563416965,0.0,0.98,0.02,0.0,0.07072027127091034
39628459881794184,0.0,0.2,0.8,0.0,0.36096404744368116
39628422552488725,0.0,0.36,0.64,0.0,0.4713415946277461
39628438616673949,0.0,0.05,0.95,0.0,0.14319847855797813
39628438599893237,0.0,0.86,0.14,0.0,0.292119405821428
39628433256354784,0.0,0.0,0.89,0.11,0.249957979082264
39628422552489350,0.0,0.26,0.74,0.0,0.4133731862463089
39628427900227390,0.0,0.01,0.99,0.0,0.04039656794795559
39628470438859522,0.0,0.98,0.02,0.0,0.07072027127091034
39628454563414338,0.0,0.02,0.98,0.0,0.07072027127091034
39628454563416870,0.0,0.06,0.94,0.0,0.16372245957723813
39628454575999174,0.0,0.72,0.28,0.0,0.4277254052800653
39628454588580157,0.0,0.71,0.29,0.0,0.43436062316970225
39628417154416943,0.0,0.07,0.93,0.0,0.18296182545011158
39628443947630652,0.0,0.29,0.71,0.0,0.43436062316970225
39628433273130914,0.0,0.87,0.13,0.0,0.2787190925139945
39628459894377662,0.0,0.09,0.91,0.0,0.21823490853205144
39628459894377646,0.0,0.28,0.72,0.0,0.4277254052800653
39628459894377541,0.0,0.58,0.42,0.0,0.49072694751682683
39628427887641910,0.0,0.23,0.77,0.0,0.38900565177326885
39628427917001694,0.0,0.78,0.22,0.0,0.38008375148098283
39628433273131104,0.0,0.95,0.05,0.0,0.14319847855797813
39628433285711586,0.0,0.34,0.66,0.0,0.46240935248651505
39628427908616620,0.0,0.73,0.27,0.0,0.42073231810408784
39628449253427711,0.0,0.05,0.95,0.0,0.14319847855797813
39628459869210429,0.0,0.92,0.08,0.0,0.2010895951011364
39628438625060210,0.0,0.04,0.94,0.02,0.19127133459887283
39628454575997316,0.0,0.26,0.74,0.0,0.4133731862463089
39628454575997588,0.0,0.01,0.99,0.0,0.04039656794795559
39628433273129953,0.0,0.3,0.7,0.0,0.44064544961534635
39628459860824672,0.0,0.62,0.38,0.0,0.47902101111314976
39628427900224783,0.0,0.38,0.62,0.0,0.47902101111314976
39628454567609283,0.0,0.2,0.8,0.0,0.36096404744368116
39628470422081357,0.0,0.68,0.32,0.0,0.45219072886224687
39628438616673645,0.0,1.0,0.0,0.0,-0.0
39628438616673664,0.0,0.6,0.4,0.0,0.4854752972273343
39628417154419793,0.0,0.46,0.54,0.0,0.49768921941011285
39628443939242763,0.0,0.57,0.43,0.0,0.4929075185894599
39628427904419500,0.0,0.7,0.3,0.0,0.44064544961534635
39628443943437379,0.0,0.42,0.58,0.0,0.49072694751682683
39628427900226181,0.0,0.22,0.78,0.0,0.38008375148098283
39628427887640788,0.0,0.0,0.96,0.04,0.12114609454120741
39628443968602242,0.01,0.99,0.0,0.0,0.04039656794795559
39628427904420902,0.0,0.17,0.83,0.0,0.32885238937210975
39628427925389613,0.0,0.04,0.95,0.01,0.16124668093016215
39628454559225888,0.0,0.54,0.46,0.0,0.49768921941011285
39628427891839106,0.0,0.17,0.83,0.0,0.32885238937210975
39628427900227090,0.0,0.21,0.79,0.0,0.37074136996563684
39628438616673300,0.0,0.58,0.42,0.0,0.49072694751682683
39628443964408797,0.0,0.35,0.65,0.0,0.4670340276877455
39628427904421143,0.0,0.28,0.72,0.0,0.4277254052800653
39628438599893503,0.0,0.59,0.41,0.0,0.488250234378912
39628433285711582,0.0,0.48,0.52,0.0,0.4994227679976009
39628422556681426,0.0,0.98,0.02,0.0,0.07072027127091034
39628422556681625,0.0,0.08,0.92,0.0,0.2010895951011364
39628411760542731,0.0,0.87,0.13,0.0,0.2787190925139945
39628422556680838,0.0,0.08,0.92,0.0,0.2010895951011364
39628427900227856,0.0,0.93,0.07,0.0,0.18296182545011158
39628459894379541,0.0,0.88,0.12,0.0,0.2646804326436822
39628449282785674,0.0,0.07,0.93,0.0,0.18296182545011158
39628422523126272,0.0,0.63,0.37,0.0,0.47533604634353294
39628454580194589,0.0,0.99,0.01,0.0,0.04039656794795559
39628449291175263,0.0,0.0,0.84,0.16,0.3171547773202831
39628417154418209,0.0,0.24,0.76,0.0,0.39752013969226113
39628443935050886,0.0,0.28,0.72,0.0,0.4277254052800653
39628427887641564,0.0,0.16,0.84,0.0,0.3171547773202831
39628470434663818,0.0,0.79,0.21,0.0,0.37074136996563684
39628454576000635,0.0,0.04,0.96,0.0,0.12114609454120741
39628438633448157,0.0,0.43,0.57,0.0,0.4929075185894599
39628470434663544,0.0,0.85,0.15,0.0,0.3049201523582002
39628475690127259,0.0,0.38,0.62,0.0,0.47902101111314976
39628443930856105,0.0,0.2,0.8,0.0,0.36096404744368116
39628459881795361,0.0,0.09,0.91,0.0,0.21823490853205144
39628417154420143,0.0,0.13,0.87,0.0,0.2787190925139945
39628427900227612,0.0,0.12,0.88,0.0,0.2646804326436822
39628454601164556,0.0,0.03,0.97,0.0,0.0971959289157881
39628438608284051,0.0,0.66,0.34,0.0,0.46240935248651505
39628422548294625,0.0,0.8,0.2,0.0,0.36096404744368116
39628422527324504,0.0,0.16,0.84,0.0,0.3171547773202831
39628454601164646,0.0,1.0,0.0,0.0,-0.0
39628470434663329,0.0,0.8,0.2,0.0,0.36096404744368116
39628470430470905,0.0,0.4,0.6,0.0,0.4854752972273343
39628443960216002,0.0,0.04,0.96,0.0,0.12114609454120741
39628454584388837,0.0,0.88,0.12,0.0,0.2646804326436822
39628417158612501,0.0,0.78,0.22,0.0,0.38008375148098283
39628438625060037,0.0,0.85,0.15,0.0,0.3049201523582002
39628449295371538,0.0,0.56,0.44,0.0,0.4947937606110278
39628443960213697,0.0,0.98,0.02,0.0,0.07072027127091034
39628438625059919,0.0,0.8,0.2,0.0,0.36096404744368116
39628449291176608,0.0,0.84,0.16,0.0,0.3171547773202831
39628422556680258,0.0,0.23,0.77,0.0,0.38900565177326885
39628465166615431,0.0,0.12,0.88,0.0,0.2646804326436822
39628449291176598,0.0,0.56,0.44,0.0,0.4947937606110278
39628443930856693,0.0,0.82,0.18,0.0,0.34003852286413994
39628427904423156,0.0,0.1,0.9,0.0,0.2344977967946406
39628449282787284,0.0,1.0,0.0,0.0,-0.0
39628438612479267,0.0,0.78,0.22,0.0,0.38008375148098283
39628438612476594,0.0,0.44,0.56,0.0,0.4947937606110278
39628427900223699,0.0,0.05,0.95,0.0,0.14319847855797813
39628417154417190,0.0,0.26,0.74,0.0,0.4133731862463089
39628417141836203,0.0,0.96,0.04,0.0,0.12114609454120741
39628417154417163,0.0,0.87,0.13,0.0,0.2787190925139945
39628427883451817,0.0,0.0,0.92,0.08,0.2010895951011364
39628475694320381,0.0,0.76,0.24,0.0,0.39752013969226113
39628454580194563,0.0,0.36,0.64,0.0,0.4713415946277461
39628470422083658,0.0,0.32,0.68,0.0,0.45219072886224687
39628422548294515,0.0,0.76,0.24,0.0,0.39752013969226113
39628422548294109,0.0,0.57,0.43,0.0,0.4929075185894599
39628459898569088,0.0,0.91,0.09,0.0,0.21823490853205144
39628449295370800,0.0,0.95,0.05,0.0,0.14319847855797813
39628449295371367,0.0,0.04,0.95,0.01,0.16124668093016215
39628443947631009,0.0,0.26,0.74,0.0,0.4133731862463089
39628470438857753,0.0,0.98,0.02,0.0,0.07072027127091034
39628443947631693,0.0,0.12,0.88,0.0,0.2646804326436822
39628427921198780,0.0,0.32,0.68,0.0,0.45219072886224687
39628427929585853,0.0,1.0,0.0,0.0,-0.0
39628470422081970,0.0,0.41,0.59,0.0,0.488250234378912
39628411752157681,0.0,0.08,0.92,0.0,0.2010895951011364
39628449266010362,0.0,0.9,0.1,0.0,0.2344977967946406
39628411756347463,0.0,0.29,0.71,0.0,0.43436062316970225
39628427900225322,0.0,0.58,0.42,0.0,0.49072694751682683
39628454592776530,0.0,0.37,0.63,0.0,0.47533604634353294
39628470438858433,0.01,0.99,0.0,0.0,0.04039656794795559
39628427929585557,0.0,0.74,0.26,0.0,0.4133731862463089
39628422548293492,0.0,0.02,0.98,0.0,0.07072027127091034
39628433260544104,0.0,0.03,0.96,0.01,0.13737165703039006
39628433289906074,0.0,0.95,0.05,0.0,0.14319847855797813
39628454588584136,0.0,0.15,0.85,0.0,0.3049201523582002
39628411756351075,0.0,0.73,0.27,0.0,0.42073231810408784
39628465162425171,0.0,0.88,0.12,0.0,0.2646804326436822
39628433289906550,0.0,0.02,0.98,0.0,0.07072027127091034
39628433281519273,0.0,0.72,0.28,0.0,0.4277254052800653
39628449266010578,0.0,0.9,0.1,0.0,0.2344977967946406
39628449270203140,0.0,0.11,0.89,0.0,0.249957979082264
39628449291174735,0.0,0.47,0.53,0.0,0.4987007942838698
39628459881793615,0.0,0.0,0.97,0.03,0.0971959289157881
39628427929585791,0.0,0.46,0.54,0.0,0.49768921941011285
39628470438858722,0.0,0.77,0.23,0.0,0.38900565177326885
39628449291174649,0.0,0.8,0.2,0.0,0.36096404744368116
39628433281519170,0.0,0.01,0.97,0.02,0.11097036642660543
39628433277325118,0.0,0.23,0.77,0.0,0.38900565177326885
39628438625059711,0.0,0.31,0.69,0.0,0.4465867291889284
39628443943436575,0.0,0.62,0.38,0.0,0.47902101111314976
39628449253428169,0.0,0.02,0.98,0.0,0.07072027127091034
39628427925393753,0.0,0.0,0.98,0.02,0.07072027127091034
39628459869210464,0.0,0.05,0.95,0.0,0.14319847855797813
39628443939245943,0.0,0.32,0.68,0.0,0.45219072886224687
39628465175007489,0.0,0.12,0.88,0.0,0.2646804326436822
39628433285714300,0.0,0.72,0.28,0.0,0.4277254052800653
39628433277325407,0.0,0.0,0.97,0.03,0.0971959289157881
39628433277325353,0.0,0.17,0.83,0.0,0.32885238937210975
39628443947632503,0.0,0.81,0.19,0.0,0.3507357299419487
39628459869210394,0.02,0.98,0.0,0.0,0.07072027127091034
39628459860823556,0.0,0.63,0.37,0.0,0.47533604634353294
39628454584386262,0.0,0.97,0.03,0.0,0.0971959289157881
39628433273130905,0.0,0.02,0.96,0.02,0.14114609454120738
39628422548293955,0.0,0.38,0.62,0.0,0.47902101111314976
39628433273130868,0.0,0.06,0.92,0.02,0.2335407200795017
39628427912807781,0.0,0.02,0.98,0.0,0.07072027127091034
39628438625059692,0.0,0.0,0.97,0.03,0.0971959289157881
39628433277325477,0.0,0.19,0.81,0.0,0.3507357299419487
39628433285714245,0.0,0.02,0.98,0.0,0.07072027127091034
39628433273130436,0.0,0.23,0.77,0.0,0.38900565177326885
39628422548294220,0.0,0.88,0.12,0.0,0.2646804326436822
39628443964409474,0.0,0.68,0.32,0.0,0.45219072886224687
39628454563414924,0.0,0.02,0.98,0.0,0.07072027127091034
39628427900227783,0.0,0.19,0.81,0.0,0.3507357299419487
39628465166616887,0.0,0.57,0.43,0.0,0.4929075185894599
39628454592778370,0.0,0.05,0.95,0.0,0.14319847855797813
39628459890182557,0.0,0.41,0.59,0.0,0.488250234378912
39628438641836397,0.0,0.75,0.25,0.0,0.4056390622295664
39628422548292874,0.0,0.78,0.22,0.0,0.38008375148098283
39628438629253325,0.0,0.41,0.59,0.0,0.488250234378912
39628422523128086,0.0,0.01,0.98,0.01,0.08072027127091033
39628433243771006,0.0,0.21,0.79,0.0,0.37074136996563684
39628438595699262,0.0,0.22,0.78,0.0,0.38008375148098283
39628443972798103,0.0,0.11,0.89,0.0,0.249957979082264
39628427912808109,0.0,0.05,0.95,0.0,0.14319847855797813
39628422527322695,0.0,0.9,0.1,0.0,0.2344977967946406
39628438616670711,0.0,0.6,0.4,0.0,0.4854752972273343
39628427896030576,0.0,0.57,0.43,0.0,0.4929075185894599
39628449266012726,0.0,0.19,0.81,0.0,0.3507357299419487
39628443939242054,0.0,0.6,0.4,0.0,0.4854752972273343
39628427912808437,0.0,1.0,0.0,0.0,-0.0
39628438616670779,0.0,0.67,0.33,0.0,0.4574631863898637
39628443939242532,0.0,0.01,0.99,0.0,0.04039656794795559
39628454584386158,0.0,0.39,0.61,0.0,0.4823997742525436
39628449266012739,0.0,1.0,0.0,0.0,-0.0
39628443939243679,0.0,0.65,0.35,0.0,0.4670340276877455
39628427925393694,0.0,0.93,0.07,0.0,0.18296182545011158
39628427929585891,0.0,0.36,0.64,0.0,0.4713415946277461
39628443939243817,0.0,0.78,0.22,0.0,0.38008375148098283
39628438637644870,0.0,0.56,0.44,0.0,0.4947937606110278
39628449266010867,0.0,0.06,0.94,0.0,0.16372245957723813
39628411760542772,0.0,0.73,0.27,0.0,0.42073231810408784
39628427929585549,0.0,0.99,0.01,0.0,0.04039656794795559
39628475690127635,0.0,0.5,0.5,0.0,0.5
39628465166616588,0.0,0.0,0.95,0.05,0.14319847855797813
39628459873405540,0.0,0.46,0.54,0.0,0.49768921941011285
39628475690127783,0.0,0.3,0.7,0.0,0.44064544961534635
39628427921198808,0.0,0.18,0.82,0.0,0.34003852286413994
39628433289904855,0.0,0.29,0.71,0.0,0.43436062316970225
39628443964408508,0.0,0.12,0.88,0.0,0.2646804326436822
39628470434663000,0.0,0.56,0.44,0.0,0.4947937606110278
39628417158612286,0.0,0.9,0.1,0.0,0.2344977967946406
39628417158613127,0.0,0.51,0.49,0.0,0.49985572087640495
39628459869210414,0.0,0.42,0.58,0.0,0.49072694751682683
39628465158226692,0.0,0.15,0.85,0.0,0.3049201523582002
39628470430470230,0.0,0.85,0.15,0.0,0.3049201523582002
39628433289907926,0.0,1.0,0.0,0.0,-0.0
39628443968602655,0.0,0.21,0.79,0.0,0.37074136996563684
39628459860823863,0.0,0.21,0.79,0.0,0.37074136996563684
39628417154420992,0.0,0.02,0.98,0.0,0.07072027127091034
39628449270203655,0.0,0.12,0.88,0.0,0.2646804326436822
39628433289908007,0.0,0.03,0.96,0.01,0.13737165703039006
39628443972797959,0.0,0.5,0.5,0.0,0.5
39628454605357686,0.0,0.69,0.31,0.0,0.4465867291889284
39628465158227250,0.0,0.45,0.55,0.0,0.49638722699390414
39628470434662388,0.0,0.54,0.46,0.0,0.49768921941011285
39628427900228253,0.0,0.94,0.06,0.0,0.16372245957723813
39628449291177470,0.0,0.93,0.07,0.0,0.18296182545011158
39628454592776462,0.0,0.94,0.06,0.0,0.16372245957723813
39628459881794867,0.0,0.81,0.19,0.0,0.3507357299419487
39628438625060410,0.0,0.65,0.35,0.0,0.4670340276877455
39628459881794094,0.0,1.0,0.0,0.0,-0.0
39628438625060593,0.0,0.19,0.81,0.0,0.3507357299419487
39628459877597405,0.0,0.51,0.49,0.0,0.49985572087640495
39628454592776305,0.0,0.05,0.95,0.0,0.14319847855797813
39628459881794955,0.0,0.6,0.4,0.0,0.4854752972273343
39628454592776243,0.0,0.55,0.45,0.0,0.49638722699390414
39628465175007757,0.0,0.1,0.9,0.0,0.2344977967946406
39628438633448085,0.0,0.26,0.74,0.0,0.4133731862463089
39628449253428367,0.0,0.09,0.91,0.0,0.21823490853205144
39628438633447619,0.0,0.31,0.69,0.0,0.4465867291889284
39628454596972458,0.0,0.07,0.93,0.0,0.18296182545011158
39628438633447908,0.0,0.44,0.56,0.0,0.4947937606110278
39628465175003924,0.0,0.6,0.4,0.0,0.4854752972273343
39628443964408155,0.0,0.74,0.26,0.0,0.4133731862463089
39628438633448129,0.0,0.07,0.91,0.02,0.2526241113249394
39628422552488212,0.0,0.96,0.04,0.0,0.12114609454120741
39628443943436708,0.0,0.96,0.04,0.0,0.12114609454120741
39628465154034590,0.0,0.3,0.7,0.0,0.44064544961534635
39628433285714435,0.0,0.56,0.44,0.0,0.4947937606110278
39628449270203419,0.0,0.05,0.95,0.0,0.14319847855797813
39628427921195162,0.0,0.0,0.99,0.01,0.04039656794795559
39628427891837859,0.0,0.13,0.87,0.0,0.2787190925139945
39628427921195145,0.0,0.02,0.96,0.02,0.14114609454120738
39628422523126443,0.0,0.95,0.05,0.0,0.14319847855797813
39628427929586052,0.0,0.38,0.62,0.0,0.47902101111314976
39628427929585946,0.0,0.85,0.15,0.0,0.3049201523582002
39628422548294166,0.0,0.42,0.58,0.0,0.49072694751682683
39628465154035498,0.0,0.07,0.93,0.0,0.18296182545011158
39628438637643644,0.0,0.03,0.97,0.0,0.0971959289157881
39628443968602406,0.0,0.6,0.4,0.0,0.4854752972273343
39628443968602538,0.01,0.97,0.02,0.0,0.11097036642660543
39628438625059041,0.0,0.01,0.9,0.09,0.2579475764741046
39628470422082158,0.0,0.71,0.29,0.0,0.43436062316970225
39628443964412081,0.0,0.82,0.18,0.0,0.34003852286413994
39628459894379352,0.0,0.75,0.25,0.0,0.4056390622295664
39628454601165436,0.0,0.2,0.8,0.0,0.36096404744368116
39628433264740460,0.0,0.39,0.61,0.0,0.4823997742525436
39628422531515406,0.0,0.15,0.85,0.0,0.3049201523582002
39628443968606057,0.0,0.54,0.46,0.0,0.49768921941011285
39628465179200525,0.0,0.0,0.8,0.2,0.36096404744368116
39628454563415106,0.0,0.14,0.86,0.0,0.292119405821428
39628454563415003,0.0,0.8,0.2,0.0,0.36096404744368116
39628465179200230,0.0,1.0,0.0,0.0,-0.0
39628465179200175,0.0,0.54,0.46,0.0,0.49768921941011285
39628465179200173,0.0,0.87,0.13,0.0,0.2787190925139945
39628465179199843,0.0,0.15,0.85,0.0,0.3049201523582002
39628427921198577,0.0,0.09,0.91,0.0,0.21823490853205144
39628427921198603,0.0,0.55,0.45,0.0,0.49638722699390414
39628422548295505,0.0,1.0,0.0,0.0,-0.0
39628443947632057,0.0,0.01,0.96,0.03,0.13737165703039006
39628427921199360,0.0,0.59,0.41,0.0,0.488250234378912
39628438637641808,0.0,0.09,0.91,0.0,0.21823490853205144
39628459869211014,0.0,0.81,0.19,0.0,0.3507357299419487
39628417154417873,0.0,0.71,0.29,0.0,0.43436062316970225
39628417154418063,0.0,0.37,0.63,0.0,0.47533604634353294
39628459869211199,0.0,0.23,0.77,0.0,0.38900565177326885
39628459869210897,0.0,0.77,0.23,0.0,0.38900565177326885
39628449291177680,0.0,0.2,0.8,0.0,0.36096404744368116
39628438625063574,0.0,0.95,0.05,0.0,0.14319847855797813
39628459881794381,0.0,0.01,0.99,0.0,0.04039656794795559
39628459881793943,0.0,0.52,0.48,0.0,0.4994227679976009
39628433281519659,0.0,0.15,0.85,0.0,0.3049201523582002
39628449282786510,0.0,0.72,0.28,0.0,0.4277254052800653
39628438629254075,0.0,0.74,0.26,0.0,0.4133731862463089
39628443968605139,0.0,0.12,0.88,0.0,0.2646804326436822
39628438612477168,0.0,0.71,0.29,0.0,0.43436062316970225
39628443972800030,0.0,0.88,0.12,0.0,0.2646804326436822
39628459873407967,0.0,0.43,0.57,0.0,0.4929075185894599
39628459881793328,0.0,0.13,0.87,0.0,0.2787190925139945
39628465162424735,0.0,0.78,0.22,0.0,0.38008375148098283
39628443943440184,0.0,1.0,0.0,0.0,-0.0
39628417150225087,0.0,0.02,0.98,0.0,0.07072027127091034
39628459877598529,0.0,0.58,0.42,0.0,0.49072694751682683
39628433256351545,0.0,0.4,0.6,0.0,0.4854752972273343
39628465162424114,0.0,0.05,0.95,0.0,0.14319847855797813
39628443956023375,0.0,0.25,0.75,0.0,0.4056390622295664
39628449278594394,0.0,0.04,0.96,0.0,0.12114609454120741
39628449278594406,0.0,0.99,0.01,0.0,0.04039656794795559
39628443956023362,0.0,0.36,0.64,0.0,0.4713415946277461
39628454584387865,0.0,0.98,0.02,0.0,0.07072027127091034
39628449257619680,0.0,0.12,0.88,0.0,0.2646804326436822
39628427887641429,0.0,0.61,0.39,0.0,0.4823997742525436
39628427883451530,0.0,0.23,0.77,0.0,0.38900565177326885
39628433247963434,0.0,0.35,0.65,0.0,0.4670340276877455
39628422523126209,0.0,0.61,0.39,0.0,0.4823997742525436
39628465158230759,0.0,0.95,0.05,0.0,0.14319847855797813
39628449249234174,0.0,0.43,0.57,0.0,0.4929075185894599
39628465170810235,0.0,0.1,0.9,0.0,0.2344977967946406
39628438608285260,0.0,0.18,0.82,0.0,0.34003852286413994
39628438595700938,0.0,0.31,0.69,0.0,0.4465867291889284
39628438595700892,0.0,0.06,0.94,0.0,0.16372245957723813
39628449253427470,0.0,0.01,0.98,0.01,0.08072027127091033
39628422544098112,0.0,0.99,0.01,0.0,0.04039656794795559
39628427896032426,0.0,0.22,0.78,0.0,0.38008375148098283
39628465170810226,0.0,0.33,0.67,0.0,0.4574631863898637
39628417158611763,0.0,0.25,0.75,0.0,0.4056390622295664
39628459885991977,0.0,0.3,0.7,0.0,0.44064544961534635
39628454563415584,0.0,0.0,0.94,0.06,0.16372245957723813
39628459894378359,0.0,0.85,0.15,0.0,0.3049201523582002
39628459894377857,0.0,0.76,0.24,0.0,0.39752013969226113
39628454571803954,0.0,0.0,0.83,0.17,0.32885238937210975
39628433264740432,0.0,0.1,0.9,0.0,0.2344977967946406
39628443964407963,0.0,0.1,0.9,0.0,0.2344977967946406
39628465154032666,0.0,0.99,0.01,0.0,0.04039656794795559
39628417154416958,0.0,0.02,0.98,0.0,0.07072027127091034
39628459894377763,0.0,0.94,0.06,0.0,0.16372245957723813
39628433260545438,0.0,0.39,0.61,0.0,0.4823997742525436
39628443939244270,0.0,0.0,1.0,0.0,-0.0
39628427900226713,0.0,0.58,0.42,0.0,0.49072694751682683
39628433281517752,0.0,0.34,0.66,0.0,0.46240935248651505
39628449257623813,0.0,0.07,0.93,0.0,0.18296182545011158
39628438608284253,0.0,0.28,0.72,0.0,0.4277254052800653
39628454580192215,0.0,0.07,0.93,0.0,0.18296182545011158
39628465179200642,0.05,0.95,0.0,0.0,0.14319847855797813
39628454580192227,0.0,0.09,0.91,0.0,0.21823490853205144
39628459894377642,0.0,0.07,0.93,0.0,0.18296182545011158
39628438595698977,0.0,0.12,0.88,0.0,0.2646804326436822
39628433256352362,0.0,0.31,0.69,0.0,0.4465867291889284
39628443968602661,0.0,0.16,0.84,0.0,0.3171547773202831
39628470434665299,0.0,0.62,0.38,0.0,0.47902101111314976
39628449249234275,0.0,0.0,1.0,0.0,-0.0
39628470426273457,0.01,0.99,0.0,0.0,0.04039656794795559
39628417154420177,0.0,0.83,0.17,0.0,0.32885238937210975
39628475698513244,0.0,0.0,1.0,0.0,-0.0
39628449257623328,0.0,0.97,0.03,0.0,0.0971959289157881
39628427891837536,0.0,0.0,0.99,0.01,0.04039656794795559
39628417146031019,0.0,0.94,0.06,0.0,0.16372245957723813
39628427883451522,0.0,0.0,1.0,0.0,-0.0
39628433256353058,0.0,0.99,0.01,0.0,0.04039656794795559
39628417137644264,0.0,0.01,0.97,0.02,0.11097036642660543
39628427891835605,0.0,0.82,0.18,0.0,0.34003852286413994
39628417167000964,0.0,0.01,0.99,0.0,0.04039656794795559
39628411747962754,0.0,0.4,0.6,0.0,0.4854752972273343
39628427883451328,0.0,0.3,0.7,0.0,0.44064544961534635
39628454580192593,0.0,0.02,0.98,0.0,0.07072027127091034
39628454580192329,0.0,0.14,0.86,0.0,0.292119405821428
39628422523129975,0.0,0.89,0.11,0.0,0.249957979082264
39628422523129997,0.0,0.73,0.27,0.0,0.42073231810408784
39628433243769541,0.0,0.05,0.95,0.0,0.14319847855797813
39628422523130070,0.0,0.2,0.8,0.0,0.36096404744368116
39628449249234522,0.0,0.0,0.99,0.01,0.04039656794795559
39628433285712009,0.0,0.43,0.57,0.0,0.4929075185894599
39628443943441910,0.0,0.14,0.84,0.02,0.3606399327762508
39628449249235685,0.0,0.69,0.31,0.0,0.4465867291889284
39628433256351817,0.0,0.48,0.52,0.0,0.4994227679976009
39628459898569333,0.0,0.98,0.02,0.0,0.07072027127091034
39628465154033547,0.0,0.62,0.38,0.0,0.47902101111314976
39628449286980289,0.0,0.61,0.39,0.0,0.4823997742525436
39628427883451365,0.0,0.77,0.23,0.0,0.38900565177326885
39628465158229215,0.0,0.06,0.94,0.0,0.16372245957723813
39628449278593387,0.0,0.02,0.98,0.0,0.07072027127091034
39628433273129500,0.0,0.47,0.53,0.0,0.4987007942838698
39628454580193641,0.0,0.29,0.71,0.0,0.43436062316970225
39628459877599836,0.0,0.23,0.77,0.0,0.38900565177326885
39628449291176005,0.0,0.46,0.54,0.0,0.49768921941011285
39628454601164492,0.0,0.78,0.22,0.0,0.38008375148098283
39628470422080585,0.0,0.84,0.16,0.0,0.3171547773202831
39628427917001654,0.0,0.52,0.48,0.0,0.4994227679976009
39628417154419706,0.0,0.52,0.48,0.0,0.4994227679976009
39628417154417337,0.0,0.17,0.83,0.0,0.32885238937210975
39628417150224395,0.0,0.08,0.92,0.0,0.2010895951011364
39628470438859503,0.0,0.49,0.51,0.0,0.49985572087640495
39628459869209912,0.0,0.02,0.98,0.0,0.07072027127091034
39628459869210511,0.0,0.21,0.79,0.0,0.37074136996563684
39628459898568799,0.0,0.23,0.77,0.0,0.38900565177326885
39628459869210460,0.0,0.13,0.87,0.0,0.2787190925139945
39628459869210358,0.0,0.49,0.51,0.0,0.49985572087640495
39628459869210635,0.0,0.73,0.27,0.0,0.42073231810408784
39628433260547191,0.0,0.0,0.82,0.18,0.34003852286413994
39628417150224423,0.0,0.91,0.09,0.0,0.21823490853205144
39628459890180488,0.0,0.17,0.83,0.0,0.32885238937210975
39628433243771088,0.0,0.65,0.35,0.0,0.4670340276877455
39628422523126203,0.07,0.93,0.0,0.0,0.18296182545011158
39628459898568756,0.01,0.86,0.13,0.0,0.31810566868628926
39628459869210534,0.0,0.23,0.77,0.0,0.38900565177326885
39628427917001280,0.0,0.29,0.71,0.0,0.43436062316970225
39628422523126167,0.0,0.32,0.68,0.0,0.45219072886224687
39628427900227020,0.0,0.31,0.69,0.0,0.4465867291889284
39628438612478809,0.0,0.67,0.33,0.0,0.4574631863898637
39628454596971654,0.0,0.17,0.83,0.0,0.32885238937210975
39628470422082055,0.0,0.2,0.8,0.0,0.36096404744368116
39628417166999808,0.0,0.13,0.87,0.0,0.2787190925139945
39628427891839471,0.0,0.17,0.83,0.0,0.32885238937210975
39628427900226995,0.0,0.88,0.12,0.0,0.2646804326436822
39628427912806458,0.0,0.2,0.8,0.0,0.36096404744368116
39628449270202805,0.0,0.25,0.75,0.0,0.4056390622295664
39628443972798719,0.02,0.95,0.03,0.0,0.1674722434193448
39628427900227782,0.0,0.15,0.85,0.0,0.3049201523582002
39628427921197394,0.0,0.29,0.71,0.0,0.43436062316970225
39628443947635104,0.0,0.82,0.18,0.0,0.34003852286413994
39628417162809153,0.0,0.2,0.8,0.0,0.36096404744368116
39628449295371634,0.0,0.55,0.45,0.0,0.49638722699390414
39628433260547407,0.0,0.35,0.65,0.0,0.4670340276877455
39628427883451622,0.0,0.02,0.98,0.0,0.07072027127091034
39628411752155169,0.0,0.88,0.12,0.0,0.2646804326436822
39628427900227604,0.0,0.96,0.04,0.0,0.12114609454120741
39628433285712570,0.0,0.78,0.22,0.0,0.38008375148098283
39628427891839442,0.0,0.9,0.1,0.0,0.2344977967946406
39628433285712749,0.0,0.02,0.96,0.02,0.14114609454120738
39628433285712192,0.0,0.0,0.99,0.01,0.04039656794795559
39628459865015284,0.0,0.81,0.19,0.0,0.3507357299419487
39628459865015234,0.0,0.64,0.36,0.0,0.4713415946277461
39628443972798907,0.0,0.05,0.95,0.0,0.14319847855797813
39628443972798506,0.0,0.86,0.14,0.0,0.292119405821428
39628433256352198,0.0,0.28,0.72,0.0,0.4277254052800653
39628449282785790,0.01,0.85,0.14,0.0,0.33142210248480686
39628449282786201,0.0,0.68,0.32,0.0,0.45219072886224687
39628465166617284,0.0,0.0,0.9,0.1,0.2344977967946406
39628465149841625,0.0,0.18,0.82,0.0,0.34003852286413994
39628417146028856,0.0,0.06,0.93,0.01,0.20367037270049304
39628449257623099,0.0,0.92,0.08,0.0,0.2010895951011364
39628427925389353,0.0,0.0,0.99,0.01,0.04039656794795559
39628438595700721,0.0,0.24,0.76,0.0,0.39752013969226113
39628438595700890,0.0,0.17,0.83,0.0,0.32885238937210975
39628459869213348,0.0,0.2,0.8,0.0,0.36096404744368116
39628438595700608,0.0,0.0,0.99,0.01,0.04039656794795559
39628433289907400,0.0,0.62,0.38,0.0,0.47902101111314976
39628433289906350,0.0,0.02,0.96,0.02,0.14114609454120738
39628433289907719,0.0,0.34,0.66,0.0,0.46240935248651505
39628438637645167,0.0,0.56,0.44,0.0,0.4947937606110278
39628433256354996,0.0,0.79,0.21,0.0,0.37074136996563684
39628433256350650,0.0,0.46,0.54,0.0,0.49768921941011285
39628422523128303,0.0,0.05,0.95,0.0,0.14319847855797813
39628422523127825,0.0,0.34,0.66,0.0,0.46240935248651505
39628470422081587,0.0,0.33,0.67,0.0,0.4574631863898637
39628438612478752,0.0,0.06,0.94,0.0,0.16372245957723813
39628443939242735,0.0,0.69,0.31,0.0,0.4465867291889284
39628427900228319,0.0,0.04,0.96,0.0,0.12114609454120741
39628454592776458,0.0,0.07,0.93,0.0,0.18296182545011158
39628427921198998,0.0,0.72,0.28,0.0,0.4277254052800653
39628433289908578,0.0,0.49,0.51,0.0,0.49985572087640495
39628433256354678,0.0,0.39,0.61,0.0,0.4823997742525436
39628438637643479,0.0,0.0,0.89,0.11,0.249957979082264
39628427900228000,0.0,0.02,0.98,0.0,0.07072027127091034
39628438616670824,0.0,0.52,0.48,0.0,0.4994227679976009
39628449295369873,0.0,0.99,0.01,0.0,0.04039656794795559
39628438629253534,0.0,0.28,0.72,0.0,0.4277254052800653
39628449295370193,0.0,0.47,0.53,0.0,0.4987007942838698
39628417162808708,0.0,0.29,0.71,0.0,0.43436062316970225
39628454584386608,0.0,0.97,0.03,0.0,0.0971959289157881
39628449278593454,0.0,0.0,0.94,0.06,0.16372245957723813
39628459894376266,0.0,0.59,0.41,0.0,0.488250234378912
39628459877599859,0.02,0.98,0.0,0.0,0.07072027127091034
39628443939242716,0.0,0.08,0.92,0.0,0.2010895951011364
39628459869210784,0.0,0.05,0.95,0.0,0.14319847855797813
39628443972799019,0.0,0.64,0.36,0.0,0.4713415946277461
39628438604088548,0.01,0.99,0.0,0.0,0.04039656794795559
39628438612478840,0.0,0.73,0.27,0.0,0.42073231810408784
39628438608284346,0.0,0.85,0.15,0.0,0.3049201523582002
39628443972799504,0.0,0.95,0.05,0.0,0.14319847855797813
39628449295369826,0.0,0.53,0.47,0.0,0.4987007942838698
39628443972799303,0.0,0.07,0.92,0.01,0.22283217282912027
39628443960213603,0.0,0.11,0.89,0.0,0.249957979082264
39628459898570164,0.0,0.86,0.14,0.0,0.292119405821428
39628427921197040,0.0,0.29,0.71,0.0,0.43436062316970225
39628454563419315,0.0,0.2,0.8,0.0,0.36096404744368116
39628454563419291,0.0,0.43,0.57,0.0,0.4929075185894599
39628438599897028,0.0,0.38,0.62,0.0,0.47902101111314976
39628438599896774,0.0,0.51,0.49,0.0,0.49985572087640495
39628454584385568,0.0,0.16,0.84,0.0,0.3171547773202831
39628443956023565,0.0,0.79,0.21,0.0,0.37074136996563684
39628417137642115,0.0,0.89,0.11,0.0,0.249957979082264
39628438604089443,0.0,0.78,0.22,0.0,0.38008375148098283
39628422544100239,0.0,0.03,0.97,0.0,0.0971959289157881
39628465145647860,0.0,0.97,0.03,0.0,0.0971959289157881
39628459881792201,0.0,0.53,0.47,0.0,0.4987007942838698
39628427917001955,0.0,0.79,0.21,0.0,0.37074136996563684
39628465170810474,0.0,0.94,0.06,0.0,0.16372245957723813
39628433264739444,0.0,0.83,0.17,0.0,0.32885238937210975
39628443943439745,0.0,0.26,0.74,0.0,0.4133731862463089
39628454592778172,0.0,0.3,0.7,0.0,0.44064544961534635
39628443930855093,0.0,0.27,0.73,0.0,0.42073231810408784
39628465175003667,0.0,0.03,0.97,0.0,0.0971959289157881
39628454567612860,0.0,0.85,0.15,0.0,0.3049201523582002
39628454567612881,0.0,0.0,1.0,0.0,-0.0
39628438608285737,0.0,0.39,0.61,0.0,0.4823997742525436
39628427917001565,0.0,0.11,0.89,0.0,0.249957979082264
39628427908613244,0.0,0.97,0.03,0.0,0.0971959289157881
39628465170810542,0.0,0.58,0.42,0.0,0.49072694751682683
39628443972796764,0.0,0.33,0.67,0.0,0.4574631863898637
39628454575999759,0.01,0.68,0.31,0.0,0.48429030075228124
39628454567609901,0.0,0.53,0.47,0.0,0.4987007942838698
39628465175003381,0.0,0.0,1.0,0.0,-0.0
39628438604089309,0.0,0.47,0.53,0.0,0.4987007942838698
39628427921196403,0.0,0.02,0.98,0.0,0.07072027127091034
39628465175003668,0.0,0.15,0.85,0.0,0.3049201523582002
39628422552489052,0.0,0.88,0.12,0.0,0.2646804326436822
39628454584386124,0.0,0.61,0.39,0.0,0.4823997742525436
39628422552489047,0.0,0.86,0.14,0.0,0.292119405821428
39628459898569010,0.0,0.54,0.46,0.0,0.49768921941011285
39628427900225902,0.0,0.03,0.97,0.0,0.0971959289157881
39628433264738403,0.0,0.01,0.99,0.0,0.04039656794795559
39628454576001277,0.0,0.01,0.99,0.0,0.04039656794795559
39628422552489682,0.0,0.01,0.99,0.0,0.04039656794795559
39628427887641807,0.0,0.34,0.66,0.0,0.46240935248651505
39628422535710472,0.0,0.28,0.72,0.0,0.4277254052800653
39628438604089347,0.0,0.04,0.96,0.0,0.12114609454120741
39628433277325055,0.0,0.57,0.43,0.0,0.4929075185894599
39628443956022860,0.0,0.86,0.14,0.0,0.292119405821428
39628427917001834,0.0,0.19,0.81,0.0,0.3507357299419487
39628449286982545,0.0,0.01,0.93,0.06,0.20367037270049304
39628422535712894,0.0,0.53,0.47,0.0,0.4987007942838698
39628459865015241,0.0,0.98,0.02,0.0,0.07072027127091034
39628449261818434,0.0,0.0,0.98,0.02,0.07072027127091034
39628449261818466,0.0,0.0,0.9,0.1,0.2344977967946406
39628427917001596,0.0,0.69,0.31,0.0,0.4465867291889284
39628443935049907,0.0,0.39,0.61,0.0,0.4823997742525436
39628449291178143,0.0,0.67,0.33,0.0,0.4574631863898637
39628449266008862,0.0,0.01,0.98,0.01,0.08072027127091033
39628443930857049,0.0,0.89,0.11,0.0,0.249957979082264
39628449266008420,0.0,0.19,0.81,0.0,0.3507357299419487
39628454563419094,0.0,0.06,0.94,0.0,0.16372245957723813
39628470422079236,0.0,0.53,0.47,0.0,0.4987007942838698
39628459873403810,0.0,0.35,0.65,0.0,0.4670340276877455
39628438616674588,0.0,0.75,0.25,0.0,0.4056390622295664
39628427896032555,0.0,0.45,0.55,0.0,0.49638722699390414
39628427904421760,0.0,0.04,0.96,0.0,0.12114609454120741
39628470422082161,0.0,1.0,0.0,0.0,-0.0
39628417158612111,0.0,0.12,0.88,0.0,0.2646804326436822
39628438620869758,0.0,0.13,0.87,0.0,0.2787190925139945
39628459890185915,0.0,0.09,0.91,0.0,0.21823490853205144
39628459894374569,0.0,0.08,0.92,0.0,0.2010895951011364
39628427925390530,0.0,0.59,0.41,0.0,0.488250234378912
39628443968604090,0.0,0.1,0.9,0.0,0.2344977967946406
39628427921198398,0.0,0.91,0.09,0.0,0.21823490853205144
39628427925390624,0.0,0.87,0.13,0.0,0.2787190925139945
39628427925390608,0.0,0.98,0.02,0.0,0.07072027127091034
39628443968604247,0.0,0.17,0.83,0.0,0.32885238937210975
39628417154420633,0.0,0.18,0.82,0.0,0.34003852286413994
39628449266013286,0.0,0.31,0.69,0.0,0.4465867291889284
39628427896033699,0.0,0.59,0.41,0.0,0.488250234378912
39628449282786538,0.0,0.04,0.96,0.0,0.12114609454120741
39628454592778035,0.0,0.02,0.98,0.0,0.07072027127091034
39628475690126929,0.0,0.95,0.05,0.0,0.14319847855797813
39628475690127116,0.0,0.48,0.52,0.0,0.4994227679976009
39628422552488937,0.0,0.98,0.02,0.0,0.07072027127091034
39628417154420535,0.0,0.11,0.89,0.0,0.249957979082264
39628470434664879,0.0,0.03,0.97,0.0,0.0971959289157881
39628454596968480,0.0,0.11,0.89,0.0,0.249957979082264
39628438599897261,0.0,0.54,0.46,0.0,0.49768921941011285
39628470438856046,0.0,0.01,0.98,0.01,0.08072027127091033
39628459898569303,0.0,0.0,0.98,0.02,0.07072027127091034
39628438599897087,0.0,0.59,0.41,0.0,0.488250234378912
39628454596972612,0.0,0.99,0.01,0.0,0.04039656794795559
39628475690127104,0.0,0.21,0.79,0.0,0.37074136996563684
39628470434660694,0.0,0.94,0.06,0.0,0.16372245957723813
39628470434660477,0.0,0.5,0.5,0.0,0.5
39628470434664181,0.0,0.82,0.18,0.0,0.34003852286413994
39628427925391066,0.0,0.02,0.98,0.0,0.07072027127091034
39628470434661326,0.0,0.84,0.16,0.0,0.3171547773202831
39628470434662393,0.0,0.66,0.34,0.0,0.46240935248651505
39628427921198050,0.0,0.63,0.37,0.0,0.47533604634353294
39628422527324365,0.0,0.48,0.52,0.0,0.4994227679976009
39628470422081722,0.0,0.52,0.48,0.0,0.4994227679976009
39628443956024027,0.0,0.98,0.02,0.0,0.07072027127091034
39628417162806960,0.0,0.8,0.2,0.0,0.36096404744368116
39628417158615421,0.0,0.85,0.15,0.0,0.3049201523582002
39628443943438956,0.0,0.48,0.52,0.0,0.4994227679976009
39628438625060548,0.0,0.3,0.7,0.0,0.44064544961534635
39628443968606060,0.0,0.82,0.18,0.0,0.34003852286413994
39628433277324173,0.0,0.56,0.44,0.0,0.4947937606110278
39628465175003628,0.0,0.03,0.95,0.02,0.1674722434193448
39628438633448308,0.0,0.92,0.08,0.0,0.2010895951011364
39628454559224638,0.0,0.59,0.41,0.0,0.488250234378912
39628443947631483,0.01,0.97,0.02,0.0,0.11097036642660543
39628422527324325,0.0,0.21,0.79,0.0,0.37074136996563684
39628427917001964,0.0,0.02,0.97,0.01,0.11097036642660543
39628470426275957,0.0,0.05,0.95,0.0,0.14319847855797813
39628470443053639,0.0,0.45,0.55,0.0,0.49638722699390414
39628443968604654,0.0,0.02,0.98,0.0,0.07072027127091034
39628470426276096,0.0,0.03,0.95,0.02,0.1674722434193448
39628427887642825,0.0,0.26,0.74,0.0,0.4133731862463089
39628454575999224,0.0,0.15,0.85,0.0,0.3049201523582002
39628459869212231,0.0,0.93,0.07,0.0,0.18296182545011158
39628459890180224,0.0,0.25,0.75,0.0,0.4056390622295664
39628459869211473,0.0,0.42,0.58,0.0,0.49072694751682683
39628454563417324,0.0,0.1,0.9,0.0,0.2344977967946406
39628443935050431,0.0,1.0,0.0,0.0,-0.0
39628422552490120,0.0,0.11,0.89,0.0,0.249957979082264
39628454576001450,0.0,0.0,0.83,0.17,0.32885238937210975
39628449266012857,0.0,0.75,0.25,0.0,0.4056390622295664
39628417154418504,0.0,0.32,0.68,0.0,0.45219072886224687
39628427896030174,0.0,0.13,0.87,0.0,0.2787190925139945
39628459898569658,0.04,0.96,0.0,0.0,0.12114609454120741
39628459898569786,0.0,0.48,0.52,0.0,0.4994227679976009
39628459898570066,0.02,0.98,0.0,0.0,0.07072027127091034
39628449266012677,0.0,0.79,0.21,0.0,0.37074136996563684
39628422548294992,0.0,0.72,0.28,0.0,0.4277254052800653
39628433277323470,0.0,0.35,0.65,0.0,0.4670340276877455
39628459898569452,0.0,0.74,0.26,0.0,0.4133731862463089
39628459869211722,0.0,0.04,0.96,0.0,0.12114609454120741
39628422523127856,0.0,0.1,0.9,0.0,0.2344977967946406
39628422523128109,0.0,0.11,0.89,0.0,0.249957979082264
39628459881795640,0.0,0.02,0.96,0.02,0.14114609454120738
39628422552490155,0.0,0.05,0.95,0.0,0.14319847855797813
39628470443049542,0.0,0.89,0.11,0.0,0.249957979082264
39628454563417483,0.0,0.23,0.77,0.0,0.38900565177326885
39628470426272098,0.0,0.36,0.64,0.0,0.4713415946277461
39628454575999576,0.0,0.04,0.96,0.0,0.12114609454120741
39628454575999267,0.0,0.08,0.92,0.0,0.2010895951011364
39628443930857127,0.0,0.51,0.49,0.0,0.49985572087640495
39628443930856920,0.0,0.15,0.85,0.0,0.3049201523582002
39628443935050485,0.0,0.98,0.02,0.0,0.07072027127091034
39628454576000975,0.0,0.94,0.06,0.0,0.16372245957723813
39628470426272884,0.0,0.99,0.01,0.0,0.04039656794795559
39628475690127663,0.0,0.27,0.72,0.01,0.45884528157606164
39628465183393023,0.0,0.0,1.0,0.0,-0.0
39628449261815659,0.0,0.16,0.84,0.0,0.3171547773202831
39628449261816773,0.0,0.76,0.24,0.0,0.39752013969226113
39628470426273547,0.0,0.07,0.93,0.0,0.18296182545011158
39628470422084508,0.0,1.0,0.0,0.0,-0.0
39628454563419986,0.0,0.2,0.8,0.0,0.36096404744368116
39628470422084489,0.0,0.73,0.27,0.0,0.42073231810408784
39628470422084252,0.0,0.39,0.61,0.0,0.4823997742525436
39628438616671577,0.0,0.95,0.05,0.0,0.14319847855797813
39628475690127670,0.0,0.97,0.03,0.0,0.0971959289157881
39628475690127660,0.0,0.05,0.94,0.01,0.1832231322266888
39628470422084101,0.0,0.68,0.32,0.0,0.45219072886224687
39628470422084525,0.0,0.51,0.49,0.0,0.49985572087640495
39628438616674267,0.0,0.33,0.67,0.0,0.4574631863898637
39628470443051061,0.0,0.29,0.71,0.0,0.43436062316970225
39628465179199734,0.0,0.83,0.17,0.0,0.32885238937210975
39628422552490078,0.0,0.18,0.82,0.0,0.34003852286413994
39628470443053478,0.0,0.26,0.74,0.0,0.4133731862463089
39628470422082604,0.0,0.91,0.09,0.0,0.21823490853205144
39628422556681128,0.0,0.66,0.34,0.0,0.46240935248651505
39628438612480834,0.0,0.31,0.69,0.0,0.4465867291889284
39628422556681187,0.0,0.94,0.06,0.0,0.16372245957723813
39628427921197296,0.0,0.01,0.99,0.0,0.04039656794795559
39628422552489935,0.0,0.71,0.29,0.0,0.43436062316970225
39628454576000515,0.0,0.02,0.98,0.0,0.07072027127091034
39628465179201841,0.0,0.4,0.6,0.0,0.4854752972273343
39628465175004678,0.0,0.14,0.86,0.0,0.292119405821428
39628470443050385,0.01,0.88,0.11,0.0,0.28950944366190023
39628470438859856,0.07,0.92,0.01,0.0,0.22283217282912027
39628470434664611,0.0,0.29,0.71,0.0,0.43436062316970225
39628443968602870,0.0,0.53,0.47,0.0,0.4987007942838698
39628470438854829,0.0,0.24,0.76,0.0,0.39752013969226113
39628438612478291,0.0,0.92,0.08,0.0,0.2010895951011364
39628470434662736,0.0,0.78,0.22,0.0,0.38008375148098283
39628470443050109,0.0,0.81,0.19,0.0,0.3507357299419487
39628465179200824,0.0,0.81,0.19,0.0,0.3507357299419487
39628454575999244,0.0,0.0,0.88,0.12,0.2646804326436822
39628465179200652,0.0,0.61,0.39,0.0,0.4823997742525436
39628465179201007,0.0,0.49,0.51,0.0,0.49985572087640495
39628459869208973,0.0,0.0,1.0,0.0,-0.0
39628470443050525,0.0,0.99,0.01,0.0,0.04039656794795559
39628470443050769,0.0,0.32,0.68,0.0,0.45219072886224687
39628470426273269,0.0,0.39,0.61,0.0,0.4823997742525436
39628465179200078,0.0,0.51,0.49,0.0,0.49985572087640495
39628470451441069,0.0,0.38,0.62,0.0,0.47902101111314976
39628449257624369,0.0,0.65,0.35,0.0,0.4670340276877455
39628470451441251,0.0,0.45,0.55,0.0,0.49638722699390414
39628470451441256,0.0,0.35,0.65,0.0,0.4670340276877455
39628465179200823,0.01,0.92,0.07,0.0,0.22283217282912027
39628470451441339,0.0,0.94,0.06,0.0,0.16372245957723813
39628465179200689,0.0,0.63,0.37,0.0,0.47533604634353294
39628475690127151,0.0,0.48,0.52,0.0,0.4994227679976009
39628443951825389,0.0,0.91,0.09,0.0,0.21823490853205144
39628459898569209,0.0,0.72,0.28,0.0,0.4277254052800653
39628475690126934,0.0,0.84,0.16,0.0,0.3171547773202831
39628475694319410,0.0,0.84,0.16,0.0,0.3171547773202831
39628475694319352,0.0,0.85,0.15,0.0,0.3049201523582002
39628438612480705,0.0,1.0,0.0,0.0,-0.0
39628438633448323,0.0,0.22,0.78,0.0,0.38008375148098283
39628470422083550,0.0,1.0,0.0,0.0,-0.0
39628470422082810,0.0,0.95,0.05,0.0,0.14319847855797813
39628438616672824,0.0,0.47,0.53,0.0,0.4987007942838698
39628459856629852,0.0,0.34,0.66,0.0,0.46240935248651505
39628454559225406,0.0,1.0,0.0,0.0,-0.0
39628454559225304,0.0,0.66,0.34,0.0,0.46240935248651505
39628459898569957,0.0,0.46,0.54,0.0,0.49768921941011285
39628465179201168,0.0,0.23,0.77,0.0,0.38900565177326885
39628470426272794,0.0,0.51,0.49,0.0,0.49985572087640495
39628465179201261,0.0,0.01,0.99,0.0,0.04039656794795559
39628465179201655,0.0,0.55,0.45,0.0,0.49638722699390414
39628470434664426,0.0,0.35,0.65,0.0,0.4670340276877455
39628427896029429,0.0,0.84,0.16,0.0,0.3171547773202831
39628470451437849,0.0,0.87,0.13,0.0,0.2787190925139945
39628470451438130,0.0,0.95,0.05,0.0,0.14319847855797813
39628443947631142,0.0,0.02,0.98,0.0,0.07072027127091034
39628443947631198,0.0,0.22,0.78,0.0,0.38008375148098283
39628470426273610,0.0,1.0,0.0,0.0,-0.0
39628475698512236,0.0,0.9,0.1,0.0,0.2344977967946406
39628411756347421,0.0,0.8,0.2,0.0,0.36096404744368116
39628449282788241,0.0,0.36,0.64,0.0,0.4713415946277461
39628438612478938,0.0,0.06,0.94,0.0,0.16372245957723813
39628459860823420,0.0,0.0,0.98,0.02,0.07072027127091034
39628433264741066,0.0,0.9,0.1,0.0,0.2344977967946406
39628443972798349,0.0,0.09,0.91,0.0,0.21823490853205144
39628438616674616,0.0,0.68,0.32,0.0,0.45219072886224687
39628433277321520,0.0,0.44,0.56,0.0,0.4947937606110278
39628438620866980,0.0,0.77,0.23,0.0,0.38900565177326885
39628422539903541,0.0,0.82,0.18,0.0,0.34003852286413994
39628433264740759,0.0,0.31,0.69,0.0,0.4465867291889284
39628427896030428,0.0,0.5,0.5,0.0,0.5
39628438625063139,0.0,0.03,0.95,0.02,0.1674722434193448
39628438595700786,0.0,0.05,0.95,0.0,0.14319847855797813
39628433289904942,0.0,0.15,0.85,0.0,0.3049201523582002
39628433289905011,0.0,0.75,0.25,0.0,0.4056390622295664
39628422539903553,0.0,0.12,0.88,0.0,0.2646804326436822
39628465166616574,0.0,0.02,0.97,0.01,0.11097036642660543
39628449286982156,0.0,0.83,0.17,0.0,0.32885238937210975
39628465166616237,0.0,0.96,0.04,0.0,0.12114609454120741
39628443939243917,0.0,0.0,1.0,0.0,-0.0
39628443939243950,0.0,0.02,0.98,0.0,0.07072027127091034
39628422523130951,0.0,0.11,0.89,0.0,0.249957979082264
39628422523130680,0.0,0.26,0.74,0.0,0.4133731862463089
39628465149840843,0.0,0.94,0.06,0.0,0.16372245957723813
39628465149840827,0.0,0.64,0.36,0.0,0.4713415946277461
39628470434661191,0.0,0.04,0.96,0.0,0.12114609454120741
39628417158612831,0.0,0.41,0.59,0.0,0.488250234378912
39628459898569604,0.0,0.7,0.3,0.0,0.44064544961534635
39628427921195464,0.0,0.03,0.97,0.0,0.0971959289157881
39628454592778506,0.0,0.61,0.39,0.0,0.4823997742525436
39628427900228567,0.0,0.45,0.55,0.0,0.49638722699390414
39628454605357830,0.0,0.7,0.3,0.0,0.44064544961534635
39628465149840589,0.0,0.78,0.22,0.0,0.38008375148098283
39628417158615221,0.0,0.03,0.97,0.0,0.0971959289157881
39628454588583923,0.0,0.12,0.88,0.0,0.2646804326436822
39628438625058969,0.0,0.14,0.86,0.0,0.292119405821428
39628438641836648,0.0,0.11,0.89,0.0,0.249957979082264
39628438641836910,0.0,0.01,0.99,0.0,0.04039656794795559
39628438633451878,0.0,0.1,0.88,0.02,0.30368177794258344
39628438612479884,0.0,0.37,0.63,0.0,0.47533604634353294
39628438637642173,0.0,0.51,0.49,0.0,0.49985572087640495
39628438612480396,0.0,0.5,0.5,0.0,0.5
39628427921199469,0.0,0.43,0.57,0.0,0.4929075185894599
39628438612480292,0.0,0.02,0.98,0.0,0.07072027127091034
39628427921199620,0.09,0.91,0.0,0.0,0.21823490853205144
39628438616673604,0.0,0.55,0.45,0.0,0.49638722699390414
39628454563414930,0.0,0.01,0.96,0.03,0.13737165703039006
39628470422083566,0.0,0.99,0.01,0.0,0.04039656794795559
39628438637642689,0.0,0.99,0.01,0.0,0.04039656794795559
39628443972800342,0.0,0.68,0.32,0.0,0.45219072886224687
39628465179202283,0.0,0.75,0.25,0.0,0.4056390622295664
39628470451438109,0.0,0.98,0.02,0.0,0.07072027127091034
39628470451438936,0.0,0.39,0.61,0.0,0.4823997742525436
39628438616672032,0.0,0.13,0.87,0.0,0.2787190925139945
39628438612480554,0.0,0.72,0.28,0.0,0.4277254052800653
39628443972800416,0.0,0.7,0.3,0.0,0.44064544961534635
39628459898570683,0.0,0.94,0.06,0.0,0.16372245957723813
39628443972800686,0.0,0.7,0.3,0.0,0.44064544961534635
39628443956023670,0.0,0.01,0.99,0.0,0.04039656794795559
39628438608283068,0.0,0.03,0.96,0.01,0.13737165703039006
39628427925390356,0.0,0.01,0.98,0.01,0.08072027127091033
39628454571804050,0.0,0.99,0.01,0.0,0.04039656794795559
39628459865017450,0.0,0.2,0.8,0.0,0.36096404744368116
39628459860824143,0.0,0.71,0.29,0.0,0.43436062316970225
39628449257621326,0.0,0.07,0.93,0.0,0.18296182545011158
39628459865015276,0.0,0.85,0.15,0.0,0.3049201523582002
39628427925390195,0.0,0.38,0.62,0.0,0.47902101111314976
39628454571804106,0.0,0.02,0.98,0.0,0.07072027127091034
39628443935049850,0.0,0.0,1.0,0.0,-0.0
39628449282785787,0.0,0.01,0.99,0.0,0.04039656794795559
39628443964411361,0.0,0.07,0.93,0.0,0.18296182545011158
39628443935049835,0.0,0.0,0.77,0.23,0.38900565177326885
39628438595702653,0.0,0.11,0.89,0.0,0.249957979082264
39628454584388145,0.0,0.54,0.46,0.0,0.49768921941011285
39628454584388772,0.0,0.7,0.3,0.0,0.44064544961534635
39628433268935110,0.0,0.72,0.28,0.0,0.4277254052800653
39628454559225491,0.0,0.05,0.95,0.0,0.14319847855797813
39628438595702504,0.0,0.98,0.02,0.0,0.07072027127091034
39628459881793297,0.0,0.7,0.3,0.0,0.44064544961534635
39628475690126385,0.0,0.84,0.16,0.0,0.3171547773202831
39628417167000216,0.0,0.43,0.57,0.0,0.4929075185894599
39628443939245178,0.0,0.03,0.97,0.0,0.0971959289157881
39628459894377371,0.0,0.38,0.62,0.0,0.47902101111314976
39628433268934895,0.0,0.52,0.48,0.0,0.4994227679976009
39628427925390942,0.0,0.12,0.88,0.0,0.2646804326436822
39628459881793246,0.0,0.97,0.03,0.0,0.0971959289157881
39628417167000187,0.0,0.7,0.3,0.0,0.44064544961534635
39628417167000272,0.0,0.4,0.6,0.0,0.4854752972273343
39628449249234577,0.0,0.54,0.46,0.0,0.49768921941011285
39628459865015602,0.0,0.14,0.86,0.0,0.292119405821428
39628433260546189,0.0,0.12,0.88,0.0,0.2646804326436822
39628454559225373,0.0,0.29,0.71,0.0,0.43436062316970225
39628417162807152,0.0,0.3,0.7,0.0,0.44064544961534635
39628427891838473,0.0,0.41,0.59,0.0,0.488250234378912
39628427900228389,0.0,0.41,0.59,0.0,0.488250234378912
39628470443050653,0.01,0.99,0.0,0.0,0.04039656794795559
39628454563416213,0.0,0.18,0.82,0.0,0.34003852286413994
39628470443050412,0.0,0.17,0.83,0.0,0.32885238937210975
39628459885991959,0.0,0.08,0.92,0.0,0.2010895951011364
39628470443050281,0.0,0.18,0.82,0.0,0.34003852286413994
39628443939245262,0.0,0.04,0.96,0.0,0.12114609454120741
39628438612478312,0.0,0.86,0.14,0.0,0.292119405821428
39628427900228492,0.0,0.16,0.84,0.0,0.3171547773202831
39628443947634265,0.0,0.74,0.26,0.0,0.4133731862463089
39628443951828335,0.0,0.7,0.3,0.0,0.44064544961534635
39628470443049002,0.0,0.1,0.9,0.0,0.2344977967946406
39628470443049031,0.0,0.98,0.02,0.0,0.07072027127091034
39628470451440454,0.0,0.81,0.19,0.0,0.3507357299419487
39628470426274170,0.0,0.37,0.63,0.0,0.47533604634353294
39628470443051174,0.0,0.03,0.96,0.01,0.13737165703039006
39628475694321642,0.0,1.0,0.0,0.0,-0.0
39628470426273874,0.0,0.04,0.96,0.0,0.12114609454120741
39628438616670321,0.0,0.4,0.6,0.0,0.4854752972273343
39628454592777891,0.0,0.17,0.83,0.0,0.32885238937210975
39628438612480661,0.0,0.43,0.57,0.0,0.4929075185894599
39628459865015298,0.0,0.01,0.97,0.02,0.11097036642660543
39628459869214189,0.0,0.04,0.96,0.0,0.12114609454120741
39628459898572865,0.0,0.66,0.34,0.0,0.46240935248651505
39628475694321823,0.0,0.54,0.46,0.0,0.49768921941011285
39628459856630363,0.0,0.86,0.14,0.0,0.292119405821428
39628449282785717,0.0,0.52,0.48,0.0,0.4994227679976009
39628443972798083,0.0,0.51,0.49,0.0,0.49985572087640495
39628443968605786,0.0,0.95,0.05,0.0,0.14319847855797813
39628443968605774,0.0,0.13,0.87,0.0,0.2787190925139945
39628433264742799,0.0,0.07,0.93,0.0,0.18296182545011158
39628433264743001,0.0,0.01,0.94,0.05,0.1832231322266888
39628443939244093,0.0,0.08,0.92,0.0,0.2010895951011364
39628427900228264,0.0,1.0,0.0,0.0,-0.0
39628449249234524,0.0,0.06,0.94,0.0,0.16372245957723813
39628443960216902,0.0,0.07,0.93,0.0,0.18296182545011158
39628454592778275,0.0,0.51,0.49,0.0,0.49985572087640495
39628449249233933,0.0,0.27,0.73,0.0,0.42073231810408784
39628465158228859,0.0,0.83,0.17,0.0,0.32885238937210975
39628449261817403,0.0,0.0,1.0,0.0,-0.0
39628449261817384,0.0,0.61,0.39,0.0,0.4823997742525436
39628449261817215,0.0,0.61,0.39,0.0,0.4823997742525436
39628449295372473,0.0,0.38,0.62,0.0,0.47902101111314976
39628475694321734,0.0,0.4,0.6,0.0,0.4854752972273343
39628475694322028,0.0,0.23,0.77,0.0,0.38900565177326885
39628475694322109,0.0,0.65,0.35,0.0,0.4670340276877455
39628443972800622,0.0,0.29,0.71,0.0,0.43436062316970225
39628417137639864,0.0,0.5,0.5,0.0,0.5
39628459869209837,0.0,0.72,0.28,0.0,0.4277254052800653
39628427887644740,0.0,0.1,0.9,0.0,0.2344977967946406
39628459865015674,0.0,0.91,0.09,0.0,0.21823490853205144
39628443926663630,0.0,0.04,0.96,0.0,0.12114609454120741
39628459865015471,0.0,0.36,0.64,0.0,0.4713415946277461
39628454592776513,0.0,0.98,0.02,0.0,0.07072027127091034
39628438595699166,0.0,0.54,0.46,0.0,0.49768921941011285
39628454592776573,0.0,0.18,0.82,0.0,0.34003852286413994
39628433243772249,0.0,0.22,0.78,0.0,0.38008375148098283
39628454592776642,0.0,0.01,0.98,0.01,0.08072027127091033
39628427896032055,0.0,0.22,0.78,0.0,0.38008375148098283
39628459881792718,0.0,0.36,0.64,0.0,0.4713415946277461
39628459865015591,0.0,0.0,0.97,0.03,0.0971959289157881
39628438595699101,0.0,0.51,0.49,0.0,0.49985572087640495
39628433285711761,0.0,0.39,0.61,0.0,0.4823997742525436
39628459869209829,0.0,0.04,0.96,0.0,0.12114609454120741
39628433264742662,0.0,0.64,0.36,0.0,0.4713415946277461
39628433243772321,0.0,0.2,0.8,0.0,0.36096404744368116
39628459881792722,0.0,0.63,0.37,0.0,0.47533604634353294
39628438595699096,0.0,0.18,0.82,0.0,0.34003852286413994
39628417162809312,0.0,0.95,0.05,0.0,0.14319847855797813
39628417162809317,0.0,0.58,0.42,0.0,0.49072694751682683
39628433281518758,0.0,0.15,0.85,0.0,0.3049201523582002
39628417162809251,0.0,0.51,0.49,0.0,0.49985572087640495
39628465179199038,0.0,0.41,0.59,0.0,0.488250234378912
39628433281517604,0.0,0.0,1.0,0.0,-0.0
39628433281518054,0.0,0.01,0.99,0.0,0.04039656794795559
39628454571804454,0.0,0.11,0.89,0.0,0.249957979082264
39628465166617932,0.0,0.23,0.77,0.0,0.38900565177326885
39628433285711610,0.0,0.06,0.94,0.0,0.16372245957723813
39628433285711537,0.0,0.94,0.06,0.0,0.16372245957723813
39628449266008142,0.0,0.05,0.95,0.0,0.14319847855797813
39628465170814254,0.0,0.0,0.94,0.06,0.16372245957723813
39628465149841178,0.0,0.02,0.98,0.0,0.07072027127091034
39628422544100676,0.0,0.72,0.28,0.0,0.4277254052800653
39628465149840352,0.0,0.98,0.02,0.0,0.07072027127091034
39628427904422345,0.0,0.35,0.65,0.0,0.4670340276877455
39628465149840717,0.0,0.22,0.78,0.0,0.38008375148098283
39628433243770973,0.0,0.08,0.92,0.0,0.2010895951011364
39628454588582241,0.0,0.0,1.0,0.0,-0.0
39628433252155476,0.0,0.0,0.97,0.03,0.0971959289157881
39628422539905337,0.0,0.17,0.83,0.0,0.32885238937210975
39628454588585062,0.0,0.53,0.47,0.0,0.4987007942838698
39628459869212342,0.0,0.68,0.32,0.0,0.45219072886224687
39628459869212293,0.0,0.65,0.35,0.0,0.4670340276877455
39628438599896766,0.0,0.77,0.23,0.0,0.38900565177326885
39628454576000795,0.0,0.08,0.92,0.0,0.2010895951011364
39628465149841818,0.0,0.46,0.54,0.0,0.49768921941011285
39628443960217414,0.0,0.28,0.72,0.0,0.4277254052800653
39628427912811711,0.0,0.79,0.21,0.0,0.37074136996563684
39628433243771371,0.0,0.55,0.45,0.0,0.49638722699390414
39628475694320261,0.0,0.7,0.3,0.0,0.44064544961534635
39628459894375553,0.0,0.89,0.11,0.0,0.249957979082264
39628443935052075,0.0,0.62,0.38,0.0,0.47902101111314976
39628433252158100,0.0,0.35,0.65,0.0,0.4670340276877455
39628470430469753,0.0,0.84,0.16,0.0,0.3171547773202831
39628422556681416,0.0,0.93,0.07,0.0,0.18296182545011158
39628411760543852,0.0,0.19,0.81,0.0,0.3507357299419487
39628411760543864,0.05,0.95,0.0,0.0,0.14319847855797813
39628411760543933,0.0,0.31,0.69,0.0,0.4465867291889284
39628433294099568,0.0,0.98,0.02,0.0,0.07072027127091034
39628475690126347,0.0,0.86,0.14,0.0,0.292119405821428
39628411760544279,0.0,0.6,0.4,0.0,0.4854752972273343
39628459881792725,0.0,0.01,0.97,0.02,0.11097036642660543
39628422556681026,0.0,0.15,0.85,0.0,0.3049201523582002
39628422548293204,0.0,0.94,0.06,0.0,0.16372245957723813
39628433277325363,0.0,0.04,0.96,0.0,0.12114609454120741
39628470430469559,0.0,1.0,0.0,0.0,-0.0
39628438633447595,0.0,0.56,0.44,0.0,0.4947937606110278
39628454580195094,0.0,0.8,0.2,0.0,0.36096404744368116
39628470438857254,0.0,0.98,0.02,0.0,0.07072027127091034
39628454576000860,0.0,0.13,0.87,0.0,0.2787190925139945
39628465166616307,0.0,0.0,1.0,0.0,-0.0
39628422556681292,0.0,0.98,0.02,0.0,0.07072027127091034
39628433256354850,0.0,0.28,0.72,0.0,0.4277254052800653
39628470434663744,0.0,0.59,0.41,0.0,0.488250234378912
39628465166616344,0.0,0.94,0.06,0.0,0.16372245957723813
39628427900228953,0.0,0.7,0.3,0.0,0.44064544961534635
39628422556681359,0.0,0.63,0.37,0.0,0.47533604634353294
39628465149839876,0.0,0.06,0.94,0.0,0.16372245957723813
39628459877597696,0.0,0.94,0.06,0.0,0.16372245957723813
39628459898571180,0.0,0.27,0.73,0.0,0.42073231810408784
39628459898571553,0.0,0.83,0.17,0.0,0.32885238937210975
39628433268935181,0.0,0.35,0.65,0.0,0.4670340276877455
39628433268935433,0.0,0.0,1.0,0.0,-0.0
39628454592775665,0.0,0.13,0.87,0.0,0.2787190925139945
39628422527321239,0.0,0.33,0.67,0.0,0.4574631863898637
39628422527321171,0.0,0.02,0.98,0.0,0.07072027127091034
39628417162809372,0.0,0.09,0.91,0.0,0.21823490853205144
39628417141836943,0.0,0.82,0.18,0.0,0.34003852286413994
39628422527321271,0.0,0.25,0.75,0.0,0.4056390622295664
39628422527324743,0.0,0.18,0.82,0.0,0.34003852286413994
39628454584385599,0.0,0.65,0.35,0.0,0.4670340276877455
39628465179202395,0.0,0.01,0.98,0.01,0.08072027127091033
39628422544097779,0.0,0.29,0.71,0.0,0.43436062316970225
39628443947633102,0.0,0.55,0.45,0.0,0.49638722699390414
39628427900228913,0.0,0.51,0.49,0.0,0.49985572087640495
39628443947634458,0.0,0.56,0.44,0.0,0.4947937606110278
39628422527324462,0.0,0.17,0.83,0.0,0.32885238937210975
39628422556681695,0.0,0.01,0.98,0.01,0.08072027127091033
39628454567612846,0.0,0.16,0.84,0.0,0.3171547773202831
39628422556681859,0.0,0.45,0.55,0.0,0.49638722699390414
39628422556681078,0.0,0.97,0.03,0.0,0.0971959289157881
39628459894374438,0.0,0.06,0.94,0.0,0.16372245957723813
39628465145648227,0.0,0.02,0.88,0.1,0.30368177794258344
39628422527325375,0.0,0.59,0.41,0.0,0.488250234378912
39628443943437863,0.0,0.75,0.25,0.0,0.4056390622295664
39628443943441853,0.0,0.19,0.81,0.0,0.3507357299419487
39628459881794092,0.0,0.55,0.45,0.0,0.49638722699390414
39628449291175393,0.0,0.0,1.0,0.0,-0.0
39628427917001564,0.0,0.91,0.09,0.0,0.21823490853205144
39628465149838012,0.0,0.41,0.59,0.0,0.488250234378912
39628475694320200,0.0,0.63,0.37,0.0,0.47533604634353294
39628449274396794,0.0,0.58,0.42,0.0,0.49072694751682683
39628454576000091,0.0,0.79,0.21,0.0,0.37074136996563684
39628454576000207,0.0,0.08,0.92,0.0,0.2010895951011364
39628438612479553,0.0,0.95,0.05,0.0,0.14319847855797813
39628438591507066,0.0,0.43,0.57,0.0,0.4929075185894599
39628465154035954,0.0,0.51,0.49,0.0,0.49985572087640495
39628449282785512,0.0,0.0,1.0,0.0,-0.0
39628470438858950,0.0,0.81,0.19,0.0,0.3507357299419487
39628427921198236,0.0,0.03,0.97,0.0,0.0971959289157881
39628443947632616,0.0,0.57,0.43,0.0,0.4929075185894599
39628475694319887,0.0,0.06,0.94,0.0,0.16372245957723813
39628475694319774,0.18,0.82,0.0,0.0,0.34003852286413994
39628417158612546,0.0,0.21,0.79,0.0,0.37074136996563684
39628449282786150,0.0,0.62,0.38,0.0,0.47902101111314976
39628433247961288,0.0,0.9,0.1,0.0,0.2344977967946406
39628433243770897,0.0,0.08,0.92,0.0,0.2010895951011364
39628433247961262,0.0,0.03,0.96,0.01,0.13737165703039006
39628433247961567,0.0,0.01,0.98,0.01,0.08072027127091033
39628438616672964,0.0,0.37,0.63,0.0,0.47533604634353294
39628454576000048,0.0,0.01,0.99,0.0,0.04039656794795559
39628422556682254,0.0,0.57,0.43,0.0,0.4929075185894599
39628454605360962,0.0,0.73,0.27,0.0,0.42073231810408784
39628454605361118,0.0,0.87,0.13,0.0,0.2787190925139945
39628449282785513,0.0,0.66,0.34,0.0,0.46240935248651505
39628422556684405,0.0,0.32,0.68,0.0,0.45219072886224687
39628427921198767,0.0,0.83,0.17,0.0,0.32885238937210975
39628465154035080,0.0,0.08,0.92,0.0,0.2010895951011364
39628443960216024,0.03,0.97,0.0,0.0,0.0971959289157881
39628417137639745,0.0,0.14,0.86,0.0,0.292119405821428
39628443960215135,0.0,0.62,0.38,0.0,0.47902101111314976
39628465154035222,0.0,0.11,0.89,0.0,0.249957979082264
39628422548292867,0.0,0.03,0.97,0.0,0.0971959289157881
39628465154035211,0.0,0.7,0.3,0.0,0.44064544961534635
39628417141837746,0.0,0.17,0.83,0.0,0.32885238937210975
39628454592776766,0.0,0.73,0.27,0.0,0.42073231810408784
39628465166617374,0.0,0.0,1.0,0.0,-0.0
39628427921199629,0.0,0.02,0.98,0.0,0.07072027127091034
39628422548292797,0.0,0.59,0.41,0.0,0.488250234378912
39628465166617409,0.0,0.92,0.08,0.0,0.2010895951011364
39628443960214945,0.0,0.24,0.76,0.0,0.39752013969226113
39628433281518759,0.0,0.04,0.96,0.0,0.12114609454120741
39628465166617048,0.0,0.03,0.97,0.0,0.0971959289157881
39628433273130128,0.0,0.02,0.97,0.01,0.11097036642660543
39628433273130087,0.0,0.35,0.65,0.0,0.4670340276877455
39628433281516152,0.0,0.66,0.34,0.0,0.46240935248651505
39628459890182742,0.0,0.42,0.58,0.0,0.49072694751682683
39628438604087774,0.0,0.22,0.78,0.0,0.38008375148098283
39628465145647775,0.0,0.0,0.98,0.02,0.07072027127091034
39628438595701092,0.0,0.89,0.11,0.0,0.249957979082264
39628427921197636,0.0,0.05,0.95,0.0,0.14319847855797813
39628443960216111,0.0,0.98,0.02,0.0,0.07072027127091034
39628438637645321,0.0,0.05,0.95,0.0,0.14319847855797813
39628459865015603,0.0,0.1,0.9,0.0,0.2344977967946406
39628465145648082,0.0,0.9,0.1,0.0,0.2344977967946406
39628454588582535,0.0,0.2,0.8,0.0,0.36096404744368116
39628427904419420,0.0,0.51,0.49,0.0,0.49985572087640495
39628411760543828,0.0,0.48,0.52,0.0,0.4994227679976009
39628411760543000,0.0,0.92,0.08,0.0,0.2010895951011364
39628433294099471,0.0,0.0,0.91,0.09,0.21823490853205144
39628433294099718,0.0,1.0,0.0,0.0,-0.0
39628433294099379,0.0,0.37,0.63,0.0,0.47533604634353294
39628433294098799,0.0,0.12,0.88,0.0,0.2646804326436822
39628427933778566,0.0,0.95,0.05,0.0,0.14319847855797813
39628433294098510,0.0,0.93,0.07,0.0,0.18296182545011158
39628438641837259,0.0,0.86,0.14,0.0,0.292119405821428
39628433294099408,0.0,0.0,0.7,0.3,0.44064544961534635
39628422556680915,0.0,0.89,0.11,0.0,0.249957979082264
39628443972798443,0.0,0.62,0.38,0.0,0.47902101111314976
39628433294098499,0.0,1.0,0.0,0.0,-0.0
39628417158613489,0.0,0.9,0.1,0.0,0.2344977967946406
39628454592778660,0.0,0.3,0.7,0.0,0.44064544961534635
39628443972798333,0.0,0.64,0.36,0.0,0.4713415946277461
39628438641837188,0.0,0.0,1.0,0.0,-0.0
39628438641837120,0.0,0.06,0.94,0.0,0.16372245957723813
39628449274396723,0.0,0.04,0.96,0.0,0.12114609454120741
39628438641837505,0.0,0.98,0.02,0.0,0.07072027127091034
39628443972799737,0.0,0.23,0.77,0.0,0.38900565177326885
39628465158227240,0.0,0.46,0.54,0.0,0.49768921941011285
39628433281518424,0.0,0.95,0.05,0.0,0.14319847855797813
39628449291174433,0.0,0.05,0.95,0.0,0.14319847855797813
39628433247961502,0.0,0.19,0.81,0.0,0.3507357299419487
39628443964411616,0.0,0.09,0.91,0.0,0.21823490853205144
39628443964411666,0.0,0.97,0.03,0.0,0.0971959289157881
39628433281518339,0.0,0.03,0.97,0.0,0.0971959289157881
39628438637645141,0.0,0.97,0.03,0.0,0.0971959289157881
39628443972797420,0.0,0.04,0.96,0.0,0.12114609454120741
39628454605358062,0.0,0.78,0.22,0.0,0.38008375148098283
39628449274396968,0.0,0.23,0.77,0.0,0.38900565177326885
39628449270207781,0.0,0.46,0.54,0.0,0.49768921941011285
39628427933778441,0.0,0.76,0.24,0.0,0.39752013969226113
39628433294098694,0.0,0.03,0.95,0.02,0.1674722434193448
39628433294099021,0.0,0.65,0.35,0.0,0.4670340276877455
39628443964411276,0.0,0.21,0.79,0.0,0.37074136996563684
39628465179202612,0.0,1.0,0.0,0.0,-0.0
39628465179202629,0.0,0.01,0.99,0.0,0.04039656794795559
39628411743768767,0.0,0.76,0.24,0.0,0.39752013969226113
39628422556682386,0.0,0.14,0.86,0.0,0.292119405821428
39628417162808903,0.0,0.18,0.82,0.0,0.34003852286413994
39628459894374753,0.0,0.46,0.54,0.0,0.49768921941011285
39628438625060668,0.0,0.73,0.27,0.0,0.42073231810408784
39628443930855404,0.0,0.0,0.99,0.01,0.04039656794795559
39628438637645314,0.0,0.01,0.98,0.01,0.08072027127091033
39628465149838285,0.0,0.23,0.77,0.0,0.38900565177326885
39628459898572183,0.0,0.52,0.48,0.0,0.4994227679976009
39628417162808826,0.0,0.99,0.01,0.0,0.04039656794795559
39628438641838141,0.0,0.73,0.27,0.0,0.42073231810408784
39628449274397488,0.0,0.69,0.31,0.0,0.4465867291889284
39628449274397165,0.0,0.22,0.78,0.0,0.38008375148098283
39628422556681082,0.0,0.02,0.97,0.01,0.11097036642660543
39628438641838391,0.0,0.87,0.13,0.0,0.2787190925139945
39628433294100929,0.0,0.92,0.08,0.0,0.2010895951011364
39628433294100761,0.0,0.35,0.65,0.0,0.4670340276877455
39628433294100567,0.0,0.02,0.9,0.08,0.2705942015390087
39628433294100560,0.0,0.01,0.95,0.04,0.16124668093016215
39628433294099717,0.0,0.62,0.38,0.0,0.47902101111314976
39628433289908683,0.0,0.71,0.29,0.0,0.43436062316970225
39628433289908464,0.0,0.0,0.99,0.01,0.04039656794795559
39628438641838432,0.0,1.0,0.0,0.0,-0.0
39628438641837582,0.0,0.12,0.88,0.0,0.2646804326436822
39628438641838182,0.19,0.81,0.0,0.0,0.3507357299419487
39628411760544083,0.02,0.97,0.01,0.0,0.11097036642660543
39628433289908640,0.0,0.05,0.93,0.02,0.21317104534994366
39628449282786272,0.0,0.76,0.24,0.0,0.39752013969226113
39628438641838059,0.17,0.83,0.0,0.0,0.32885238937210975
39628465179203088,0.0,0.04,0.94,0.02,0.19127133459887283
39628465183391873,0.0,0.77,0.23,0.0,0.38900565177326885
39628465179202600,0.0,0.87,0.13,0.0,0.2787190925139945
39628443935052303,0.0,0.14,0.86,0.0,0.292119405821428
39628454584385814,0.0,0.23,0.77,0.0,0.38900565177326885
39628454584385804,0.0,0.86,0.14,0.0,0.292119405821428
39628459894379491,0.0,0.67,0.33,0.0,0.4574631863898637
39628443930855871,0.0,0.4,0.6,0.0,0.4854752972273343
39628438641837603,0.0,0.0,0.96,0.04,0.12114609454120741
39628449295372441,0.0,0.99,0.01,0.0,0.04039656794795559
39628454601166491,0.0,0.78,0.22,0.0,0.38008375148098283
39628449282786523,0.0,0.98,0.02,0.0,0.07072027127091034
39628449282786570,0.0,0.6,0.4,0.0,0.4854752972273343
39628443972796919,0.0,0.96,0.04,0.0,0.12114609454120741
39628433247961188,0.0,0.85,0.15,0.0,0.3049201523582002
39628438637645042,0.0,0.89,0.11,0.0,0.249957979082264
39628427896030080,0.0,0.01,0.97,0.02,0.11097036642660543
39628411760544731,0.0,0.14,0.86,0.0,0.292119405821428
39628411760544990,0.0,0.72,0.28,0.0,0.4277254052800653
39628411760545388,0.0,0.22,0.78,0.0,0.38008375148098283
39628443947632172,0.0,0.42,0.58,0.0,0.49072694751682683
39628438641837107,0.0,1.0,0.0,0.0,-0.0
39628443947632898,0.0,0.98,0.02,0.0,0.07072027127091034
39628417162807972,0.0,0.53,0.47,0.0,0.4987007942838698
39628459877597417,0.0,1.0,0.0,0.0,-0.0
39628417162807775,0.0,0.99,0.01,0.0,0.04039656794795559
39628454596968527,0.0,0.13,0.87,0.0,0.2787190925139945
39628454584388886,0.0,0.02,0.98,0.0,0.07072027127091034
39628454584388780,0.0,0.01,0.98,0.01,0.08072027127091033
39628454575998866,0.0,0.98,0.02,0.0,0.07072027127091034
39628443930855668,0.0,0.59,0.41,0.0,0.488250234378912
39628443935049614,0.0,0.57,0.43,0.0,0.4929075185894599
39628465158230767,0.0,0.0,0.93,0.07,0.18296182545011158
39628438612476455,0.0,0.67,0.33,0.0,0.4574631863898637
39628443930855293,0.0,0.39,0.61,0.0,0.4823997742525436
39628443930855316,0.0,0.93,0.07,0.0,0.18296182545011158
39628465158230692,0.0,0.96,0.04,0.0,0.12114609454120741
39628443930855429,0.0,0.0,0.97,0.03,0.0971959289157881
39628454575998705,0.0,0.73,0.27,0.0,0.42073231810408784
39628443964411754,0.0,0.34,0.66,0.0,0.46240935248651505
39628459860824134,0.0,0.05,0.95,0.0,0.14319847855797813
39628454592775901,0.0,0.88,0.12,0.0,0.2646804326436822
39628454592775850,0.0,0.25,0.75,0.0,0.4056390622295664
39628454592775766,0.0,0.12,0.88,0.0,0.2646804326436822
39628411760543226,0.0,0.98,0.02,0.0,0.07072027127091034
39628411760543516,0.0,0.98,0.02,0.0,0.07072027127091034
39628433243769970,0.0,0.89,0.11,0.0,0.249957979082264
39628443968602657,0.0,0.98,0.02,0.0,0.07072027127091034
39628438641837114,0.0,0.94,0.06,0.0,0.16372245957723813
39628459881792281,0.0,0.07,0.93,0.0,0.18296182545011158
39628454592774767,0.0,0.07,0.93,0.0,0.18296182545011158
39628438608284229,0.0,0.41,0.59,0.0,0.488250234378912
39628422556681471,0.0,1.0,0.0,0.0,-0.0
39628454592774773,0.0,0.18,0.82,0.0,0.34003852286413994
39628449295370493,0.0,0.12,0.88,0.0,0.2646804326436822
39628422544098856,0.0,0.5,0.5,0.0,0.5
39628422523125950,0.0,0.02,0.98,0.0,0.07072027127091034
39628454596971451,0.0,0.01,0.99,0.0,0.04039656794795559
39628459877598299,0.0,0.54,0.46,0.0,0.49768921941011285
39628443964412026,0.0,0.67,0.33,0.0,0.4574631863898637
39628449274396726,0.0,0.45,0.55,0.0,0.49638722699390414
39628449295370596,0.0,0.82,0.18,0.0,0.34003852286413994
39628459877599713,0.0,0.92,0.08,0.0,0.2010895951011364
39628443968602513,0.0,0.53,0.47,0.0,0.4987007942838698
39628443964412063,0.0,0.97,0.03,0.0,0.0971959289157881
39628470422083246,0.0,0.7,0.3,0.0,0.44064544961534635
39628454592778671,0.0,0.03,0.97,0.0,0.0971959289157881
39628417162807781,0.0,0.15,0.85,0.0,0.3049201523582002
39628427900227544,0.0,0.94,0.06,0.0,0.16372245957723813
39628443943441816,0.0,0.58,0.42,0.0,0.49072694751682683
39628443960216918,0.03,0.97,0.0,0.0,0.0971959289157881
39628427900227618,0.0,0.72,0.28,0.0,0.4277254052800653
39628417146030714,0.0,0.94,0.06,0.0,0.16372245957723813
39628427891839459,0.0,0.26,0.74,0.0,0.4133731862463089
39628465179201996,0.0,0.05,0.95,0.0,0.14319847855797813
39628470438858856,0.0,0.89,0.11,0.0,0.249957979082264
39628459860824444,0.0,0.0,0.99,0.01,0.04039656794795559
39628433243770859,0.0,0.65,0.35,0.0,0.4670340276877455
39628449282787248,0.0,0.13,0.87,0.0,0.2787190925139945
39628427900227397,0.0,0.62,0.38,0.0,0.47902101111314976
39628475698515000,0.0,1.0,0.0,0.0,-0.0
39628454575999814,0.0,0.0,0.97,0.03,0.0971959289157881
39628427933779080,0.0,1.0,0.0,0.0,-0.0
39628459894378029,0.0,0.9,0.1,0.0,0.2344977967946406
39628459894377753,0.0,0.78,0.22,0.0,0.38008375148098283
39628459894378707,0.0,0.9,0.1,0.0,0.2344977967946406
39628454592776115,0.0,0.21,0.79,0.0,0.37074136996563684
39628411743768268,0.0,0.07,0.93,0.0,0.18296182545011158
39628443972798080,0.0,0.91,0.09,0.0,0.21823490853205144
39628454592776034,0.0,0.08,0.92,0.0,0.2010895951011364
39628427900228510,0.0,0.02,0.97,0.01,0.11097036642660543
39628417162807487,0.0,0.99,0.01,0.0,0.04039656794795559
39628443972797532,0.0,0.75,0.25,0.0,0.4056390622295664
39628449274396724,0.0,0.87,0.13,0.0,0.2787190925139945
39628449274396870,0.0,0.59,0.41,0.0,0.488250234378912
39628449274396714,0.0,0.54,0.46,0.0,0.49768921941011285
39628433294098941,0.0,0.14,0.86,0.0,0.292119405821428
39628438608284546,0.0,0.74,0.26,0.0,0.4133731862463089
39628438604088149,0.0,0.21,0.79,0.0,0.37074136996563684
39628438604088086,0.0,0.75,0.25,0.0,0.4056390622295664
39628438641838475,0.0,0.87,0.13,0.0,0.2787190925139945
39628438641838589,0.0,1.0,0.0,0.0,-0.0
39628443972799494,0.0,0.92,0.08,0.0,0.2010895951011364
39628443972799492,0.0,0.04,0.96,0.0,0.12114609454120741
39628449282786425,0.0,0.57,0.43,0.0,0.4929075185894599
39628449282786404,0.0,0.91,0.09,0.0,0.21823490853205144
39628459865015069,0.0,0.39,0.61,0.0,0.4823997742525436
39628422518933876,0.0,1.0,0.0,0.0,-0.0
39628449295372985,0.0,0.4,0.6,0.0,0.4854752972273343
39628454609551400,0.0,0.99,0.01,0.0,0.04039656794795559
39628449299563058,0.0,0.58,0.42,0.0,0.49072694751682683
39628438641838229,0.03,0.97,0.0,0.0,0.0971959289157881
39628438625059144,0.0,0.29,0.71,0.0,0.43436062316970225
39628449286982668,0.0,0.55,0.45,0.0,0.49638722699390414
39628449286982615,0.0,0.01,0.99,0.0,0.04039656794795559
39628443960215903,0.0,0.3,0.7,0.0,0.44064544961534635
39628438637642037,0.0,0.38,0.62,0.0,0.47902101111314976
39628454592775368,0.0,0.98,0.02,0.0,0.07072027127091034
39628454592775313,0.0,0.37,0.63,0.0,0.47533604634353294
39628454580195538,0.02,0.98,0.0,0.0,0.07072027127091034
39628454592775411,0.0,0.0,0.99,0.01,0.04039656794795559
39628422544100143,0.0,0.25,0.75,0.0,0.4056390622295664
39628417141834742,0.0,0.44,0.56,0.0,0.4947937606110278
39628427896031778,0.0,0.06,0.91,0.03,0.2595582210645035
39628427917000808,0.0,0.16,0.84,0.0,0.3171547773202831
39628422548292438,0.0,0.0,1.0,0.0,-0.0
39628465149837753,0.0,1.0,0.0,0.0,-0.0
39628459877600106,0.0,0.01,0.98,0.01,0.08072027127091033
39628422539903619,0.0,0.69,0.31,0.0,0.4465867291889284
39628427904422116,0.0,0.99,0.01,0.0,0.04039656794795559
39628443964411256,0.0,0.99,0.01,0.0,0.04039656794795559
39628459877600238,0.0,0.32,0.68,0.0,0.45219072886224687
39628411760544079,0.0,0.68,0.32,0.0,0.45219072886224687
39628411760543637,0.0,0.52,0.48,0.0,0.4994227679976009
39628427921198463,0.0,0.91,0.09,0.0,0.21823490853205144
39628433256354710,0.0,0.65,0.35,0.0,0.4670340276877455
39628454580195428,0.0,0.01,0.99,0.0,0.04039656794795559
39628459898570269,0.01,0.99,0.0,0.0,0.04039656794795559
39628465179202425,0.0,0.75,0.25,0.0,0.4056390622295664
39628459898568774,0.0,0.14,0.86,0.0,0.292119405821428
39628438633447931,0.0,0.25,0.75,0.0,0.4056390622295664
39628454584385550,0.0,0.02,0.98,0.0,0.07072027127091034
39628459869209224,0.0,0.13,0.87,0.0,0.2787190925139945
39628465179202158,0.0,0.1,0.9,0.0,0.2344977967946406
39628422556681556,0.0,0.07,0.93,0.0,0.18296182545011158
39628459902765450,0.0,0.29,0.71,0.0,0.43436062316970225
39628459902765440,0.0,0.94,0.06,0.0,0.16372245957723813
39628470443049073,0.0,0.0,0.87,0.13,0.2787190925139945
39628449295368442,0.0,0.0,0.85,0.15,0.3049201523582002
39628470443052199,0.0,0.0,0.99,0.01,0.04039656794795559
39628422556681245,0.0,0.17,0.83,0.0,0.32885238937210975
39628422556681006,0.0,0.9,0.1,0.0,0.2344977967946406
39628470426272618,0.0,0.78,0.22,0.0,0.38008375148098283
39628449282785552,0.0,0.59,0.41,0.0,0.488250234378912
39628459898569420,0.0,0.68,0.32,0.0,0.45219072886224687
39628438612479067,0.01,0.92,0.07,0.0,0.22283217282912027
39628459898569000,0.0,0.41,0.59,0.0,0.488250234378912
39628438616671321,0.0,0.68,0.32,0.0,0.45219072886224687
39628465175004534,0.0,0.14,0.86,0.0,0.292119405821428
39628438620869998,0.0,0.86,0.14,0.0,0.292119405821428
39628470443052262,0.0,0.69,0.31,0.0,0.4465867291889284
39628438620870014,0.0,0.16,0.84,0.0,0.3171547773202831
39628427921198375,0.0,0.15,0.85,0.0,0.3049201523582002
39628475698514747,0.0,0.56,0.44,0.0,0.4947937606110278
39628427921198497,0.0,0.75,0.25,0.0,0.4056390622295664
39628470426271940,0.0,0.08,0.92,0.0,0.2010895951011364
39628465179202350,0.0,0.76,0.24,0.0,0.39752013969226113
39628427917001272,0.0,0.92,0.08,0.0,0.2010895951011364
39628470451439677,0.0,0.81,0.19,0.0,0.3507357299419487
39628470438858961,0.0,0.72,0.28,0.0,0.4277254052800653
39628427921197938,0.0,0.9,0.1,0.0,0.2344977967946406
39628470438859019,0.0,0.77,0.23,0.0,0.38900565177326885
39628422552488586,0.0,0.01,0.97,0.02,0.11097036642660543
39628470443049168,0.0,0.67,0.33,0.0,0.4574631863898637
39628470451439337,0.0,0.9,0.1,0.0,0.2344977967946406
39628470451441305,0.0,0.06,0.94,0.0,0.16372245957723813
39628470443049056,0.0,0.07,0.93,0.0,0.18296182545011158
39628470443049188,0.0,0.21,0.79,0.0,0.37074136996563684
39628470443049265,0.0,0.87,0.13,0.0,0.2787190925139945
39628475698515794,0.0,0.67,0.33,0.0,0.4574631863898637
39628470443051461,0.0,0.87,0.13,0.0,0.2787190925139945
39628465179202980,0.0,0.99,0.01,0.0,0.04039656794795559
39628454605361605,0.0,0.83,0.17,0.0,0.32885238937210975
39628465179202081,0.01,0.99,0.0,0.0,0.04039656794795559
39628465179202460,0.0,0.12,0.88,0.0,0.2646804326436822
39628465179202827,0.0,0.69,0.31,0.0,0.4465867291889284
39628470443049719,0.0,0.63,0.37,0.0,0.47533604634353294
39628470451439318,0.0,0.41,0.59,0.0,0.488250234378912
39628443960214827,0.0,0.99,0.01,0.0,0.04039656794795559
39628443960214886,0.0,0.74,0.26,0.0,0.4133731862463089
39628443964408014,0.0,0.82,0.18,0.0,0.34003852286413994
39628454567611045,0.0,0.5,0.5,0.0,0.5
39628443956020830,0.0,0.82,0.18,0.0,0.34003852286413994
39628427921198635,0.0,0.93,0.07,0.0,0.18296182545011158
39628433294100194,0.0,0.35,0.65,0.0,0.4670340276877455
39628433294099732,0.0,0.99,0.01,0.0,0.04039656794795559
39628433294100105,0.0,1.0,0.0,0.0,-0.0
39628438641837132,0.0,0.1,0.9,0.0,0.2344977967946406
39628443972798917,0.0,0.9,0.1,0.0,0.2344977967946406
39628427921198018,0.0,0.68,0.32,0.0,0.45219072886224687
39628433294098646,0.0,0.53,0.47,0.0,0.4987007942838698
39628443976991125,0.0,0.0,0.98,0.02,0.07072027127091034
39628475698516175,0.0,0.66,0.34,0.0,0.46240935248651505
39628422556683141,0.02,0.97,0.01,0.0,0.11097036642660543
39628470438859664,0.0,0.62,0.38,0.0,0.47902101111314976
39628449299563626,0.01,0.99,0.0,0.0,0.04039656794795559
39628438641837681,0.0,0.89,0.11,0.0,0.249957979082264
39628443972798030,0.0,0.9,0.1,0.0,0.2344977967946406
39628438612478861,0.0,0.08,0.92,0.0,0.2010895951011364
39628411760544112,0.0,0.69,0.31,0.0,0.4465867291889284
39628433294100997,0.0,0.51,0.49,0.0,0.49985572087640495
39628475698516246,0.0,0.98,0.02,0.0,0.07072027127091034
39628422556681725,0.0,0.13,0.87,0.0,0.2787190925139945
39628465179202684,0.0,0.06,0.93,0.01,0.20367037270049304
39628422556681536,0.0,0.0,0.75,0.25,0.4056390622295664
39628422556681792,0.0,0.06,0.9,0.04,0.283045326517374
39628422556681387,0.0,0.91,0.09,0.0,0.21823490853205144
39628433294100255,0.0,0.94,0.06,0.0,0.16372245957723813
39628465179202801,0.0,0.35,0.65,0.0,0.4670340276877455
39628422556681633,0.0,0.05,0.95,0.0,0.14319847855797813
39628465183392012,0.0,0.42,0.58,0.0,0.49072694751682683
39628470438859336,0.0,0.96,0.04,0.0,0.12114609454120741
39628465179203195,0.0,0.02,0.97,0.01,0.11097036642660543
39628443947632682,0.0,0.54,0.46,0.0,0.49768921941011285
39628438641837184,0.0,0.54,0.46,0.0,0.49768921941011285
39628475698514486,0.0,0.83,0.17,0.0,0.32885238937210975
39628443976992274,0.0,0.93,0.07,0.0,0.18296182545011158
39628443976992105,0.0,0.69,0.31,0.0,0.4465867291889284
39628433294099688,0.0,0.86,0.14,0.0,0.292119405821428
39628438641837996,0.0,0.96,0.04,0.0,0.12114609454120741
39628465183392194,0.0,0.01,0.95,0.04,0.16124668093016215
39628465179201544,0.0,0.98,0.02,0.0,0.07072027127091034
39628454605360697,0.0,0.01,0.97,0.02,0.11097036642660543
39628465183392697,0.0,0.14,0.86,0.0,0.292119405821428
39628443947632565,0.0,0.63,0.37,0.0,0.47533604634353294
39628465179202140,0.0,0.49,0.51,0.0,0.49985572087640495
39628475698516602,0.0,0.75,0.25,0.0,0.4056390622295664
39628449295373075,0.0,0.82,0.18,0.0,0.34003852286413994
39628433243772177,0.0,0.89,0.11,0.0,0.249957979082264
39628443943440242,0.0,0.31,0.69,0.0,0.4465867291889284
39628427904422066,0.0,0.43,0.57,0.0,0.4929075185894599
39628449282788321,0.0,0.01,0.99,0.0,0.04039656794795559
39628459881792796,0.0,0.22,0.78,0.0,0.38008375148098283
39628443930855752,0.0,0.92,0.08,0.0,0.2010895951011364
39628459881793071,0.0,0.08,0.92,0.0,0.2010895951011364
39628454592778571,0.0,0.0,1.0,0.0,-0.0
39628470426274081,0.0,0.87,0.13,0.0,0.2787190925139945
39628470426274097,0.0,0.28,0.72,0.0,0.4277254052800653
39628449282785440,0.0,0.14,0.86,0.0,0.292119405821428
39628449286982450,0.0,0.97,0.03,0.0,0.0971959289157881
39628454592778425,0.0,0.81,0.19,0.0,0.3507357299419487
39628454592778418,0.0,0.92,0.08,0.0,0.2010895951011364
39628454584385611,0.0,0.93,0.07,0.0,0.18296182545011158
39628443976990962,0.0,0.73,0.27,0.0,0.42073231810408784
39628443972800656,0.0,0.04,0.96,0.0,0.12114609454120741
39628443972800634,0.0,0.31,0.69,0.0,0.4465867291889284
39628454605360113,0.0,0.61,0.39,0.0,0.4823997742525436
39628443947635570,0.0,0.52,0.48,0.0,0.4994227679976009
39628449295373089,0.0,0.86,0.14,0.0,0.292119405821428
39628459902764444,0.05,0.93,0.02,0.0,0.21317104534994366
39628459902764245,0.07,0.92,0.01,0.0,0.22283217282912027
39628475698514895,0.0,1.0,0.0,0.0,-0.0
39628470426274313,0.0,0.06,0.94,0.0,0.16372245957723813
39628454592777536,0.0,0.55,0.45,0.0,0.49638722699390414
39628454592777784,0.0,0.0,0.99,0.01,0.04039656794795559
39628443964411638,0.0,1.0,0.0,0.0,-0.0
39628465183391887,0.0,0.4,0.6,0.0,0.4854752972273343
39628454605360478,0.0,0.23,0.77,0.0,0.38900565177326885
39628459865015431,0.0,0.1,0.9,0.0,0.2344977967946406
39628443956021125,0.0,0.86,0.14,0.0,0.292119405821428
39628443956023144,0.0,0.59,0.41,0.0,0.488250234378912
39628449249235708,0.0,0.17,0.83,0.0,0.32885238937210975
39628443960215005,0.0,0.01,0.92,0.07,0.22283217282912027
39628459877601764,0.0,0.35,0.65,0.0,0.4670340276877455
39628449249235636,0.0,0.98,0.02,0.0,0.07072027127091034
39628449278594786,0.0,0.27,0.73,0.0,0.42073231810408784
39628449249231705,0.0,0.9,0.1,0.0,0.2344977967946406
39628443960215074,0.0,0.73,0.27,0.0,0.42073231810408784
39628459869209448,0.0,0.03,0.97,0.0,0.0971959289157881
39628459894376990,0.0,0.32,0.68,0.0,0.45219072886224687
39628454596970746,0.0,0.36,0.64,0.0,0.4713415946277461
39628443926663419,0.0,0.07,0.93,0.0,0.18296182545011158
39628459890180997,0.0,0.18,0.82,0.0,0.34003852286413994
39628443964409760,0.03,0.97,0.0,0.0,0.0971959289157881
39628417141837072,0.0,0.07,0.93,0.0,0.18296182545011158
39628459873407565,0.0,0.27,0.73,0.0,0.42073231810408784
39628417146029262,0.0,0.93,0.07,0.0,0.18296182545011158
39628443960213858,0.0,0.86,0.14,0.0,0.292119405821428
39628459877597968,0.0,0.46,0.54,0.0,0.49768921941011285
39628438633451475,0.0,0.18,0.82,0.0,0.34003852286413994
39628438633451288,0.0,0.95,0.05,0.0,0.14319847855797813
39628443930855612,0.0,0.24,0.76,0.0,0.39752013969226113
39628422527323390,0.0,0.02,0.98,0.0,0.07072027127091034
39628454588581858,0.0,0.03,0.97,0.0,0.0971959289157881
39628454567610720,0.0,0.03,0.97,0.0,0.0971959289157881
39628465166617669,0.0,0.34,0.66,0.0,0.46240935248651505
39628443943437261,0.0,0.84,0.16,0.0,0.3171547773202831
39628443943437270,0.0,0.03,0.97,0.0,0.0971959289157881
39628465166617521,0.0,0.85,0.15,0.0,0.3049201523582002
39628443930855628,0.0,0.43,0.57,0.0,0.4929075185894599
39628433285713765,0.0,0.95,0.05,0.0,0.14319847855797813
39628443930855641,0.0,0.45,0.55,0.0,0.49638722699390414
39628427887645781,0.0,0.82,0.18,0.0,0.34003852286413994
39628443930856425,0.0,0.0,0.92,0.08,0.2010895951011364
39628417146031005,0.0,0.59,0.41,0.0,0.488250234378912
39628438599896565,0.0,0.23,0.77,0.0,0.38900565177326885
39628454563418483,0.0,0.01,0.99,0.0,0.04039656794795559
39628443943436473,0.0,0.7,0.3,0.0,0.44064544961534635
39628427908613799,0.0,0.27,0.73,0.0,0.42073231810408784
39628454567610482,0.0,0.0,0.72,0.28,0.4277254052800653
39628427912810765,0.0,0.0,0.95,0.05,0.14319847855797813
39628465162424867,0.0,0.0,0.99,0.01,0.04039656794795559
39628443943437215,0.0,0.0,0.99,0.01,0.04039656794795559
39628454601162790,0.01,0.96,0.03,0.0,0.13737165703039006
39628443943437330,0.0,0.3,0.7,0.0,0.44064544961534635
39628427900226185,0.0,0.26,0.74,0.0,0.4133731862463089
39628433273127945,0.0,0.42,0.58,0.0,0.49072694751682683
39628438633447705,0.0,0.01,0.99,0.0,0.04039656794795559
39628459890184465,0.0,0.48,0.52,0.0,0.4994227679976009
39628422518936379,0.0,1.0,0.0,0.0,-0.0
39628427900226280,0.0,0.43,0.57,0.0,0.4929075185894599
39628470434664431,0.0,0.56,0.44,0.0,0.4947937606110278
39628459890184911,0.0,0.01,0.97,0.02,0.11097036642660543
39628459869211997,0.0,0.83,0.17,0.0,0.32885238937210975
39628470434664625,0.0,0.04,0.95,0.01,0.16124668093016215
39628459890185003,0.0,0.63,0.37,0.0,0.47533604634353294
39628438625063607,0.0,0.02,0.98,0.0,0.07072027127091034
39628427921195437,0.0,0.01,0.97,0.02,0.11097036642660543
39628443943440567,0.0,0.03,0.97,0.0,0.0971959289157881
39628443930855147,0.0,0.35,0.65,0.0,0.4670340276877455
39628438599897324,0.0,0.12,0.88,0.0,0.2646804326436822
39628438599897281,0.0,0.39,0.61,0.0,0.4823997742525436
39628459894377081,0.0,0.49,0.51,0.0,0.49985572087640495
39628443943439440,0.0,0.04,0.96,0.0,0.12114609454120741
39628443943438204,0.0,0.02,0.93,0.05,0.2131710453499437
39628438604087555,0.0,1.0,0.0,0.0,-0.0
39628454567609817,0.0,0.76,0.24,0.0,0.39752013969226113
39628454567610116,0.0,0.02,0.98,0.0,0.07072027127091034
39628443935051207,0.0,0.62,0.38,0.0,0.47902101111314976
39628443935049960,0.0,0.34,0.66,0.0,0.46240935248651505
39628454567609521,0.0,0.95,0.05,0.0,0.14319847855797813
39628454567609110,0.0,0.0,0.94,0.06,0.16372245957723813
39628443964410986,0.0,0.06,0.94,0.0,0.16372245957723813
39628459877601733,0.0,0.42,0.58,0.0,0.49072694751682683
39628443943437910,0.0,0.07,0.93,0.0,0.18296182545011158
39628454563417259,0.0,0.13,0.87,0.0,0.2787190925139945
39628465158226669,0.0,0.23,0.77,0.0,0.38900565177326885
39628454563417710,0.0,0.08,0.92,0.0,0.2010895951011364
39628470447248287,0.0,0.98,0.02,0.0,0.07072027127091034
39628459877600774,0.0,0.31,0.69,0.0,0.4465867291889284
39628438608283429,0.0,0.64,0.36,0.0,0.4713415946277461
39628454571807033,0.0,0.0,0.96,0.04,0.12114609454120741
39628465145647421,0.0,0.59,0.41,0.0,0.488250234378912
39628465145647280,0.0,0.25,0.75,0.0,0.4056390622295664
39628465145647233,0.0,0.78,0.22,0.0,0.38008375148098283
39628454571807169,0.0,0.01,0.99,0.0,0.04039656794795559
39628443964409828,0.0,0.98,0.02,0.0,0.07072027127091034
39628465145648072,0.0,0.58,0.42,0.0,0.49072694751682683
39628465154033786,0.0,0.28,0.72,0.0,0.4277254052800653
39628449291175795,0.01,0.96,0.03,0.0,0.13737165703039006
39628427908616056,0.0,0.27,0.73,0.0,0.42073231810408784
39628459873404190,0.0,0.08,0.92,0.0,0.2010895951011364
39628449282787006,0.0,0.73,0.27,0.0,0.42073231810408784
39628459885990367,0.0,0.35,0.65,0.0,0.4670340276877455
39628459873404004,0.0,0.08,0.92,0.0,0.2010895951011364
39628459869210092,0.0,0.49,0.51,0.0,0.49985572087640495
39628475694319617,0.0,0.71,0.29,0.0,0.43436062316970225
39628433264740012,0.0,0.89,0.11,0.0,0.249957979082264
39628459869210208,0.0,0.08,0.92,0.0,0.2010895951011364
39628465154033266,0.0,0.8,0.2,0.0,0.36096404744368116
39628427896033158,0.0,0.53,0.47,0.0,0.4987007942838698
39628470434665119,0.0,0.64,0.36,0.0,0.4713415946277461
39628454571807211,0.0,0.01,0.88,0.11,0.28950944366190023
39628454580193971,0.0,0.08,0.92,0.0,0.2010895951011364
39628454563414317,0.0,0.83,0.17,0.0,0.32885238937210975
39628459869209961,0.0,0.18,0.82,0.0,0.34003852286413994
39628454580193910,0.0,0.57,0.43,0.0,0.4929075185894599
39628443960213976,0.0,0.28,0.72,0.0,0.4277254052800653
39628443960214327,0.0,0.8,0.2,0.0,0.36096404744368116
39628443960214036,0.0,0.46,0.54,0.0,0.49768921941011285
39628433243769079,0.0,0.06,0.94,0.0,0.16372245957723813
39628433243769289,0.0,0.66,0.34,0.0,0.46240935248651505
39628422518933834,0.0,0.15,0.85,0.0,0.3049201523582002
39628422518933885,0.0,0.76,0.24,0.0,0.39752013969226113
39628422518934100,0.0,0.2,0.8,0.0,0.36096404744368116
39628454596970761,0.0,0.96,0.04,0.0,0.12114609454120741
39628417146029195,0.0,0.0,1.0,0.0,-0.0
39628449253425250,0.0,0.49,0.51,0.0,0.49985572087640495
39628459860823953,0.0,0.45,0.55,0.0,0.49638722699390414
39628459860823912,0.0,0.0,0.9,0.1,0.2344977967946406
39628438637644576,0.0,0.93,0.07,0.0,0.18296182545011158
39628427904423461,0.0,0.68,0.32,0.0,0.45219072886224687
39628454596972480,0.0,0.0,0.97,0.03,0.0971959289157881
39628427904420440,0.0,0.27,0.73,0.0,0.42073231810408784
39628417141836873,0.0,0.37,0.63,0.0,0.47533604634353294
39628438612477860,0.0,0.89,0.11,0.0,0.249957979082264
39628438612477593,0.0,0.09,0.91,0.0,0.21823490853205144
39628465154034327,0.0,0.12,0.88,0.0,0.2646804326436822
39628438612477504,0.0,0.67,0.33,0.0,0.4574631863898637
39628438612477275,0.0,0.0,0.99,0.01,0.04039656794795559
39628438620865941,0.0,0.87,0.13,0.0,0.2787190925139945
39628427887640832,0.0,0.66,0.34,0.0,0.46240935248651505
39628459890181189,0.0,0.08,0.92,0.0,0.2010895951011364
39628449249231763,0.0,0.19,0.81,0.0,0.3507357299419487
39628475698512683,0.0,0.5,0.5,0.0,0.5
39628443939242309,0.0,0.0,0.91,0.09,0.21823490853205144
39628475698512277,0.0,0.94,0.06,0.0,0.16372245957723813
39628459877601707,0.0,0.01,0.99,0.0,0.04039656794795559
39628427904422081,0.0,0.42,0.58,0.0,0.49072694751682683
39628465145646568,0.0,1.0,0.0,0.0,-0.0
39628427891834979,0.0,0.42,0.58,0.0,0.49072694751682683
39628454567610427,0.0,0.06,0.94,0.0,0.16372245957723813
39628438633451217,0.0,0.08,0.92,0.0,0.2010895951011364
39628470422080033,0.0,0.41,0.59,0.0,0.488250234378912
39628454596970333,0.0,0.29,0.71,0.0,0.43436062316970225
39628427887646015,0.0,0.06,0.93,0.01,0.20367037270049304
39628454563418285,0.0,0.49,0.51,0.0,0.49985572087640495
39628433281515886,0.0,0.75,0.25,0.0,0.4056390622295664
39628427904418156,0.0,0.93,0.07,0.0,0.18296182545011158
39628427908614081,0.0,0.75,0.25,0.0,0.4056390622295664
39628427904418140,0.0,0.69,0.31,0.0,0.4465867291889284
39628422518935730,0.0,0.27,0.73,0.0,0.42073231810408784
39628443968603314,0.0,0.57,0.43,0.0,0.4929075185894599
39628454563417355,0.0,0.8,0.2,0.0,0.36096404744368116
39628454563416981,0.0,0.53,0.47,0.0,0.4987007942838698
39628422518936248,0.0,0.6,0.4,0.0,0.4854752972273343
39628454576001862,0.0,0.08,0.92,0.0,0.2010895951011364
39628454563417715,0.0,0.17,0.83,0.0,0.32885238937210975
39628470447247990,0.0,0.54,0.46,0.0,0.49768921941011285
39628438612477187,0.0,0.69,0.31,0.0,0.4465867291889284
39628449257624404,0.0,0.85,0.15,0.0,0.3049201523582002
39628443947632046,0.0,0.08,0.91,0.01,0.24088153359695552
39628449295368849,0.0,1.0,0.0,0.0,-0.0
39628449295368843,0.0,0.78,0.22,0.0,0.38008375148098283
39628438612477176,0.0,0.9,0.1,0.0,0.2344977967946406
39628449257624138,0.0,0.31,0.69,0.0,0.4465867291889284
39628443960215928,0.0,0.58,0.42,0.0,0.49072694751682683
39628443956021431,0.0,0.09,0.91,0.0,0.21823490853205144
39628443960215717,0.0,0.38,0.62,0.0,0.47902101111314976
39628470438857161,0.0,0.85,0.15,0.0,0.3049201523582002
39628459873404142,0.0,0.05,0.92,0.03,0.239266955218135
39628459873404372,0.0,0.41,0.59,0.0,0.488250234378912
39628470434663186,0.0,0.96,0.04,0.0,0.12114609454120741
39628470438856616,0.0,0.34,0.66,0.0,0.46240935248651505
39628459860821449,0.0,0.27,0.73,0.0,0.42073231810408784
39628449295368660,0.0,0.41,0.59,0.0,0.488250234378912
39628454563416199,0.0,0.16,0.84,0.0,0.3171547773202831
39628454559226351,0.0,0.99,0.01,0.0,0.04039656794795559
39628427896033101,0.0,0.36,0.64,0.0,0.4713415946277461
39628427896033097,0.0,0.41,0.59,0.0,0.488250234378912
39628449261813931,0.0,0.15,0.85,0.0,0.3049201523582002
39628454559226007,0.0,0.1,0.9,0.0,0.2344977967946406
39628438612478564,0.0,1.0,0.0,0.0,-0.0
39628454596970615,0.0,0.15,0.85,0.0,0.3049201523582002
39628417141835527,0.0,0.95,0.05,0.0,0.14319847855797813
39628433243769287,0.0,0.58,0.42,0.0,0.49072694751682683
39628438595701824,0.0,0.07,0.93,0.0,0.18296182545011158
39628438612477728,0.0,0.88,0.12,0.0,0.2646804326436822
39628427904423209,0.0,0.47,0.53,0.0,0.4987007942838698
39628465154034856,0.0,0.49,0.51,0.0,0.49985572087640495
39628438612477878,0.0,0.45,0.55,0.0,0.49638722699390414
39628417158612802,0.0,0.15,0.85,0.0,0.3049201523582002
39628438612477001,0.0,0.05,0.95,0.0,0.14319847855797813
39628449261814526,0.0,0.0,0.97,0.03,0.0971959289157881
39628449261814096,0.0,0.0,0.94,0.06,0.16372245957723813
39628422548294511,0.0,0.09,0.91,0.0,0.21823490853205144
39628449295370905,0.0,0.99,0.01,0.0,0.04039656794795559
39628475698512242,0.0,0.29,0.71,0.0,0.43436062316970225
39628465154034947,0.0,0.29,0.71,0.0,0.43436062316970225
39628422548294249,0.0,0.01,0.99,0.0,0.04039656794795559
39628438633451589,0.0,0.79,0.21,0.0,0.37074136996563684
39628454584386429,0.0,0.8,0.2,0.0,0.36096404744368116
39628433264741040,0.0,0.85,0.15,0.0,0.3049201523582002
39628438633447724,0.0,0.02,0.98,0.0,0.07072027127091034
39628443960214894,0.0,0.03,0.97,0.0,0.0971959289157881
39628427929586524,0.0,0.58,0.42,0.0,0.49072694751682683
39628417133448959,0.0,0.54,0.46,0.0,0.49768921941011285
39628427929587666,0.0,0.39,0.61,0.0,0.4823997742525436
39628438633451721,0.0,0.24,0.76,0.0,0.39752013969226113
39628417141837531,0.0,0.06,0.94,0.0,0.16372245957723813
39628422531514982,0.0,0.71,0.29,0.0,0.43436062316970225
39628433281518559,0.0,0.96,0.04,0.0,0.12114609454120741
39628438633451619,0.0,1.0,0.0,0.0,-0.0
39628417146031175,0.0,0.25,0.75,0.0,0.4056390622295664
39628438629253185,0.0,0.79,0.21,0.0,0.37074136996563684
39628443943439595,0.0,0.04,0.96,0.0,0.12114609454120741
39628449253425583,0.0,0.55,0.45,0.0,0.49638722699390414
39628427900228475,0.0,0.23,0.77,0.0,0.38900565177326885
39628443943439698,0.0,0.89,0.11,0.0,0.249957979082264
39628449253428108,0.0,0.99,0.01,0.0,0.04039656794795559
39628459873404154,0.0,0.53,0.47,0.0,0.4987007942838698
39628427900228151,0.0,0.0,0.84,0.16,0.3171547773202831
39628438637642386,0.0,0.9,0.1,0.0,0.2344977967946406
39628427900228412,0.0,0.09,0.91,0.0,0.21823490853205144
39628427900228341,0.0,0.42,0.58,0.0,0.49072694751682683
39628427900228157,0.0,0.97,0.03,0.0,0.0971959289157881
39628433289908489,0.0,0.58,0.42,0.0,0.49072694751682683
39628454567613404,0.0,0.0,0.98,0.02,0.07072027127091034
39628465166618299,0.0,0.06,0.94,0.0,0.16372245957723813
39628443964408539,0.0,0.02,0.97,0.01,0.11097036642660543
39628465166617013,0.0,0.01,0.98,0.01,0.08072027127091033
39628454592775451,0.0,0.96,0.04,0.0,0.12114609454120741
39628449282786542,0.0,0.5,0.5,0.0,0.5
39628427904420046,0.0,0.11,0.89,0.0,0.249957979082264
39628433289906188,0.0,0.9,0.1,0.0,0.2344977967946406
39628443960214825,0.0,0.75,0.25,0.0,0.4056390622295664
39628433289906181,0.0,0.71,0.29,0.0,0.43436062316970225
39628454584388991,0.0,0.2,0.8,0.0,0.36096404744368116
39628454584388932,0.0,1.0,0.0,0.0,-0.0
39628422523126783,0.0,0.03,0.97,0.0,0.0971959289157881
39628433243769073,0.0,0.41,0.59,0.0,0.488250234378912
39628449278593438,0.0,0.95,0.05,0.0,0.14319847855797813
39628427904420223,0.0,0.02,0.98,0.0,0.07072027127091034
39628427921199090,0.0,0.41,0.59,0.0,0.488250234378912
39628449295371918,0.0,0.77,0.23,0.0,0.38900565177326885
39628433247966355,0.0,0.08,0.92,0.0,0.2010895951011364
39628459865017056,0.0,0.47,0.53,0.0,0.4987007942838698
39628422527324745,0.0,0.4,0.6,0.0,0.4854752972273343
39628470438858842,0.0,0.63,0.37,0.0,0.47533604634353294
39628433273129195,0.0,0.11,0.87,0.02,0.3189789351681142
39628427904418150,0.0,0.19,0.81,0.0,0.3507357299419487
39628459860821625,0.0,0.0,1.0,0.0,-0.0
39628459873404230,0.0,0.08,0.92,0.0,0.2010895951011364
39628454601165571,0.0,1.0,0.0,0.0,-0.0
39628459873404429,0.0,0.0,1.0,0.0,-0.0
39628449282786387,0.0,0.71,0.29,0.0,0.43436062316970225
39628427904418240,0.0,0.88,0.12,0.0,0.2646804326436822
39628427904418087,0.0,0.06,0.94,0.0,0.16372245957723813
39628443960213764,0.0,0.38,0.62,0.0,0.47902101111314976
39628465162424544,0.0,0.41,0.59,0.0,0.488250234378912
39628443956023546,0.0,0.62,0.38,0.0,0.47902101111314976
39628422523131177,0.0,0.05,0.95,0.0,0.14319847855797813
39628465162424225,0.0,0.06,0.94,0.0,0.16372245957723813
39628459877598255,0.0,0.67,0.33,0.0,0.4574631863898637
39628443947631452,0.0,0.5,0.5,0.0,0.5
39628459877599437,0.0,0.46,0.54,0.0,0.49768921941011285
39628427891837671,0.0,0.13,0.87,0.0,0.2787190925139945
39628427912810299,0.0,0.91,0.09,0.0,0.21823490853205144
39628459877602239,0.0,0.78,0.22,0.0,0.38008375148098283
39628422518935242,0.0,0.62,0.38,0.0,0.47902101111314976
39628459877602546,0.0,0.29,0.71,0.0,0.43436062316970225
39628459869209790,0.0,0.03,0.96,0.01,0.13737165703039006
39628427891837897,0.0,0.46,0.54,0.0,0.49768921941011285
39628427891839203,0.0,0.96,0.04,0.0,0.12114609454120741
39628465154033826,0.0,0.04,0.96,0.0,0.12114609454120741
39628459877598013,0.0,0.36,0.64,0.0,0.4713415946277461
39628449291175797,0.0,0.48,0.52,0.0,0.4994227679976009
39628443947631272,0.0,0.08,0.92,0.0,0.2010895951011364
39628449286980221,0.0,0.08,0.92,0.0,0.2010895951011364
39628454580193694,0.0,0.09,0.91,0.0,0.21823490853205144
39628454596971083,0.0,0.73,0.27,0.0,0.42073231810408784
39628449245041118,0.0,0.6,0.4,0.0,0.4854752972273343
39628433243769416,0.0,0.66,0.34,0.0,0.46240935248651505
39628427883450948,0.0,0.81,0.19,0.0,0.3507357299419487
39628433260547401,0.0,0.74,0.26,0.0,0.4133731862463089
39628433243768540,0.0,0.94,0.06,0.0,0.16372245957723813
39628433243768907,0.0,0.4,0.6,0.0,0.4854752972273343
39628427904422988,0.0,0.09,0.91,0.0,0.21823490853205144
39628459877599715,0.0,0.19,0.81,0.0,0.3507357299419487
39628438591506827,0.0,0.89,0.11,0.0,0.249957979082264
39628449249231668,0.0,0.94,0.06,0.0,0.16372245957723813
39628433285711890,0.0,0.0,0.97,0.03,0.0971959289157881
39628438591506917,0.0,0.19,0.81,0.0,0.3507357299419487
39628427904422215,0.0,0.14,0.86,0.0,0.292119405821428
39628438591508803,0.0,0.05,0.95,0.0,0.14319847855797813
39628449286980388,0.0,0.19,0.81,0.0,0.3507357299419487
39628449286980291,0.0,0.95,0.05,0.0,0.14319847855797813
39628454580193320,0.0,0.01,0.99,0.0,0.04039656794795559
39628459877599805,0.0,0.43,0.57,0.0,0.4929075185894599
39628454580193234,0.0,0.0,0.53,0.47,0.4987007942838698
39628449291175997,0.0,0.36,0.64,0.0,0.4713415946277461
39628427921199348,0.0,0.05,0.95,0.0,0.14319847855797813
39628427912810986,0.0,0.76,0.24,0.0,0.39752013969226113
39628427891837522,0.0,0.91,0.09,0.0,0.21823490853205144
39628427912811009,0.0,0.07,0.93,0.0,0.18296182545011158
39628470422080498,0.0,0.43,0.57,0.0,0.4929075185894599
39628422518935393,0.0,0.9,0.1,0.0,0.2344977967946406
39628422544101635,0.0,0.87,0.13,0.0,0.2787190925139945
39628454605359649,0.0,0.96,0.04,0.0,0.12114609454120741
39628470438858453,0.0,0.95,0.05,0.0,0.14319847855797813
39628443956024056,0.0,0.89,0.11,0.0,0.249957979082264
39628443956023978,0.0,0.4,0.6,0.0,0.4854752972273343
39628427887640713,0.0,0.46,0.54,0.0,0.49768921941011285
39628433243768328,0.0,0.13,0.87,0.0,0.2787190925139945
39628449286980287,0.0,0.8,0.2,0.0,0.36096404744368116
39628465158228714,0.0,0.21,0.79,0.0,0.37074136996563684
39628470426276070,0.01,0.98,0.01,0.0,0.08072027127091033
39628470426276341,0.0,0.75,0.25,0.0,0.4056390622295664
39628449291174608,0.0,0.37,0.63,0.0,0.47533604634353294
39628433264741017,0.0,0.21,0.79,0.0,0.37074136996563684
39628465158228302,0.0,0.43,0.57,0.0,0.4929075185894599
39628459894375547,0.01,0.99,0.0,0.0,0.04039656794795559
39628433289907702,0.0,1.0,0.0,0.0,-0.0
39628427900228137,0.0,0.19,0.81,0.0,0.3507357299419487
39628465145646965,0.0,0.11,0.89,0.0,0.249957979082264
39628470426276887,0.0,0.8,0.2,0.0,0.36096404744368116
39628454605357741,0.0,0.28,0.72,0.0,0.4277254052800653
39628449286980100,0.0,0.49,0.51,0.0,0.49985572087640495
39628443964411509,0.0,0.16,0.84,0.0,0.3171547773202831
39628443951829179,0.0,0.81,0.19,0.0,0.3507357299419487
39628454584386468,0.0,0.0,0.98,0.02,0.07072027127091034
39628454596969716,0.0,0.19,0.81,0.0,0.3507357299419487
39628411747962335,0.0,0.55,0.45,0.0,0.49638722699390414
39628411747962334,0.0,0.95,0.05,0.0,0.14319847855797813
39628443926660911,0.0,0.85,0.15,0.0,0.3049201523582002
39628449286980257,0.0,0.54,0.46,0.0,0.49768921941011285
39628443926661207,0.0,0.01,0.9,0.09,0.2579475764741046
39628443926661135,0.0,0.94,0.06,0.0,0.16372245957723813
39628459860820125,0.0,0.15,0.85,0.0,0.3049201523582002
39628443926661139,0.0,0.6,0.4,0.0,0.4854752972273343
39628459881793310,0.0,0.54,0.46,0.0,0.49768921941011285
39628454605359718,0.0,1.0,0.0,0.0,-0.0
39628465158228478,0.0,1.0,0.0,0.0,-0.0
39628475694321842,0.0,1.0,0.0,0.0,-0.0
39628465145643181,0.01,0.99,0.0,0.0,0.04039656794795559
39628470438856228,0.0,0.52,0.48,0.0,0.4994227679976009
39628454584386065,0.01,0.95,0.04,0.0,0.16124668093016215
39628417158614752,0.0,0.05,0.94,0.01,0.1832231322266888
39628465149837578,0.0,0.43,0.57,0.0,0.4929075185894599
39628438591509316,0.0,0.11,0.89,0.0,0.249957979082264
39628417158614665,0.0,0.66,0.34,0.0,0.46240935248651505
39628449291178121,0.0,0.07,0.92,0.01,0.22283217282912027
39628454575999455,0.0,0.17,0.83,0.0,0.32885238937210975
39628443947631491,0.0,0.25,0.75,0.0,0.4056390622295664
39628470438856322,0.0,0.88,0.12,0.0,0.2646804326436822
39628459865015092,0.0,0.35,0.65,0.0,0.4670340276877455
39628427904422312,0.0,0.27,0.73,0.0,0.42073231810408784
39628449291176778,0.0,0.78,0.22,0.0,0.38008375148098283
39628438625063720,0.0,0.21,0.79,0.0,0.37074136996563684
39628470438856657,0.0,0.97,0.03,0.0,0.0971959289157881
39628465158226683,0.0,0.75,0.25,0.0,0.4056390622295664
39628427891834958,0.0,0.64,0.36,0.0,0.4713415946277461
39628427904422328,0.0,0.32,0.68,0.0,0.45219072886224687
39628454563417953,0.0,0.69,0.31,0.0,0.4465867291889284
39628470447246335,0.0,0.4,0.6,0.0,0.4854752972273343
39628443951830374,0.0,0.85,0.15,0.0,0.3049201523582002
39628449261815129,0.0,0.0,0.52,0.48,0.4994227679976009
39628427891838509,0.0,0.08,0.92,0.0,0.2010895951011364
39628454563417449,0.0,0.7,0.3,0.0,0.44064544961534635
39628470447246855,0.0,0.83,0.17,0.0,0.32885238937210975
39628449261815803,0.0,0.14,0.86,0.0,0.292119405821428
39628465145646454,0.0,0.96,0.04,0.0,0.12114609454120741
39628443968605402,0.0,0.54,0.46,0.0,0.49768921941011285
39628470447246526,0.0,0.16,0.84,0.0,0.3171547773202831
39628470438856249,0.0,0.09,0.91,0.0,0.21823490853205144
39628459898569317,0.0,0.02,0.97,0.01,0.11097036642660543
39628454575999462,0.0,0.0,1.0,0.0,-0.0
39628433243771157,0.0,0.76,0.24,0.0,0.39752013969226113
39628470422081616,0.0,0.79,0.21,0.0,0.37074136996563684
39628454563416423,0.0,0.46,0.54,0.0,0.49768921941011285
39628465145643905,0.0,0.71,0.29,0.0,0.43436062316970225
39628449278594615,0.0,0.51,0.49,0.0,0.49985572087640495
39628443960213948,0.0,0.64,0.36,0.0,0.4713415946277461
39628454584388816,0.03,0.97,0.0,0.0,0.0971959289157881
39628422518934167,0.0,0.95,0.05,0.0,0.14319847855797813
39628422518933861,0.0,0.75,0.25,0.0,0.4056390622295664
39628422518934187,0.0,0.66,0.34,0.0,0.46240935248651505
39628433260546215,0.0,0.29,0.71,0.0,0.43436062316970225
39628454567612412,0.0,0.02,0.98,0.0,0.07072027127091034
39628427904422759,0.0,0.27,0.73,0.0,0.42073231810408784
39628443930854749,0.0,0.07,0.93,0.0,0.18296182545011158
39628454559224477,0.0,0.13,0.87,0.0,0.2787190925139945
39628449261814703,0.0,0.33,0.67,0.0,0.4574631863898637
39628470417886282,0.0,1.0,0.0,0.0,-0.0
39628470417885824,0.0,0.46,0.54,0.0,0.49768921941011285
39628470417885825,0.0,0.56,0.44,0.0,0.4947937606110278
39628427904422496,0.0,0.44,0.56,0.0,0.4947937606110278
39628443968605395,0.0,0.71,0.29,0.0,0.43436062316970225
39628465145648197,0.0,0.63,0.37,0.0,0.47533604634353294
39628449261814917,0.02,0.98,0.0,0.0,0.07072027127091034
39628454559224865,0.0,0.96,0.04,0.0,0.12114609454120741
39628449282786689,0.0,1.0,0.0,0.0,-0.0
39628470426271976,0.0,0.79,0.21,0.0,0.37074136996563684
39628475685933714,0.0,0.81,0.19,0.0,0.3507357299419487
39628470443054441,0.0,0.77,0.23,0.0,0.38900565177326885
39628470443054489,0.0,0.87,0.13,0.0,0.2787190925139945
39628470443054918,0.0,0.67,0.33,0.0,0.4574631863898637
39628470447243386,0.0,0.82,0.18,0.0,0.34003852286413994
39628470422083653,0.0,0.56,0.44,0.0,0.4947937606110278
39628443956020703,0.0,0.95,0.05,0.0,0.14319847855797813
39628449249234945,0.0,0.0,0.95,0.05,0.14319847855797813
39628438616676493,0.0,0.7,0.3,0.0,0.44064544961534635
39628459873403600,0.0,0.1,0.9,0.0,0.2344977967946406
39628470422080886,0.0,0.55,0.45,0.0,0.49638722699390414
39628470443053485,0.0,0.96,0.04,0.0,0.12114609454120741
39628465145646768,0.0,0.63,0.37,0.0,0.47533604634353294
39628470447244475,0.0,0.95,0.05,0.0,0.14319847855797813
39628470443054791,0.0,0.53,0.47,0.0,0.4987007942838698
39628470443054794,0.0,0.53,0.47,0.0,0.4987007942838698
39628475690125838,0.0,0.46,0.54,0.0,0.49768921941011285
39628475690125714,0.0,0.31,0.69,0.0,0.4465867291889284
39628470447244387,0.0,0.99,0.01,0.0,0.04039656794795559
39628470447243977,0.0,0.76,0.24,0.0,0.39752013969226113
39628470447244487,0.0,0.99,0.01,0.0,0.04039656794795559
39628470447243312,0.0,0.62,0.38,0.0,0.47902101111314976
39628475690124494,0.0,0.76,0.24,0.0,0.39752013969226113
39628465183393217,0.0,0.96,0.04,0.0,0.12114609454120741
39628475694320907,0.0,1.0,0.0,0.0,-0.0
39628475690124844,0.0,0.74,0.26,0.0,0.4133731862463089
39628465183393163,0.0,0.16,0.84,0.0,0.3171547773202831
39628422552488031,0.0,0.97,0.03,0.0,0.0971959289157881
39628422552488056,0.0,0.79,0.21,0.0,0.37074136996563684
39628449282787736,0.0,0.0,0.97,0.03,0.0971959289157881
39628454563416122,0.0,0.31,0.69,0.0,0.4465867291889284
39628454580194732,0.0,0.12,0.88,0.0,0.2646804326436822
39628470438857830,0.0,0.71,0.29,0.0,0.43436062316970225
39628475690127152,0.0,0.65,0.35,0.0,0.4670340276877455
39628475698512489,0.0,0.78,0.22,0.0,0.38008375148098283
39628475690124077,0.0,0.63,0.37,0.0,0.47533604634353294
39628470422082141,0.0,0.68,0.32,0.0,0.45219072886224687
39628475690126937,0.0,0.36,0.64,0.0,0.4713415946277461
39628475690127326,0.0,0.14,0.86,0.0,0.292119405821428
39628470422081439,0.0,0.98,0.02,0.0,0.07072027127091034
39628475690128397,0.3,0.7,0.0,0.0,0.44064544961534635
39628475690128337,0.0,0.31,0.69,0.0,0.4465867291889284
39628475690127733,0.0,0.87,0.13,0.0,0.2787190925139945
39628475690124066,0.03,0.95,0.02,0.0,0.1674722434193448
39628475690127556,0.0,0.23,0.77,0.0,0.38900565177326885
39628475690127274,0.0,0.86,0.14,0.0,0.292119405821428
39628465145644033,0.0,0.84,0.16,0.0,0.3171547773202831
39628459856630142,0.0,0.63,0.37,0.0,0.47533604634353294
39628475690124590,0.0,0.19,0.81,0.0,0.3507357299419487
39628459856629901,0.0,0.68,0.32,0.0,0.45219072886224687
39628470417887794,0.0,0.92,0.08,0.0,0.2010895951011364
39628470426273154,0.0,0.98,0.02,0.0,0.07072027127091034
39628470447243988,0.0,0.48,0.52,0.0,0.4994227679976009
39628438616671474,0.0,0.37,0.63,0.0,0.47533604634353294
39628470447244885,0.0,1.0,0.0,0.0,-0.0
39628470447246772,0.0,0.98,0.02,0.0,0.07072027127091034
39628454559222067,0.0,0.36,0.64,0.0,0.4713415946277461
39628470417885303,0.0,0.95,0.05,0.0,0.14319847855797813
39628470417885368,0.0,0.65,0.35,0.0,0.4670340276877455
39628470447246391,0.0,0.9,0.1,0.0,0.2344977967946406
39628465145643997,0.0,0.6,0.4,0.0,0.4854752972273343
39628465145643488,0.0,0.06,0.94,0.0,0.16372245957723813
39628470447244633,0.01,0.95,0.04,0.0,0.16124668093016215
39628470417885459,0.0,0.01,0.92,0.07,0.22283217282912027
39628459898572935,0.0,0.95,0.05,0.0,0.14319847855797813
39628459898572853,0.0,0.21,0.79,0.0,0.37074136996563684
39628470451440245,0.16,0.84,0.0,0.0,0.3171547773202831
39628459902763047,0.0,0.81,0.19,0.0,0.3507357299419487
39628475685934201,0.0,0.97,0.03,0.0,0.0971959289157881
39628470422081383,0.0,0.34,0.66,0.0,0.46240935248651505
39628475690124372,0.0,1.0,0.0,0.0,-0.0
39628475690127407,0.0,0.86,0.14,0.0,0.292119405821428
39628475690123433,0.0,1.0,0.0,0.0,-0.0
39628475690123418,0.02,0.98,0.0,0.0,0.07072027127091034
39628449295371689,0.0,0.22,0.77,0.01,0.4186777986697226
39628475690127174,0.0,1.0,0.0,0.0,-0.0
39628470447243494,0.0,0.64,0.36,0.0,0.4713415946277461
39628475685934404,0.0,0.54,0.46,0.0,0.49768921941011285
39628475685934345,0.0,0.93,0.07,0.0,0.18296182545011158
39628475690125356,0.01,0.98,0.01,0.0,0.08072027127091033
39628470417886180,0.0,1.0,0.0,0.0,-0.0
39628470447247515,0.0,1.0,0.0,0.0,-0.0
39628470417886167,0.0,0.5,0.5,0.0,0.5
39628470447247264,0.0,0.77,0.23,0.0,0.38900565177326885
39628470447247174,0.0,0.91,0.09,0.0,0.21823490853205144
39628470447247097,0.0,0.25,0.75,0.0,0.4056390622295664
39628470447247166,0.01,0.98,0.01,0.0,0.08072027127091033
39628470447246963,0.0,0.72,0.28,0.0,0.4277254052800653
39628470447246621,0.0,0.33,0.67,0.0,0.4574631863898637
39628470447246707,0.0,0.99,0.01,0.0,0.04039656794795559
39628465149840159,0.0,0.05,0.95,0.0,0.14319847855797813
39628465149840245,0.0,0.51,0.49,0.0,0.49985572087640495
39628438633447783,0.0,0.35,0.65,0.0,0.4670340276877455
39628433264741154,0.0,0.01,0.96,0.03,0.13737165703039006
39628433289908733,0.0,0.0,0.99,0.01,0.04039656794795559
39628443972797957,0.0,0.63,0.37,0.0,0.47533604634353294
39628454559224620,0.0,0.17,0.83,0.0,0.32885238937210975
39628454567611940,0.0,0.33,0.67,0.0,0.4574631863898637
39628470447246263,0.0,0.97,0.03,0.0,0.0971959289157881
39628470447246343,0.0,0.47,0.53,0.0,0.4987007942838698
39628459898569584,0.0,0.36,0.64,0.0,0.4713415946277461
39628459873403530,0.0,0.49,0.51,0.0,0.49985572087640495
39628427896032978,0.0,0.19,0.81,0.0,0.3507357299419487
39628459898571857,0.0,0.53,0.47,0.0,0.4987007942838698
39628449253425397,0.0,0.0,0.95,0.05,0.14319847855797813
39628427904420561,0.0,0.68,0.32,0.0,0.45219072886224687
39628454567612115,0.0,0.07,0.93,0.0,0.18296182545011158
39628459898571748,0.0,0.33,0.67,0.0,0.4574631863898637
39628475685933858,0.01,0.93,0.06,0.0,0.20367037270049304
39628475685933710,0.0,0.9,0.1,0.0,0.2344977967946406
39628475685933551,0.0,0.16,0.84,0.0,0.3171547773202831
39628422548295498,0.0,0.12,0.88,0.0,0.2646804326436822
39628470447248757,0.0,0.71,0.29,0.0,0.43436062316970225
39628454563415347,0.0,0.99,0.01,0.0,0.04039656794795559
39628470438858786,0.0,0.15,0.85,0.0,0.3049201523582002
39628438604088908,0.0,0.82,0.18,0.0,0.34003852286413994
39628449286980796,0.0,0.03,0.97,0.0,0.0971959289157881
39628449261815124,0.0,0.0,0.63,0.37,0.47533604634353294
39628443976991301,0.0,1.0,0.0,0.0,-0.0
39628443972800101,0.0,1.0,0.0,0.0,-0.0
39628459873403926,0.0,0.05,0.95,0.0,0.14319847855797813
39628443972800011,0.0,0.1,0.9,0.0,0.2344977967946406
39628443972800673,0.0,0.23,0.77,0.0,0.38900565177326885
39628470447248734,0.0,0.61,0.39,0.0,0.4823997742525436
39628475694321956,0.0,0.93,0.07,0.0,0.18296182545011158
39628470422081508,0.0,0.27,0.73,0.0,0.42073231810408784
39628470443054240,0.0,0.51,0.49,0.0,0.49985572087640495
39628475694318736,0.0,0.84,0.16,0.0,0.3171547773202831
39628449286980754,0.0,0.01,0.99,0.0,0.04039656794795559
39628459856629494,0.0,1.0,0.0,0.0,-0.0
39628449286980675,0.0,0.76,0.24,0.0,0.39752013969226113
39628459856628489,0.0,0.39,0.61,0.0,0.4823997742525436
39628449295372091,0.0,0.97,0.03,0.0,0.0971959289157881
39628470443054180,0.0,0.76,0.24,0.0,0.39752013969226113
39628475685932340,0.04,0.96,0.0,0.0,0.12114609454120741
39628438612477054,0.0,0.87,0.13,0.0,0.2787190925139945
39628443960213775,0.0,0.96,0.04,0.0,0.12114609454120741
39628459865017280,0.0,0.07,0.93,0.0,0.18296182545011158
39628443947631159,0.0,0.93,0.07,0.0,0.18296182545011158
39628454571804315,0.0,0.12,0.88,0.0,0.2646804326436822
39628438612477013,0.0,0.72,0.28,0.0,0.4277254052800653
39628465145646209,0.0,0.02,0.98,0.0,0.07072027127091034
39628443956023328,0.0,0.29,0.71,0.0,0.43436062316970225
39628454596971152,0.0,0.04,0.95,0.01,0.16124668093016215
39628438591509164,0.0,0.02,0.98,0.0,0.07072027127091034
39628438591505941,0.0,0.36,0.64,0.0,0.4713415946277461
39628422531517775,0.0,0.74,0.26,0.0,0.4133731862463089
39628433243768199,0.0,0.21,0.79,0.0,0.37074136996563684
39628449245040942,0.0,0.02,0.98,0.0,0.07072027127091034
39628438591505674,0.0,0.43,0.57,0.0,0.4929075185894599
39628454563415326,0.0,0.98,0.02,0.0,0.07072027127091034
39628470426271889,0.0,0.99,0.01,0.0,0.04039656794795559
39628475694320931,0.02,0.95,0.03,0.0,0.1674722434193448
39628427891838066,0.0,0.66,0.34,0.0,0.46240935248651505
39628427891838081,0.0,0.22,0.78,0.0,0.38008375148098283
39628417162806680,0.0,0.99,0.01,0.0,0.04039656794795559
39628454563416220,0.0,0.34,0.66,0.0,0.46240935248651505
39628443960216448,0.0,0.31,0.69,0.0,0.4465867291889284
39628470451438685,0.0,0.51,0.49,0.0,0.49985572087640495
39628459856628822,0.0,0.96,0.04,0.0,0.12114609454120741
39628470438858085,0.0,0.17,0.83,0.0,0.32885238937210975
39628470451440468,0.0,0.24,0.76,0.0,0.39752013969226113
39628438616672171,0.0,0.42,0.58,0.0,0.49072694751682683
39628459856630667,0.0,0.37,0.63,0.0,0.47533604634353294
39628443951829880,0.0,0.99,0.01,0.0,0.04039656794795559
39628449274399644,0.0,0.74,0.26,0.0,0.4133731862463089
39628475681735645,0.0,0.75,0.25,0.0,0.4056390622295664
39628454559221658,0.0,0.05,0.94,0.01,0.1832231322266888
39628475681735959,0.0,0.46,0.54,0.0,0.49768921941011285
39628443951830208,0.0,0.45,0.55,0.0,0.49638722699390414
39628465141451705,0.0,0.94,0.06,0.0,0.16372245957723813
39628465141451753,0.0,0.99,0.01,0.0,0.04039656794795559
39628454559221734,0.0,0.66,0.34,0.0,0.46240935248651505
39628459856628586,0.0,0.7,0.3,0.0,0.44064544961534635
39628470417884778,0.0,0.25,0.75,0.0,0.4056390622295664
39628470417887901,0.0,0.99,0.01,0.0,0.04039656794795559
39628449261814066,0.0,0.0,1.0,0.0,-0.0
39628454559221559,0.0,0.24,0.76,0.0,0.39752013969226113
39628465141453007,0.0,0.97,0.03,0.0,0.0971959289157881
39628459869213769,0.0,0.84,0.16,0.0,0.3171547773202831
39628454559221935,0.0,0.08,0.92,0.0,0.2010895951011364
39628475690125154,0.07,0.92,0.01,0.0,0.22283217282912027
39628470447245667,0.0,0.38,0.62,0.0,0.47902101111314976
39628465145643504,0.0,0.27,0.73,0.0,0.42073231810408784
39628465141453176,0.0,0.84,0.16,0.0,0.3171547773202831
39628454559221011,0.0,0.69,0.31,0.0,0.4465867291889284
39628470417888085,0.0,0.97,0.03,0.0,0.0971959289157881
39628449274400892,0.02,0.98,0.0,0.0,0.07072027127091034
39628465158228814,0.0,0.05,0.94,0.01,0.1832231322266888
39628465141453304,0.0,0.97,0.03,0.0,0.0971959289157881
39628480937199721,0.0,0.85,0.15,0.0,0.3049201523582002
39628475685933388,0.0,0.57,0.43,0.0,0.4929075185894599
39628475685933065,0.0,0.54,0.46,0.0,0.49768921941011285
39628475685932579,0.01,0.99,0.0,0.0,0.04039656794795559
39628475694322030,0.0,0.74,0.26,0.0,0.4133731862463089
39628475694321667,0.0,0.99,0.01,0.0,0.04039656794795559
39628465141453069,0.0,0.98,0.02,0.0,0.07072027127091034
39628465141453216,0.0,1.0,0.0,0.0,-0.0
39628475681735053,0.0,0.93,0.07,0.0,0.18296182545011158
39628475690125597,0.0,0.6,0.4,0.0,0.4854752972273343
39628465145643323,0.0,0.61,0.39,0.0,0.4823997742525436
39628470417888069,0.0,0.8,0.2,0.0,0.36096404744368116
39628475681736801,0.0,0.91,0.09,0.0,0.21823490853205144
39628459856628037,0.0,0.37,0.63,0.0,0.47533604634353294
39628427929584202,0.0,0.88,0.12,0.0,0.2646804326436822
39628443972798158,0.0,0.99,0.01,0.0,0.04039656794795559
39628433289906771,0.0,0.01,0.99,0.0,0.04039656794795559
39628443951828771,0.0,0.55,0.45,0.0,0.49638722699390414
39628438620866262,0.0,0.71,0.29,0.0,0.43436062316970225
39628438591505593,0.0,0.1,0.88,0.02,0.30368177794258344
39628443926661385,0.0,0.26,0.74,0.0,0.4133731862463089
39628454563415922,0.0,0.06,0.94,0.0,0.16372245957723813
39628470443054149,0.0,0.04,0.96,0.0,0.12114609454120741
39628470443054047,0.0,0.89,0.11,0.0,0.249957979082264
39628470422078094,0.0,0.92,0.08,0.0,0.2010895951011364
39628443922469970,0.0,0.51,0.49,0.0,0.49985572087640495
39628470417887766,0.0,0.96,0.04,0.0,0.12114609454120741
39628465158228787,0.0,0.86,0.14,0.0,0.292119405821428
39628480937202317,0.0,0.98,0.02,0.0,0.07072027127091034
39628470417884011,0.0,0.99,0.01,0.0,0.04039656794795559
39628449282789226,0.0,0.38,0.62,0.0,0.47902101111314976
39628443935051122,0.0,0.77,0.23,0.0,0.38900565177326885
39628422544098037,0.0,0.72,0.28,0.0,0.4277254052800653
39628454580195581,0.0,0.95,0.05,0.0,0.14319847855797813
39628438620866965,0.0,0.87,0.13,0.0,0.2787190925139945
39628465162423835,0.0,0.04,0.96,0.0,0.12114609454120741
39628454596969058,0.0,0.15,0.85,0.0,0.3049201523582002
39628433281516206,0.0,0.01,0.99,0.0,0.04039656794795559
39628465149843369,0.0,0.07,0.93,0.0,0.18296182545011158
39628433264739954,0.0,0.02,0.98,0.0,0.07072027127091034
39628465166617887,0.0,0.16,0.84,0.0,0.3171547773202831
39628427896031714,0.0,0.72,0.28,0.0,0.4277254052800653
39628422523128021,0.0,0.2,0.8,0.0,0.36096404744368116
39628443956021316,0.0,0.88,0.12,0.0,0.2646804326436822
39628438599894914,0.0,0.21,0.79,0.0,0.37074136996563684
39628427887644524,0.0,0.6,0.4,0.0,0.4854752972273343
39628443960215385,0.0,0.27,0.73,0.0,0.42073231810408784
39628427921197694,0.0,0.01,0.98,0.01,0.08072027127091033
39628470438858284,0.0,0.39,0.61,0.0,0.4823997742525436
39628454563417216,0.0,0.99,0.01,0.0,0.04039656794795559
39628454563419351,0.0,0.08,0.92,0.0,0.2010895951011364
39628449295370771,0.0,0.25,0.75,0.0,0.4056390622295664
39628427896034387,0.0,0.15,0.85,0.0,0.3049201523582002
39628465154032053,0.0,0.11,0.89,0.0,0.249957979082264
39628438616672251,0.0,0.49,0.51,0.0,0.49985572087640495
39628438616672222,0.0,0.24,0.76,0.0,0.39752013969226113
39628449282786988,0.0,0.92,0.08,0.0,0.2010895951011364
39628427896034266,0.0,0.19,0.81,0.0,0.3507357299419487
39628438616672203,0.0,0.18,0.82,0.0,0.34003852286413994
39628443939242278,0.0,0.0,0.66,0.34,0.46240935248651505
39628443956020215,0.0,0.48,0.52,0.0,0.4994227679976009
39628443956020328,0.0,0.19,0.81,0.0,0.3507357299419487
39628427887645039,0.0,0.58,0.42,0.0,0.49072694751682683
39628443956021545,0.0,0.05,0.95,0.0,0.14319847855797813
39628465179201256,0.0,0.99,0.01,0.0,0.04039656794795559
39628443947632012,0.0,0.81,0.19,0.0,0.3507357299419487
39628443943437525,0.0,0.06,0.94,0.0,0.16372245957723813
39628449299562804,0.0,0.88,0.12,0.0,0.2646804326436822
39628454601165337,0.0,0.98,0.02,0.0,0.07072027127091034
39628470451439216,0.0,0.58,0.42,0.0,0.49072694751682683
39628459860821604,0.0,0.38,0.62,0.0,0.47902101111314976
39628433243769612,0.0,0.88,0.12,0.0,0.2646804326436822
39628433243769695,0.0,0.23,0.77,0.0,0.38900565177326885
39628427904417881,0.0,0.67,0.33,0.0,0.4574631863898637
39628470438858153,0.0,0.31,0.69,0.0,0.4465867291889284
39628417146031141,0.0,0.31,0.69,0.0,0.4465867291889284
39628443956020538,0.0,0.52,0.48,0.0,0.4994227679976009
39628459869211315,0.04,0.96,0.0,0.0,0.12114609454120741
39628443956020865,0.0,0.96,0.04,0.0,0.12114609454120741
39628417146031008,0.0,0.47,0.53,0.0,0.4987007942838698
39628438620869837,0.0,0.22,0.78,0.0,0.38008375148098283
39628417146031183,0.0,0.68,0.32,0.0,0.45219072886224687
39628427921197874,0.0,0.32,0.68,0.0,0.45219072886224687
39628422527320224,0.0,0.0,0.97,0.03,0.0971959289157881
39628438641836683,0.0,0.95,0.05,0.0,0.14319847855797813
39628449291174895,0.0,0.0,1.0,0.0,-0.0
39628433294099569,0.0,0.75,0.25,0.0,0.4056390622295664
39628433294099432,0.0,0.97,0.03,0.0,0.0971959289157881
39628449270207628,0.0,0.76,0.24,0.0,0.39752013969226113
39628438641836571,0.0,0.52,0.48,0.0,0.4994227679976009
39628438641836721,0.0,0.97,0.03,0.0,0.0971959289157881
39628417141836513,0.0,0.87,0.13,0.0,0.2787190925139945
39628438641837290,0.0,0.8,0.2,0.0,0.36096404744368116
39628438641837356,0.01,0.99,0.0,0.0,0.04039656794795559
39628449278593316,0.0,0.98,0.02,0.0,0.07072027127091034
39628438616673056,0.0,0.64,0.36,0.0,0.4713415946277461
39628449295370894,0.0,0.41,0.59,0.0,0.488250234378912
39628449295370837,0.0,0.02,0.98,0.0,0.07072027127091034
39628427904420557,0.0,0.19,0.81,0.0,0.3507357299419487
39628443972799310,0.0,0.7,0.3,0.0,0.44064544961534635
39628438616673468,0.0,0.38,0.62,0.0,0.47902101111314976
39628454601165614,0.0,0.19,0.81,0.0,0.3507357299419487
39628454601165692,0.0,0.17,0.83,0.0,0.32885238937210975
39628454601165645,0.0,0.09,0.91,0.0,0.21823490853205144
39628438616673430,0.0,0.91,0.09,0.0,0.21823490853205144
39628465179201001,0.0,0.0,1.0,0.0,-0.0
39628443939242361,0.0,0.11,0.89,0.0,0.249957979082264
39628433294098953,0.02,0.96,0.02,0.0,0.14114609454120738
39628433294099108,0.0,1.0,0.0,0.0,-0.0
39628438641838328,0.0,0.02,0.95,0.03,0.1674722434193448
39628449299563165,0.0,0.99,0.01,0.0,0.04039656794795559
39628459894379087,0.0,0.62,0.38,0.0,0.47902101111314976
39628465179201281,0.0,0.23,0.77,0.0,0.38900565177326885
39628411743768035,0.0,0.15,0.85,0.0,0.3049201523582002
39628454605360728,0.0,0.12,0.88,0.0,0.2646804326436822
39628449295372820,0.0,0.48,0.52,0.0,0.4994227679976009
39628443960215066,0.0,0.07,0.93,0.0,0.18296182545011158
39628465162424213,0.0,1.0,0.0,0.0,-0.0
39628449295368493,0.0,0.28,0.72,0.0,0.4277254052800653
39628454596968744,0.0,0.4,0.6,0.0,0.4854752972273343
39628433285713032,0.0,0.31,0.69,0.0,0.4465867291889284
39628454571804604,0.0,0.38,0.62,0.0,0.47902101111314976
39628454596968773,0.0,0.87,0.13,0.0,0.2787190925139945
39628454571804736,0.0,0.41,0.59,0.0,0.488250234378912
39628454571804494,0.0,0.85,0.15,0.0,0.3049201523582002
39628449270207280,0.0,0.56,0.44,0.0,0.4947937606110278
39628443947631553,0.0,1.0,0.0,0.0,-0.0
39628422548293573,0.02,0.98,0.0,0.0,0.07072027127091034
39628454596968725,0.0,0.11,0.89,0.0,0.249957979082264
39628438641836993,0.0,0.83,0.17,0.0,0.32885238937210975
39628459873405211,0.0,0.77,0.23,0.0,0.38900565177326885
39628459873405510,0.0,0.1,0.9,0.0,0.2344977967946406
39628427891839951,0.0,0.91,0.09,0.0,0.21823490853205144
39628459873404588,0.0,0.21,0.79,0.0,0.37074136996563684
39628459873404526,0.0,0.11,0.89,0.0,0.249957979082264
39628443960216796,0.0,0.57,0.43,0.0,0.4929075185894599
39628443960216759,0.0,0.41,0.59,0.0,0.488250234378912
39628443968605349,0.0,0.52,0.48,0.0,0.4994227679976009
39628443960216810,0.0,0.89,0.11,0.0,0.249957979082264
39628449295368406,0.0,0.98,0.02,0.0,0.07072027127091034
39628454605359834,0.0,0.93,0.07,0.0,0.18296182545011158
39628454605359932,0.0,0.45,0.55,0.0,0.49638722699390414
39628449295372524,0.0,0.38,0.62,0.0,0.47902101111314976
39628470426276122,0.02,0.8,0.18,0.0,0.40786360680260925
39628449270207398,0.0,0.59,0.41,0.0,0.488250234378912
39628443972798750,0.0,0.38,0.62,0.0,0.47902101111314976
39628454596968899,0.0,0.09,0.91,0.0,0.21823490853205144
39628459860820460,0.0,0.16,0.84,0.0,0.3171547773202831
39628443951828352,0.0,0.47,0.53,0.0,0.4987007942838698
39628417146030709,0.0,0.04,0.96,0.0,0.12114609454120741
39628454605359662,0.0,0.77,0.23,0.0,0.38900565177326885
39628427933778178,0.0,0.05,0.95,0.0,0.14319847855797813
39628443976991648,0.0,0.7,0.3,0.0,0.44064544961534635
39628443976991629,0.0,0.48,0.52,0.0,0.4994227679976009
39628459865015189,0.0,0.02,0.97,0.01,0.11097036642660543
39628443976993038,0.0,1.0,0.0,0.0,-0.0
39628443951830291,0.0,0.77,0.23,0.0,0.38900565177326885
39628454601166752,0.0,0.05,0.95,0.0,0.14319847855797813
39628454601166778,0.0,0.19,0.81,0.0,0.3507357299419487
39628454601166809,0.0,0.03,0.97,0.0,0.0971959289157881
39628422539905610,0.0,0.78,0.22,0.0,0.38008375148098283
39628454601166822,0.0,0.1,0.9,0.0,0.2344977967946406
39628454601166836,0.0,0.11,0.89,0.0,0.249957979082264
39628422539905566,0.0,0.57,0.43,0.0,0.4929075185894599
39628454601166891,0.0,0.9,0.1,0.0,0.2344977967946406
39628454601166976,0.0,0.15,0.85,0.0,0.3049201523582002
39628454592777316,0.0,0.92,0.08,0.0,0.2010895951011364
39628454592777642,0.0,0.99,0.01,0.0,0.04039656794795559
39628443960217844,0.0,0.67,0.33,0.0,0.4574631863898637
39628454592777482,0.0,0.0,1.0,0.0,-0.0
39628454592777603,0.0,0.0,0.79,0.21,0.37074136996563684
39628438599895164,0.0,0.29,0.71,0.0,0.43436062316970225
39628449291178279,0.0,0.0,1.0,0.0,-0.0
39628427921198162,0.0,0.21,0.79,0.0,0.37074136996563684
39628449291176503,0.0,0.4,0.6,0.0,0.4854752972273343
39628433260545608,0.0,0.0,0.99,0.01,0.04039656794795559
39628470426274781,0.0,0.32,0.68,0.0,0.45219072886224687
39628433260546133,0.0,0.49,0.51,0.0,0.49985572087640495
39628459869208783,0.0,0.92,0.08,0.0,0.2010895951011364
39628454592775863,0.0,0.01,0.99,0.0,0.04039656794795559
39628459873404401,0.0,0.03,0.96,0.01,0.13737165703039006
39628459869208888,0.0,0.16,0.84,0.0,0.3171547773202831
39628449295368829,0.0,0.63,0.37,0.0,0.47533604634353294
39628449295368705,0.0,0.47,0.53,0.0,0.4987007942838698
39628459856630117,0.0,1.0,0.0,0.0,-0.0
39628422523127086,0.0,0.72,0.28,0.0,0.4277254052800653
39628443968603126,0.0,0.59,0.41,0.0,0.488250234378912
39628443968603242,0.0,0.6,0.4,0.0,0.4854752972273343
39628443968603275,0.0,0.1,0.9,0.0,0.2344977967946406
39628475690127539,0.0,0.99,0.01,0.0,0.04039656794795559
39628443947633611,0.0,0.3,0.7,0.0,0.44064544961534635
39628449291176529,0.0,0.46,0.54,0.0,0.49768921941011285
39628454576000296,0.0,0.01,0.99,0.0,0.04039656794795559
39628470451442041,0.24,0.76,0.0,0.0,0.39752013969226113
39628470443053229,0.0,0.88,0.12,0.0,0.2646804326436822
39628470451441823,0.0,0.73,0.27,0.0,0.42073231810408784
39628470451439117,0.0,0.99,0.01,0.0,0.04039656794795559
39628443972800563,0.01,0.91,0.08,0.0,0.24088153359695552
39628470451441041,0.0,0.88,0.12,0.0,0.2646804326436822
39628470451438869,0.0,0.64,0.36,0.0,0.4713415946277461
39628470451438928,0.0,0.86,0.14,0.0,0.292119405821428
39628470443049886,0.0,0.96,0.04,0.0,0.12114609454120741
39628470451441661,0.0,0.89,0.11,0.0,0.249957979082264
39628475698512687,0.0,0.89,0.11,0.0,0.249957979082264
39628475698513237,0.0,0.02,0.98,0.0,0.07072027127091034
39628438612478514,0.0,0.01,0.99,0.0,0.04039656794795559
39628449291176727,0.0,0.37,0.63,0.0,0.47533604634353294
39628470422077786,0.0,0.84,0.16,0.0,0.3171547773202831
39628470447245157,0.0,0.62,0.38,0.0,0.47902101111314976
39628475690126023,0.0,0.96,0.04,0.0,0.12114609454120741
39628470447244517,0.01,0.95,0.04,0.0,0.16124668093016215
39628449295372723,0.0,0.51,0.49,0.0,0.49985572087640495
39628470451441669,0.0,0.73,0.27,0.0,0.42073231810408784
39628470443051894,0.0,0.43,0.57,0.0,0.4929075185894599
39628475690126950,0.01,0.94,0.05,0.0,0.1832231322266888
39628470447248421,0.01,0.96,0.03,0.0,0.13737165703039006
39628470447248514,0.0,0.82,0.18,0.0,0.34003852286413994
39628470447248523,0.0,0.91,0.09,0.0,0.21823490853205144
39628470422082616,0.0,0.83,0.17,0.0,0.32885238937210975
39628470443052097,0.0,1.0,0.0,0.0,-0.0
39628480937201007,0.0,0.94,0.06,0.0,0.16372245957723813
39628475706906797,0.0,0.99,0.01,0.0,0.04039656794795559
39628470422082434,0.0,0.42,0.58,0.0,0.49072694751682683
39628422556684261,0.0,0.65,0.35,0.0,0.4670340276877455
39628417141837145,0.0,0.93,0.07,0.0,0.18296182545011158
39628454601167084,0.0,0.25,0.75,0.0,0.4056390622295664
39628417137641127,0.0,0.12,0.88,0.0,0.2646804326436822
39628454601166852,0.0,0.62,0.38,0.0,0.47902101111314976
39628422523125958,0.0,0.45,0.55,0.0,0.49638722699390414
39628454588583227,0.0,0.2,0.79,0.01,0.39974188986867043
39628422556683908,0.0,0.27,0.73,0.0,0.42073231810408784
39628422556683371,0.0,0.99,0.01,0.0,0.04039656794795559
39628433294099041,0.0,0.88,0.12,0.0,0.2646804326436822
39628422523126816,0.0,0.83,0.17,0.0,0.32885238937210975
39628465183392784,0.0,1.0,0.0,0.0,-0.0
39628422556681948,0.0,0.0,1.0,0.0,-0.0
39628449299563494,0.01,0.98,0.01,0.0,0.08072027127091033
39628475698511940,0.0,0.14,0.86,0.0,0.292119405821428
39628470451441926,0.0,0.81,0.19,0.0,0.3507357299419487
39628470451442689,0.0,0.99,0.01,0.0,0.04039656794795559
39628422556683494,0.0,0.31,0.69,0.0,0.4465867291889284
39628475698515778,0.0,0.27,0.73,0.0,0.42073231810408784
39628475698515619,0.0,0.22,0.78,0.0,0.38008375148098283
39628459902765077,0.01,0.85,0.14,0.0,0.33142210248480686
39628459902765096,0.0,0.58,0.42,0.0,0.49072694751682683
39628470451441324,0.0,0.53,0.47,0.0,0.4987007942838698
39628475698515480,0.0,0.97,0.03,0.0,0.0971959289157881
39628475690127496,0.0,0.75,0.25,0.0,0.4056390622295664
39628470447247928,0.0,0.95,0.05,0.0,0.14319847855797813
39628475690127843,0.0,0.96,0.04,0.0,0.12114609454120741
39628459898571908,0.02,0.97,0.01,0.0,0.11097036642660543
39628475698514982,0.0,0.92,0.08,0.0,0.2010895951011364
39628470451439654,0.0,0.83,0.17,0.0,0.32885238937210975
39628480941393796,0.0,0.96,0.04,0.0,0.12114609454120741
39628480933007156,0.0,0.69,0.31,0.0,0.4465867291889284
39628475681738231,0.0,0.81,0.19,0.0,0.3507357299419487
39628465183394158,0.0,0.89,0.11,0.0,0.249957979082264
39628459856626170,0.0,0.99,0.01,0.0,0.04039656794795559
39628449278595394,0.0,0.84,0.16,0.0,0.3171547773202831
39628449282788851,0.05,0.93,0.02,0.0,0.21317104534994366
39628443964407879,0.0,0.31,0.69,0.0,0.4465867291889284
39628470417888826,0.01,0.98,0.01,0.0,0.08072027127091033
39628438616672304,0.0,0.43,0.57,0.0,0.4929075185894599
39628443951830196,0.0,0.59,0.41,0.0,0.488250234378912
39628449245041061,0.0,0.19,0.81,0.0,0.3507357299419487
39628438633451359,0.0,0.55,0.45,0.0,0.49638722699390414
39628443951826933,0.0,0.15,0.85,0.0,0.3049201523582002
39628443951826868,0.0,0.67,0.33,0.0,0.4574631863898637
39628449295370421,0.0,1.0,0.0,0.0,-0.0
39628470426273901,0.0,0.74,0.26,0.0,0.4133731862463089
39628475694320923,0.0,0.94,0.06,0.0,0.16372245957723813
39628443960217479,0.0,0.98,0.02,0.0,0.07072027127091034
39628470451440562,0.0,0.53,0.47,0.0,0.4987007942838698
39628470438858548,0.0,0.79,0.21,0.0,0.37074136996563684
39628454605360049,0.0,1.0,0.0,0.0,-0.0
39628475698513983,0.0,0.31,0.69,0.0,0.4465867291889284
39628470451439973,0.0,0.56,0.44,0.0,0.4947937606110278
39628470422078103,0.0,0.82,0.18,0.0,0.34003852286413994
39628449274400326,0.0,0.22,0.78,0.0,0.38008375148098283
39628438591505166,0.0,0.93,0.07,0.0,0.18296182545011158
39628470417887107,0.0,0.44,0.56,0.0,0.4947937606110278
39628449295372698,0.0,0.06,0.94,0.0,0.16372245957723813
39628465183394064,0.0,1.0,0.0,0.0,-0.0
39628465145643221,0.0,0.46,0.54,0.0,0.49768921941011285
39628454559221170,0.0,0.74,0.26,0.0,0.4133731862463089
39628475694319942,0.0,0.91,0.09,0.0,0.21823490853205144
39628475694320415,0.0,0.53,0.47,0.0,0.4987007942838698
39628475698513686,0.0,0.8,0.2,0.0,0.36096404744368116
39628470447247472,0.0,0.89,0.11,0.0,0.249957979082264
39628470417883872,0.0,1.0,0.0,0.0,-0.0
39628475681737942,0.0,0.91,0.09,0.0,0.21823490853205144
39628470443054052,0.0,0.01,0.99,0.0,0.04039656794795559
39628454592777365,0.0,0.0,1.0,0.0,-0.0
39628438616672534,0.0,0.55,0.45,0.0,0.49638722699390414
39628449299563620,0.0,0.49,0.51,0.0,0.49985572087640495
39628470455632298,0.0,0.86,0.14,0.0,0.292119405821428
39628459898571830,0.0,0.33,0.67,0.0,0.4574631863898637
39628443956021132,0.0,0.71,0.29,0.0,0.43436062316970225
39628443956021375,0.0,0.09,0.91,0.0,0.21823490853205144
39628443956021345,0.0,0.02,0.98,0.0,0.07072027127091034
39628443956021170,0.0,0.57,0.43,0.0,0.4929075185894599
39628438641838615,0.0,0.03,0.97,0.0,0.0971959289157881
39628443976992980,0.0,0.01,0.99,0.0,0.04039656794795559
39628470443051388,0.0,0.49,0.51,0.0,0.49985572087640495
39628475698514262,0.0,0.94,0.06,0.0,0.16372245957723813
39628470422082012,0.0,0.82,0.18,0.0,0.34003852286413994
39628449295372860,0.02,0.96,0.02,0.0,0.14114609454120738
39628475706905945,0.0,0.95,0.05,0.0,0.14319847855797813
39628443976992914,0.0,0.63,0.37,0.0,0.47533604634353294
39628443976992814,0.0,0.9,0.1,0.0,0.2344977967946406
39628475681738287,0.03,0.95,0.02,0.0,0.1674722434193448
39628480941394976,0.0,1.0,0.0,0.0,-0.0
39628459902764436,0.15,0.85,0.0,0.0,0.3049201523582002
39628459902764672,0.0,1.0,0.0,0.0,-0.0
39628443922466496,0.0,0.86,0.14,0.0,0.292119405821428
39628411739572476,0.01,0.99,0.0,0.0,0.04039656794795559
39628459856626388,0.0,0.98,0.02,0.0,0.07072027127091034
39628454555028201,0.02,0.98,0.0,0.0,0.07072027127091034
39628454580193554,0.0,0.3,0.7,0.0,0.44064544961534635
39628438599894405,0.0,0.62,0.38,0.0,0.47902101111314976
39628465158227424,0.0,0.36,0.64,0.0,0.4713415946277461
39628465158227315,0.0,0.28,0.72,0.0,0.4277254052800653
39628465149838655,0.0,0.0,0.99,0.01,0.04039656794795559
39628459865019464,0.0,0.41,0.59,0.0,0.488250234378912
39628454559225710,0.0,0.6,0.4,0.0,0.4854752972273343
39628443968604116,0.0,0.0,1.0,0.0,-0.0
39628454563414789,0.0,0.16,0.84,0.0,0.3171547773202831
39628417146028804,0.0,0.07,0.93,0.0,0.18296182545011158
39628459865019205,0.0,0.14,0.86,0.0,0.292119405821428
39628443943440223,0.0,0.62,0.38,0.0,0.47902101111314976
39628459865019299,0.0,0.24,0.76,0.0,0.39752013969226113
39628449253427209,0.0,0.01,0.99,0.0,0.04039656794795559
39628433273127161,0.0,0.07,0.93,0.0,0.18296182545011158
39628411752153879,0.0,0.94,0.06,0.0,0.16372245957723813
39628470422083785,0.0,0.06,0.94,0.0,0.16372245957723813
39628411756352013,0.0,0.97,0.03,0.0,0.0971959289157881
39628411756348586,0.0,0.54,0.46,0.0,0.49768921941011285
39628427912810554,0.0,0.95,0.05,0.0,0.14319847855797813
39628427912809211,0.0,0.85,0.15,0.0,0.3049201523582002
39628411756348902,0.0,0.65,0.35,0.0,0.4670340276877455
39628449253430097,0.0,0.13,0.87,0.0,0.2787190925139945
39628454592774770,0.0,0.96,0.04,0.0,0.12114609454120741
39628411756348563,0.0,0.62,0.38,0.0,0.47902101111314976
39628433252158110,0.0,0.0,0.79,0.21,0.37074136996563684
39628449253429966,0.0,0.94,0.06,0.0,0.16372245957723813
39628427912809549,0.0,0.05,0.95,0.0,0.14319847855797813
39628449253429276,0.0,0.03,0.97,0.0,0.0971959289157881
39628438625061642,0.0,0.6,0.4,0.0,0.4854752972273343
39628417141838084,0.0,0.12,0.88,0.0,0.2646804326436822
39628427912811004,0.0,0.71,0.29,0.0,0.43436062316970225
39628422544097327,0.0,0.6,0.4,0.0,0.4854752972273343
39628417137640988,0.0,0.44,0.56,0.0,0.4947937606110278
39628433264738362,0.0,0.76,0.24,0.0,0.39752013969226113
39628454601166653,0.0,0.41,0.59,0.0,0.488250234378912
39628454588580393,0.0,0.04,0.96,0.0,0.12114609454120741
39628454588580665,0.0,0.12,0.88,0.0,0.2646804326436822
39628411756350403,0.0,0.69,0.31,0.0,0.4465867291889284
39628454563414279,0.0,0.64,0.36,0.0,0.4713415946277461
39628454592776756,0.0,0.05,0.95,0.0,0.14319847855797813
39628459877600790,0.0,0.47,0.53,0.0,0.4987007942838698
39628427887645592,0.0,0.03,0.97,0.0,0.0971959289157881
39628427887645508,0.0,0.46,0.54,0.0,0.49768921941011285
39628454571803439,0.0,0.37,0.63,0.0,0.47533604634353294
39628433260544782,0.0,0.27,0.73,0.0,0.42073231810408784
39628459881794090,0.0,0.3,0.7,0.0,0.44064544961534635
39628417146028936,0.0,0.0,0.98,0.02,0.07072027127091034
39628411756350421,0.0,0.48,0.52,0.0,0.4994227679976009
39628465175004530,0.0,0.04,0.96,0.0,0.12114609454120741
39628417158616484,0.0,0.14,0.86,0.0,0.292119405821428
39628465175003657,0.0,0.33,0.67,0.0,0.4574631863898637
39628449257619914,0.0,0.85,0.15,0.0,0.3049201523582002
39628459894377605,0.0,0.28,0.72,0.0,0.4277254052800653
39628459894377633,0.0,1.0,0.0,0.0,-0.0
39628459894377651,0.0,0.04,0.96,0.0,0.12114609454120741
39628459894377685,0.0,0.04,0.96,0.0,0.12114609454120741
39628459894377793,0.0,0.72,0.28,0.0,0.4277254052800653
39628411756348731,0.0,0.41,0.59,0.0,0.488250234378912
39628465175004006,0.0,1.0,0.0,0.0,-0.0
39628443930855160,0.0,0.09,0.91,0.0,0.21823490853205144
39628459885991203,0.0,0.02,0.96,0.02,0.14114609454120738
39628433285712389,0.0,0.31,0.69,0.0,0.4465867291889284
39628449257622693,0.0,0.04,0.96,0.0,0.12114609454120741
39628449278594144,0.0,0.11,0.89,0.0,0.249957979082264
39628454596970753,0.0,0.73,0.27,0.0,0.42073231810408784
39628454584387473,0.0,0.04,0.96,0.0,0.12114609454120741
39628454584387467,0.0,0.81,0.19,0.0,0.3507357299419487
39628454596970727,0.0,0.01,0.99,0.0,0.04039656794795559
39628449266008373,0.0,0.0,0.99,0.01,0.04039656794795559
39628465166616010,0.0,0.32,0.68,0.0,0.45219072886224687
39628465162423443,0.01,0.85,0.14,0.0,0.33142210248480686
39628465162423485,0.0,0.27,0.73,0.0,0.42073231810408784
39628422531519267,0.0,0.68,0.32,0.0,0.45219072886224687
39628449257623112,0.0,0.42,0.58,0.0,0.49072694751682683
39628465162423191,0.0,0.59,0.41,0.0,0.488250234378912
39628427917004933,0.0,0.98,0.02,0.0,0.07072027127091034
39628427921195493,0.0,0.59,0.41,0.0,0.488250234378912
39628449266011222,0.0,0.94,0.06,0.0,0.16372245957723813
39628465162423388,0.0,0.82,0.18,0.0,0.34003852286413994
39628449266010804,0.0,0.72,0.28,0.0,0.4277254052800653
39628449266010675,0.0,0.72,0.28,0.0,0.4277254052800653
39628438633448570,0.0,0.57,0.43,0.0,0.4929075185894599
39628422531519453,0.0,0.9,0.1,0.0,0.2344977967946406
39628449257622423,0.0,0.19,0.81,0.0,0.3507357299419487
39628427917003853,0.0,0.48,0.52,0.0,0.4994227679976009
39628449257622397,0.0,0.22,0.78,0.0,0.38008375148098283
39628465162423059,0.0,0.09,0.91,0.0,0.21823490853205144
39628449257619622,0.0,0.43,0.57,0.0,0.4929075185894599
39628417150222616,0.0,0.85,0.15,0.0,0.3049201523582002
39628459865015881,0.0,0.37,0.63,0.0,0.47533604634353294
39628422531519285,0.0,0.02,0.98,0.0,0.07072027127091034
39628465166615778,0.0,0.9,0.1,0.0,0.2344977967946406
39628449253429838,0.0,0.03,0.96,0.01,0.13737165703039006
39628465162423562,0.0,0.07,0.93,0.0,0.18296182545011158
39628449253429363,0.0,0.14,0.86,0.0,0.292119405821428
39628427917004045,0.0,0.34,0.66,0.0,0.46240935248651505
39628465162422724,0.0,0.21,0.79,0.0,0.37074136996563684
39628422531515902,0.0,0.11,0.89,0.0,0.249957979082264
39628433260546316,0.0,0.45,0.55,0.0,0.49638722699390414
39628459877601937,0.0,0.39,0.61,0.0,0.4823997742525436
39628438595700066,0.0,0.67,0.33,0.0,0.4574631863898637
39628454575996969,0.0,0.08,0.92,0.0,0.2010895951011364
39628465149837776,0.0,0.86,0.14,0.0,0.292119405821428
39628454592774695,0.0,0.26,0.74,0.0,0.4133731862463089
39628454592774629,0.0,0.31,0.69,0.0,0.4465867291889284
39628454588585273,0.02,0.98,0.0,0.0,0.07072027127091034
39628454571807181,0.0,0.09,0.91,0.0,0.21823490853205144
39628454588585221,0.0,0.79,0.21,0.0,0.37074136996563684
39628454571806951,0.0,0.11,0.89,0.0,0.249957979082264
39628454571806817,0.0,0.01,0.98,0.01,0.08072027127091033
39628454571806517,0.02,0.45,0.53,0.0,0.5583622277539378
39628422544100349,0.0,0.56,0.44,0.0,0.4947937606110278
39628454588584436,0.0,0.41,0.59,0.0,0.488250234378912
39628454575998349,0.0,0.98,0.02,0.0,0.07072027127091034
39628438595701860,0.0,0.03,0.97,0.0,0.0971959289157881
39628433252157099,0.0,0.21,0.79,0.0,0.37074136996563684
39628433252157306,0.0,0.05,0.95,0.0,0.14319847855797813
39628427904423303,0.0,0.94,0.06,0.0,0.16372245957723813
39628459877598924,0.0,0.03,0.97,0.0,0.0971959289157881
39628433256350558,0.0,0.05,0.95,0.0,0.14319847855797813
39628443943441428,0.0,0.44,0.56,0.0,0.4947937606110278
39628465166619504,0.0,0.06,0.94,0.0,0.16372245957723813
39628465166619770,0.0,0.08,0.92,0.0,0.2010895951011364
39628465166619775,0.0,0.0,0.97,0.03,0.0971959289157881
39628465166620000,0.01,0.96,0.03,0.0,0.13737165703039006
39628433256352872,0.0,0.49,0.51,0.0,0.49985572087640495
39628433256352962,0.0,0.37,0.63,0.0,0.47533604634353294
39628465166620018,0.0,0.92,0.08,0.0,0.2010895951011364
39628449291175288,0.0,0.66,0.34,0.0,0.46240935248651505
39628465166620024,0.0,0.08,0.92,0.0,0.2010895951011364
39628465149842748,0.0,0.02,0.96,0.02,0.14114609454120738
39628422531519724,0.03,0.96,0.01,0.0,0.13737165703039006
39628422539907116,0.0,0.52,0.48,0.0,0.4994227679976009
39628422539907001,0.0,0.1,0.9,0.0,0.2344977967946406
39628433252156689,0.0,0.64,0.36,0.0,0.4713415946277461
39628427904419193,0.0,0.06,0.94,0.0,0.16372245957723813
39628422535709259,0.0,0.98,0.02,0.0,0.07072027127091034
39628465175004230,0.0,0.5,0.5,0.0,0.5
39628454567609843,0.0,0.16,0.84,0.0,0.3171547773202831
39628465179199848,0.0,0.56,0.44,0.0,0.4947937606110278
39628465175004554,0.0,0.95,0.05,0.0,0.14319847855797813
39628465175004846,0.0,0.31,0.69,0.0,0.4465867291889284
39628465179199471,0.0,0.0,0.97,0.03,0.0971959289157881
39628465179199461,0.0,0.0,0.98,0.02,0.07072027127091034
39628465179198611,0.0,0.87,0.13,0.0,0.2787190925139945
39628465179198443,0.0,0.71,0.29,0.0,0.43436062316970225
39628459885990083,0.0,0.25,0.75,0.0,0.4056390622295664
39628459885990554,0.0,0.05,0.95,0.0,0.14319847855797813
39628459885990557,0.0,0.33,0.67,0.0,0.4574631863898637
39628459885990586,0.0,0.44,0.56,0.0,0.4947937606110278
39628465175008379,0.0,0.93,0.07,0.0,0.18296182545011158
39628465175008268,0.01,0.89,0.1,0.0,0.27413031336294724
39628459890183964,0.0,0.64,0.36,0.0,0.4713415946277461
39628465175008079,0.0,0.09,0.91,0.0,0.21823490853205144
39628465175004102,0.0,0.34,0.66,0.0,0.46240935248651505
39628427904419170,0.0,0.26,0.74,0.0,0.4133731862463089
39628465175003982,0.0,0.73,0.27,0.0,0.42073231810408784
39628465166620133,0.0,0.47,0.53,0.0,0.4987007942838698
39628454567610579,0.0,0.55,0.45,0.0,0.49638722699390414
39628443935051804,0.0,0.19,0.81,0.0,0.3507357299419487
39628443935051237,0.0,0.05,0.95,0.0,0.14319847855797813
39628454563414239,0.0,0.33,0.67,0.0,0.4574631863898637
39628454563414245,0.0,0.18,0.82,0.0,0.34003852286413994
39628454563414722,0.0,0.06,0.94,0.0,0.16372245957723813
39628433289904912,0.0,0.0,1.0,0.0,-0.0
39628433289904746,0.0,0.55,0.45,0.0,0.49638722699390414
39628433289904739,0.0,0.02,0.98,0.0,0.07072027127091034
39628459881795840,0.0,0.2,0.8,0.0,0.36096404744368116
39628422531515669,0.0,0.58,0.42,0.0,0.49072694751682683
39628422535709634,0.0,0.47,0.53,0.0,0.4987007942838698
39628454567610422,0.0,0.0,1.0,0.0,-0.0
39628443930855442,0.0,0.88,0.12,0.0,0.2646804326436822
39628459881796735,0.0,0.3,0.7,0.0,0.44064544961534635
39628459881796938,0.0,0.63,0.37,0.0,0.47533604634353294
39628443926663467,0.0,0.63,0.37,0.0,0.47533604634353294
39628422544100076,0.0,1.0,0.0,0.0,-0.0
39628433273129458,0.0,0.58,0.42,0.0,0.49072694751682683
39628465175003843,0.0,0.16,0.84,0.0,0.3171547773202831
39628438608282878,0.0,0.97,0.03,0.0,0.0971959289157881
39628427912809360,0.0,0.06,0.94,0.0,0.16372245957723813
39628422548292898,0.0,0.97,0.03,0.0,0.0971959289157881
39628433247962322,0.0,0.14,0.86,0.0,0.292119405821428
39628443968603702,0.0,0.85,0.15,0.0,0.3049201523582002
39628417150226282,0.0,0.31,0.69,0.0,0.4465867291889284
39628417150226431,0.0,0.06,0.94,0.0,0.16372245957723813
39628438616675907,0.0,0.2,0.8,0.0,0.36096404744368116
39628433247966363,0.0,0.16,0.84,0.0,0.3171547773202831
39628427912808757,0.0,0.6,0.4,0.0,0.4854752972273343
39628427912807720,0.0,0.87,0.13,0.0,0.2787190925139945
39628427908615926,0.0,0.97,0.03,0.0,0.0971959289157881
39628427908615997,0.0,0.83,0.17,0.0,0.32885238937210975
39628465162421370,0.0,0.66,0.34,0.0,0.46240935248651505
39628422531519663,0.01,0.98,0.01,0.0,0.08072027127091033
39628465166618915,0.0,0.9,0.1,0.0,0.2344977967946406
39628427912809777,0.0,0.25,0.75,0.0,0.4056390622295664
39628433252156201,0.0,0.75,0.25,0.0,0.4056390622295664
39628422531519498,0.0,0.19,0.81,0.0,0.3507357299419487
39628465162422717,0.0,0.3,0.7,0.0,0.44064544961534635
39628417150222857,0.0,0.65,0.35,0.0,0.4670340276877455
39628465162422447,0.0,0.72,0.28,0.0,0.4277254052800653
39628443968602275,0.0,0.01,0.99,0.0,0.04039656794795559
39628422552489098,0.0,1.0,0.0,0.0,-0.0
39628417150223205,0.0,0.0,1.0,0.0,-0.0
39628422523130205,0.0,0.11,0.89,0.0,0.249957979082264
39628427912810011,0.0,0.55,0.45,0.0,0.49638722699390414
39628465166619046,0.0,0.77,0.23,0.0,0.38900565177326885
39628417150223098,0.0,0.71,0.29,0.0,0.43436062316970225
39628427912809782,0.0,0.69,0.31,0.0,0.4465867291889284
39628438620868340,0.0,0.55,0.45,0.0,0.49638722699390414
39628449261818610,0.0,0.9,0.1,0.0,0.2344977967946406
39628449261817227,0.0,0.62,0.38,0.0,0.47902101111314976
39628438620868483,0.0,0.12,0.88,0.0,0.2646804326436822
39628438612480996,0.0,0.09,0.91,0.0,0.21823490853205144
39628443930853936,0.0,0.2,0.8,0.0,0.36096404744368116
39628443968603988,0.0,0.95,0.05,0.0,0.14319847855797813
39628438591509328,0.0,0.85,0.15,0.0,0.3049201523582002
39628443939245117,0.0,0.05,0.95,0.0,0.14319847855797813
39628475690125490,0.0,0.62,0.38,0.0,0.47902101111314976
39628443939245313,0.0,0.04,0.95,0.01,0.16124668093016215
39628443939244933,0.0,0.1,0.88,0.02,0.30368177794258344
39628438612481074,0.0,0.5,0.5,0.0,0.5
39628433264741961,0.0,0.32,0.68,0.0,0.45219072886224687
39628433264741977,0.0,0.8,0.2,0.0,0.36096404744368116
39628433268932871,0.0,0.66,0.34,0.0,0.46240935248651505
39628433273127054,0.0,0.08,0.91,0.01,0.24088153359695552
39628454563414353,0.0,0.53,0.47,0.0,0.4987007942838698
39628422539906585,0.0,0.07,0.93,0.0,0.18296182545011158
39628454596971438,0.0,0.0,1.0,0.0,-0.0
39628427908616534,0.0,0.7,0.3,0.0,0.44064544961534635
39628422531519179,0.0,0.0,0.99,0.01,0.04039656794795559
39628438633450562,0.0,0.74,0.26,0.0,0.4133731862463089
39628449253427149,0.0,0.55,0.45,0.0,0.49638722699390414
39628449253427025,0.0,0.79,0.21,0.0,0.37074136996563684
39628459894377123,0.0,0.83,0.17,0.0,0.32885238937210975
39628449253427021,0.0,0.62,0.38,0.0,0.47902101111314976
39628449253426965,0.0,0.75,0.25,0.0,0.4056390622295664
39628459894377132,0.0,0.53,0.47,0.0,0.4987007942838698
39628465162421191,0.0,0.9,0.1,0.0,0.2344977967946406
39628454601163333,0.0,0.09,0.91,0.0,0.21823490853205144
39628459894378333,0.0,0.91,0.09,0.0,0.21823490853205144
39628449286979893,0.0,0.85,0.15,0.0,0.3049201523582002
39628459894377285,0.01,0.99,0.0,0.0,0.04039656794795559
39628449270206795,0.0,0.58,0.42,0.0,0.49072694751682683
39628465158229497,0.0,0.89,0.11,0.0,0.249957979082264
39628465158229394,0.0,0.48,0.52,0.0,0.4994227679976009
39628459890184756,0.0,0.28,0.72,0.0,0.4277254052800653
39628459890184920,0.0,0.09,0.91,0.0,0.21823490853205144
39628422544097416,0.0,0.72,0.28,0.0,0.4277254052800653
39628459894376221,0.0,0.11,0.89,0.0,0.249957979082264
39628470430470049,0.0,0.87,0.13,0.0,0.2787190925139945
39628438625060000,0.0,0.07,0.93,0.0,0.18296182545011158
39628422544100073,0.0,0.71,0.29,0.0,0.43436062316970225
39628459894376353,0.0,0.99,0.01,0.0,0.04039656794795559
39628449253430069,0.0,0.77,0.23,0.0,0.38900565177326885
39628449253430096,0.0,0.86,0.14,0.0,0.292119405821428
39628449253430137,0.0,0.97,0.03,0.0,0.0971959289157881
39628449270206856,0.0,0.0,0.99,0.01,0.04039656794795559
39628449257619538,0.0,0.01,0.88,0.11,0.28950944366190023
39628411756349660,0.0,0.82,0.18,0.0,0.34003852286413994
39628422544099872,0.0,0.32,0.68,0.0,0.45219072886224687
39628433260546169,0.0,0.06,0.94,0.0,0.16372245957723813
39628454575997841,0.0,0.32,0.68,0.0,0.45219072886224687
39628454592775188,0.0,0.41,0.59,0.0,0.488250234378912
39628459869211850,0.0,0.0,0.98,0.02,0.07072027127091034
39628449249234463,0.0,0.22,0.78,0.0,0.38008375148098283
39628454588584219,0.0,0.0,0.99,0.01,0.04039656794795559
39628459890185701,0.0,0.44,0.56,0.0,0.4947937606110278
39628427900227925,0.0,0.16,0.84,0.0,0.3171547773202831
39628417150224512,0.0,1.0,0.0,0.0,-0.0
39628459894375261,0.0,0.74,0.26,0.0,0.4133731862463089
39628465179198212,0.0,0.53,0.47,0.0,0.4987007942838698
39628438625062287,0.0,0.09,0.91,0.0,0.21823490853205144
39628459894378416,0.0,0.68,0.32,0.0,0.45219072886224687
39628427900225653,0.0,0.75,0.25,0.0,0.4056390622295664
39628459894379436,0.0,0.16,0.84,0.0,0.3171547773202831
39628443930855094,0.0,0.05,0.95,0.0,0.14319847855797813
39628443930855157,0.0,0.79,0.21,0.0,0.37074136996563684
39628459869211800,0.0,0.91,0.09,0.0,0.21823490853205144
39628443930856541,0.0,0.64,0.36,0.0,0.4713415946277461
39628443930856752,0.0,0.04,0.96,0.0,0.12114609454120741
39628454588581988,0.0,0.47,0.53,0.0,0.4987007942838698
39628454588583995,0.0,0.62,0.38,0.0,0.47902101111314976
39628454571806065,0.0,1.0,0.0,0.0,-0.0
39628411752157339,0.0,0.42,0.58,0.0,0.49072694751682683
39628454571806215,0.0,0.86,0.14,0.0,0.292119405821428
39628454588584513,0.0,0.0,0.99,0.01,0.04039656794795559
39628454575997854,0.0,0.8,0.2,0.0,0.36096404744368116
39628433247963116,0.0,0.01,0.99,0.0,0.04039656794795559
39628433256350779,0.0,0.88,0.12,0.0,0.2646804326436822
39628433256353042,0.0,0.03,0.97,0.0,0.0971959289157881
39628470434660597,0.0,0.51,0.49,0.0,0.49985572087640495
39628433256350143,0.0,0.21,0.79,0.0,0.37074136996563684
39628459877601269,0.0,0.41,0.59,0.0,0.488250234378912
39628433256350082,0.0,0.61,0.39,0.0,0.4823997742525436
39628470430471265,0.0,0.19,0.81,0.0,0.3507357299419487
39628433256352228,0.0,0.59,0.41,0.0,0.488250234378912
39628449257621953,0.0,0.01,0.99,0.0,0.04039656794795559
39628470430471220,0.0,0.7,0.3,0.0,0.44064544961534635
39628433252160164,0.0,0.98,0.02,0.0,0.07072027127091034
39628470430469482,0.0,0.58,0.42,0.0,0.49072694751682683
39628422544097577,0.0,1.0,0.0,0.0,-0.0
39628470430469316,0.0,0.08,0.92,0.0,0.2010895951011364
39628433247963030,0.0,0.09,0.91,0.0,0.21823490853205144
39628433252160196,0.0,0.21,0.79,0.0,0.37074136996563684
39628475690124121,0.01,0.98,0.01,0.0,0.08072027127091033
39628433260545589,0.0,0.54,0.46,0.0,0.49768921941011285
39628454575998220,0.0,0.36,0.64,0.0,0.4713415946277461
39628438599895015,0.0,0.99,0.01,0.0,0.04039656794795559
39628433256352157,0.0,0.72,0.28,0.0,0.4277254052800653
39628433256350862,0.0,0.15,0.85,0.0,0.3049201523582002
39628470434662386,0.0,1.0,0.0,0.0,-0.0
39628433256350868,0.0,0.57,0.43,0.0,0.4929075185894599
39628470434661872,0.0,0.28,0.72,0.0,0.4277254052800653
39628438608284307,0.0,0.11,0.89,0.0,0.249957979082264
39628465179200026,0.0,0.8,0.2,0.0,0.36096404744368116
39628449249234433,0.0,0.0,0.96,0.04,0.12114609454120741
39628465179200185,0.0,0.51,0.49,0.0,0.49985572087640495
39628465179199800,0.0,0.7,0.3,0.0,0.44064544961534635
39628454588584819,0.0,0.14,0.85,0.01,0.33142210248480686
39628459894378235,0.0,0.04,0.96,0.0,0.12114609454120741
39628427891836088,0.0,0.44,0.56,0.0,0.4947937606110278
39628449249234606,0.0,0.0,0.92,0.08,0.2010895951011364
39628443939243594,0.0,0.04,0.96,0.0,0.12114609454120741
39628459894378586,0.0,0.49,0.51,0.0,0.49985572087640495
39628422518935951,0.0,0.14,0.86,0.0,0.292119405821428
39628449261818043,0.0,0.47,0.53,0.0,0.4987007942838698
39628438612476645,0.0,0.1,0.9,0.0,0.2344977967946406
39628454580191366,0.0,0.47,0.53,0.0,0.4987007942838698
39628433252159169,0.0,0.01,0.99,0.0,0.04039656794795559
39628422544099606,0.0,0.74,0.26,0.0,0.4133731862463089
39628433247966282,0.0,0.63,0.37,0.0,0.47533604634353294
39628454571803857,0.01,0.24,0.75,0.0,0.4359255858648683
39628417137641304,0.0,0.98,0.02,0.0,0.07072027127091034
39628459894377326,0.0,0.95,0.05,0.0,0.14319847855797813
39628422544099488,0.0,0.02,0.98,0.0,0.07072027127091034
39628449253429876,0.0,0.2,0.8,0.0,0.36096404744368116
39628422539904270,0.0,0.16,0.84,0.0,0.3171547773202831
39628433252155469,0.0,0.33,0.67,0.0,0.4574631863898637
39628422531518593,0.0,0.9,0.1,0.0,0.2344977967946406
39628422518936717,0.0,0.81,0.19,0.0,0.3507357299419487
39628459860821540,0.0,0.34,0.66,0.0,0.46240935248651505
39628454584389226,0.0,0.01,0.96,0.03,0.13737165703039006
39628438599896242,0.0,0.82,0.18,0.0,0.34003852286413994
39628459873407802,0.0,0.44,0.56,0.0,0.4947937606110278
39628454584389218,0.0,0.39,0.61,0.0,0.4823997742525436
39628459885989393,0.0,0.0,0.99,0.01,0.04039656794795559
39628459885989373,0.0,0.83,0.17,0.0,0.32885238937210975
39628422539906183,0.0,0.2,0.8,0.0,0.36096404744368116
39628422531518447,0.0,0.82,0.18,0.0,0.34003852286413994
39628459885989399,0.0,0.04,0.96,0.0,0.12114609454120741
39628459865016187,0.0,0.06,0.94,0.0,0.16372245957723813
39628459865016153,0.0,0.0,0.99,0.01,0.04039656794795559
39628465179199144,0.0,0.78,0.22,0.0,0.38008375148098283
39628459860823252,0.0,0.45,0.55,0.0,0.49638722699390414
39628459885989116,0.0,0.0,0.99,0.01,0.04039656794795559
39628422518936695,0.0,0.2,0.8,0.0,0.36096404744368116
39628427925393297,0.0,1.0,0.0,0.0,-0.0
39628411752157241,0.0,0.99,0.01,0.0,0.04039656794795559
39628427925393188,0.0,0.02,0.95,0.03,0.1674722434193448
39628422531518110,0.0,0.02,0.98,0.0,0.07072027127091034
39628422531518269,0.0,0.21,0.79,0.0,0.37074136996563684
39628449291174060,0.0,0.39,0.61,0.0,0.4823997742525436
39628459877602050,0.0,0.47,0.53,0.0,0.4987007942838698
39628433264742041,0.0,0.51,0.49,0.0,0.49985572087640495
39628449291173956,0.0,0.98,0.02,0.0,0.07072027127091034
39628443968603515,0.0,0.58,0.42,0.0,0.49072694751682683
39628459877602038,0.0,0.46,0.54,0.0,0.49768921941011285
39628449266010807,0.0,0.03,0.97,0.0,0.0971959289157881
39628438595700649,0.0,0.6,0.4,0.0,0.4854752972273343
39628422548292498,0.0,0.59,0.41,0.0,0.488250234378912
39628449286983200,0.0,0.12,0.88,0.0,0.2646804326436822
39628427925393228,0.0,0.11,0.89,0.0,0.249957979082264
39628454559223315,0.0,0.78,0.22,0.0,0.38008375148098283
39628422548292682,0.0,0.73,0.27,0.0,0.42073231810408784
39628438595700656,0.0,0.03,0.97,0.0,0.0971959289157881
39628433247965902,0.0,0.0,1.0,0.0,-0.0
39628443939243514,0.0,0.53,0.47,0.0,0.4987007942838698
39628417141834223,0.0,0.84,0.16,0.0,0.3171547773202831
39628417141834133,0.01,0.97,0.02,0.0,0.11097036642660543
39628443943440304,0.0,0.64,0.36,0.0,0.4713415946277461
39628443943439899,0.0,0.12,0.88,0.0,0.2646804326436822
39628417141836894,0.0,0.0,1.0,0.0,-0.0
39628417141837098,0.02,0.98,0.0,0.0,0.07072027127091034
39628465145645110,0.0,0.42,0.58,0.0,0.49072694751682683
39628470430469126,0.0,0.05,0.95,0.0,0.14319847855797813
39628475685934653,0.0,0.81,0.19,0.0,0.3507357299419487
39628475685934718,0.0,0.46,0.54,0.0,0.49768921941011285
39628459873407596,0.0,0.9,0.1,0.0,0.2344977967946406
39628443930855193,0.0,0.11,0.89,0.0,0.249957979082264
39628443930855311,0.0,0.41,0.59,0.0,0.488250234378912
39628433277321630,0.0,0.1,0.9,0.0,0.2344977967946406
39628449278595361,0.0,0.85,0.15,0.0,0.3049201523582002
39628433268935452,0.0,0.39,0.61,0.0,0.4823997742525436
39628459873407645,0.0,0.04,0.94,0.02,0.19127133459887283
39628422518936447,0.0,0.75,0.25,0.0,0.4056390622295664
39628438620864655,0.0,0.61,0.39,0.0,0.4823997742525436
39628417158613267,0.02,0.95,0.03,0.0,0.1674722434193448
39628454601166346,0.0,1.0,0.0,0.0,-0.0
39628454584387235,0.0,0.02,0.98,0.0,0.07072027127091034
39628454584387176,0.0,0.31,0.69,0.0,0.4465867291889284
39628454601165839,0.0,0.28,0.72,0.0,0.4277254052800653
39628438595699732,0.0,0.28,0.72,0.0,0.4277254052800653
39628465162422742,0.0,0.95,0.05,0.0,0.14319847855797813
39628417154419169,0.0,0.62,0.38,0.0,0.47902101111314976
39628443968602224,0.0,0.07,0.93,0.0,0.18296182545011158
39628459869212942,0.0,0.25,0.75,0.0,0.4056390622295664
39628465166619776,0.0,0.03,0.97,0.0,0.0971959289157881
39628422544101160,0.0,0.37,0.63,0.0,0.47533604634353294
39628443951824934,0.0,0.14,0.86,0.0,0.292119405821428
39628459869212972,0.0,0.38,0.62,0.0,0.47902101111314976
39628465149840494,0.0,0.21,0.78,0.01,0.4094279001393156
39628433277322311,0.0,0.04,0.96,0.0,0.12114609454120741
39628438633450284,0.0,0.44,0.56,0.0,0.4947937606110278
39628454571803653,0.0,0.07,0.93,0.0,0.18296182545011158
39628459869210531,0.0,0.42,0.58,0.0,0.49072694751682683
39628454588584010,0.0,0.91,0.09,0.0,0.21823490853205144
39628459865015914,0.0,0.31,0.69,0.0,0.4465867291889284
39628459869212500,0.0,0.23,0.77,0.0,0.38900565177326885
39628465154033549,0.0,0.89,0.11,0.0,0.249957979082264
39628459873406144,0.0,0.27,0.73,0.0,0.42073231810408784
39628459869210832,0.0,0.0,0.94,0.06,0.16372245957723813
39628427904419111,0.0,0.67,0.33,0.0,0.4574631863898637
39628459869210606,0.0,0.0,0.63,0.37,0.47533604634353294
39628454588584134,0.0,0.89,0.11,0.0,0.249957979082264
39628454571806582,0.0,0.75,0.25,0.0,0.4056390622295664
39628438620867563,0.0,0.73,0.27,0.0,0.42073231810408784
39628433268933195,0.0,0.28,0.72,0.0,0.4277254052800653
39628427921199153,0.0,0.13,0.87,0.0,0.2787190925139945
39628454580191472,0.0,0.02,0.98,0.0,0.07072027127091034
39628417154420574,0.0,0.04,0.96,0.0,0.12114609454120741
39628449270203086,0.0,0.73,0.27,0.0,0.42073231810408784
39628427900226609,0.0,0.55,0.45,0.0,0.49638722699390414
39628433256350674,0.0,0.58,0.42,0.0,0.49072694751682683
39628459869212027,0.0,0.21,0.79,0.0,0.37074136996563684
39628459869212329,0.0,0.21,0.79,0.0,0.37074136996563684
39628459860825034,0.0,0.37,0.63,0.0,0.47533604634353294
39628433247962570,0.0,0.44,0.56,0.0,0.4947937606110278
39628433247962493,0.0,0.93,0.07,0.0,0.18296182545011158
39628433264742489,0.0,0.31,0.69,0.0,0.4465867291889284
39628465179200575,0.0,0.79,0.21,0.0,0.37074136996563684
39628427891840029,0.0,0.76,0.24,0.0,0.39752013969226113
39628459869212048,0.0,0.72,0.28,0.0,0.4277254052800653
39628438633450672,0.0,0.5,0.5,0.0,0.5
39628470430470671,0.0,0.36,0.64,0.0,0.4713415946277461
39628427900227385,0.0,0.92,0.08,0.0,0.2010895951011364
39628459881792012,0.0,0.05,0.94,0.01,0.1832231322266888
39628465149841004,0.0,0.99,0.01,0.0,0.04039656794795559
39628454596968724,0.0,0.07,0.93,0.0,0.18296182545011158
39628422527321200,0.0,0.7,0.3,0.0,0.44064544961534635
39628465149840995,0.0,0.17,0.82,0.01,0.3678974314876692
39628443972797753,0.0,0.06,0.94,0.0,0.16372245957723813
39628454592774428,0.01,0.84,0.15,0.0,0.3441379826496441
39628443972797746,0.0,0.56,0.44,0.0,0.4947937606110278
39628465179200397,0.0,0.25,0.75,0.0,0.4056390622295664
39628422539904940,0.0,0.87,0.13,0.0,0.2787190925139945
39628449257623161,0.0,0.02,0.97,0.01,0.11097036642660543
39628454584389399,0.0,0.44,0.56,0.0,0.4947937606110278
39628454559223362,0.0,0.83,0.17,0.0,0.32885238937210975
39628454584389473,0.0,0.13,0.87,0.0,0.2787190925139945
39628459865016189,0.0,0.29,0.71,0.0,0.43436062316970225
39628454559223552,0.0,0.55,0.45,0.0,0.49638722699390414
39628459885989065,0.0,0.89,0.11,0.0,0.249957979082264
39628427891838535,0.0,0.34,0.66,0.0,0.46240935248651505
39628454559223830,0.0,0.33,0.67,0.0,0.4574631863898637
39628459873403172,0.0,0.16,0.84,0.0,0.3171547773202831
39628454563415715,0.0,0.02,0.98,0.0,0.07072027127091034
39628417146028485,0.0,0.03,0.95,0.02,0.1674722434193448
39628417158616328,0.0,0.98,0.02,0.0,0.07072027127091034
39628417146028345,0.0,0.05,0.95,0.0,0.14319847855797813
39628433264740571,0.0,0.77,0.23,0.0,0.38900565177326885
39628465166618222,0.0,0.76,0.24,0.0,0.39752013969226113
39628433289906236,0.0,0.81,0.19,0.0,0.3507357299419487
39628433285710133,0.0,0.68,0.32,0.0,0.45219072886224687
39628459877598188,0.0,0.99,0.01,0.0,0.04039656794795559
39628411756348618,0.0,0.06,0.94,0.0,0.16372245957723813
39628427925390647,0.0,0.98,0.02,0.0,0.07072027127091034
39628433289906203,0.0,0.01,0.99,0.0,0.04039656794795559
39628449291175096,0.0,0.65,0.35,0.0,0.4670340276877455
39628459877600758,0.01,0.99,0.0,0.0,0.04039656794795559
39628449291174846,0.0,0.18,0.82,0.0,0.34003852286413994
39628449291174717,0.0,0.98,0.02,0.0,0.07072027127091034
39628454584387738,0.0,0.19,0.81,0.0,0.3507357299419487
39628459877600643,0.0,0.04,0.96,0.0,0.12114609454120741
39628443956022630,0.0,0.02,0.98,0.0,0.07072027127091034
39628454576002204,0.0,0.83,0.17,0.0,0.32885238937210975
39628411752156981,0.0,0.38,0.62,0.0,0.47902101111314976
39628422514740707,0.0,0.6,0.4,0.0,0.4854752972273343
39628411756350964,0.0,0.66,0.34,0.0,0.46240935248651505
39628422523128134,0.0,0.8,0.2,0.0,0.36096404744368116
39628459894375839,0.0,0.28,0.72,0.0,0.4277254052800653
39628449282788308,0.0,0.02,0.98,0.0,0.07072027127091034
39628417162809574,0.0,0.01,0.99,0.0,0.04039656794795559
39628422514741020,0.0,0.05,0.95,0.0,0.14319847855797813
39628422523128365,0.0,1.0,0.0,0.0,-0.0
39628443943439042,0.0,0.65,0.35,0.0,0.4670340276877455
39628443926663080,0.0,0.12,0.88,0.0,0.2646804326436822
39628438637644222,0.0,0.9,0.1,0.0,0.2344977967946406
39628443939245807,0.0,1.0,0.0,0.0,-0.0
39628465170814556,0.0,0.17,0.83,0.0,0.32885238937210975
39628438637643883,0.0,0.48,0.52,0.0,0.4994227679976009
39628417146029797,0.0,0.0,0.94,0.06,0.16372245957723813
39628422527322662,0.0,0.33,0.67,0.0,0.4574631863898637
39628433252157000,0.0,0.13,0.87,0.0,0.2787190925139945
39628433285710770,0.0,0.97,0.03,0.0,0.0971959289157881
39628465154035114,0.0,0.14,0.86,0.0,0.292119405821428
39628417150223026,0.0,0.08,0.92,0.0,0.2010895951011364
39628433281516990,0.0,0.49,0.51,0.0,0.49985572087640495
39628465175003308,0.0,0.97,0.03,0.0,0.0971959289157881
39628427925390638,0.0,0.01,0.98,0.01,0.08072027127091033
39628454567610747,0.0,0.0,0.97,0.03,0.0971959289157881
39628443960217290,0.0,0.88,0.12,0.0,0.2646804326436822
39628465145647273,0.0,0.05,0.95,0.0,0.14319847855797813
39628417150222761,0.01,0.99,0.0,0.0,0.04039656794795559
39628465170814371,0.0,0.42,0.58,0.0,0.49072694751682683
39628459890184428,0.0,0.63,0.37,0.0,0.47533604634353294
39628443939245833,0.0,0.04,0.96,0.0,0.12114609454120741
39628417146032112,0.0,0.93,0.07,0.0,0.18296182545011158
39628438629255625,0.0,0.33,0.67,0.0,0.4574631863898637
39628438629255787,0.0,0.59,0.41,0.0,0.488250234378912
39628465158226439,0.0,0.21,0.79,0.0,0.37074136996563684
39628417150223160,0.0,0.13,0.87,0.0,0.2787190925139945
39628454571803782,0.0,0.28,0.72,0.0,0.4277254052800653
39628443968604688,0.0,0.38,0.62,0.0,0.47902101111314976
39628427917003069,0.0,0.68,0.32,0.0,0.45219072886224687
39628422548296326,0.0,0.13,0.87,0.0,0.2787190925139945
39628427917002958,0.0,1.0,0.0,0.0,-0.0
39628433285710232,0.0,0.0,0.99,0.01,0.04039656794795559
39628443926663024,0.0,0.94,0.06,0.0,0.16372245957723813
39628438633450020,0.0,0.1,0.9,0.0,0.2344977967946406
39628465170814322,0.0,0.21,0.79,0.0,0.37074136996563684
39628422539906994,0.0,0.96,0.04,0.0,0.12114609454120741
39628443935048448,0.0,0.86,0.14,0.0,0.292119405821428
39628438633449996,0.0,0.25,0.75,0.0,0.4056390622295664
39628438637644469,0.0,0.84,0.16,0.0,0.3171547773202831
39628443935048968,0.0,0.01,0.99,0.0,0.04039656794795559
39628443968603830,0.0,0.39,0.61,0.0,0.4823997742525436
39628427891835438,0.0,1.0,0.0,0.0,-0.0
39628443930853594,0.0,0.64,0.36,0.0,0.4713415946277461
39628454596969901,0.0,0.5,0.5,0.0,0.5
39628449291177071,0.0,0.33,0.67,0.0,0.4574631863898637
39628438637644385,0.0,0.88,0.12,0.0,0.2646804326436822
39628438591509547,0.0,0.05,0.95,0.0,0.14319847855797813
39628438637644588,0.0,0.57,0.43,0.0,0.4929075185894599
39628454571803564,0.0,0.57,0.43,0.0,0.4929075185894599
39628438591509525,0.0,0.35,0.65,0.0,0.4670340276877455
39628454571803696,0.0,0.19,0.81,0.0,0.3507357299419487
39628411756347944,0.0,0.98,0.02,0.0,0.07072027127091034
39628459873407245,0.0,0.43,0.57,0.0,0.4929075185894599
39628411756349831,0.0,0.18,0.82,0.0,0.34003852286413994
39628449270205623,0.0,0.83,0.17,0.0,0.32885238937210975
39628459873407145,0.0,0.03,0.97,0.0,0.0971959289157881
39628459877601457,0.0,0.19,0.81,0.0,0.3507357299419487
39628427921195845,0.0,0.16,0.84,0.0,0.3171547773202831
39628465149838863,0.0,0.25,0.75,0.0,0.4056390622295664
39628459877601301,0.0,0.04,0.96,0.0,0.12114609454120741
39628438608283273,0.0,0.44,0.56,0.0,0.4947937606110278
39628465149838736,0.0,0.04,0.96,0.0,0.12114609454120741
39628427896029770,0.0,0.53,0.47,0.0,0.4987007942838698
39628438633448610,0.0,0.02,0.98,0.0,0.07072027127091034
39628465145648074,0.0,0.0,0.99,0.01,0.04039656794795559
39628459881792472,0.0,0.14,0.86,0.0,0.292119405821428
39628470430471263,0.0,0.88,0.12,0.0,0.2646804326436822
39628422548292785,0.0,0.71,0.29,0.0,0.43436062316970225
39628454576001524,0.0,0.51,0.49,0.0,0.49985572087640495
39628454571803740,0.0,0.22,0.78,0.0,0.38008375148098283
39628443939242828,0.0,0.07,0.93,0.0,0.18296182545011158
39628449261815572,0.0,0.27,0.73,0.0,0.42073231810408784
39628454580191551,0.0,0.06,0.93,0.01,0.20367037270049304
39628454580191360,0.0,0.87,0.13,0.0,0.2787190925139945
39628411756350630,0.0,0.57,0.43,0.0,0.4929075185894599
39628449278594546,0.0,0.46,0.54,0.0,0.49768921941011285
39628449291174934,0.0,0.99,0.01,0.0,0.04039656794795559
39628411756350458,0.09,0.91,0.0,0.0,0.21823490853205144
39628433277322810,0.0,0.98,0.02,0.0,0.07072027127091034
39628454592776177,0.0,0.57,0.43,0.0,0.4929075185894599
39628459860823418,0.0,0.61,0.39,0.0,0.4823997742525436
39628465162421859,0.0,0.07,0.93,0.0,0.18296182545011158
39628449282787924,0.0,0.3,0.7,0.0,0.44064544961534635
39628459860823178,0.0,0.57,0.43,0.0,0.4929075185894599
39628438595701545,0.0,0.0,1.0,0.0,-0.0
39628438629255241,0.0,0.05,0.93,0.02,0.21317104534994366
39628438629255291,0.0,0.08,0.92,0.0,0.2010895951011364
39628443968605387,0.0,0.84,0.16,0.0,0.3171547773202831
39628427925390678,0.0,0.98,0.02,0.0,0.07072027127091034
39628438629255472,0.0,0.0,1.0,0.0,-0.0
39628427917003161,0.0,0.08,0.92,0.0,0.2010895951011364
39628443947631831,0.0,0.99,0.01,0.0,0.04039656794795559
39628422539907105,0.0,0.15,0.85,0.0,0.3049201523582002
39628433252156794,0.0,0.96,0.04,0.0,0.12114609454120741
39628438625059595,0.0,0.1,0.9,0.0,0.2344977967946406
39628417162809953,0.0,0.29,0.71,0.0,0.43436062316970225
39628438591509648,0.0,0.01,0.99,0.0,0.04039656794795559
39628443939243403,0.0,0.02,0.98,0.0,0.07072027127091034
39628443939243412,0.0,0.28,0.72,0.0,0.4277254052800653
39628465158229052,0.0,0.35,0.65,0.0,0.4670340276877455
39628438625061697,0.0,0.13,0.87,0.0,0.2787190925139945
39628417141836577,0.0,0.0,0.94,0.06,0.16372245957723813
39628449270205370,0.0,0.51,0.49,0.0,0.49985572087640495
39628438625059679,0.0,0.97,0.03,0.0,0.0971959289157881
39628454576001904,0.0,0.04,0.96,0.0,0.12114609454120741
39628443939243224,0.0,0.55,0.45,0.0,0.49638722699390414
39628417158616344,0.0,0.67,0.33,0.0,0.4574631863898637
39628427887645978,0.0,0.08,0.92,0.0,0.2010895951011364
39628417158616329,0.0,0.16,0.84,0.0,0.3171547773202831
39628427929586640,0.0,0.93,0.07,0.0,0.18296182545011158
39628433285710761,0.0,0.0,0.85,0.15,0.3049201523582002
39628449253428963,0.0,0.45,0.55,0.0,0.49638722699390414
39628449253428843,0.0,0.29,0.71,0.0,0.43436062316970225
39628433285710945,0.0,0.79,0.21,0.0,0.37074136996563684
39628470422083104,0.0,0.57,0.43,0.0,0.4929075185894599
39628470426276273,0.0,0.09,0.91,0.0,0.21823490853205144
39628433285710468,0.0,1.0,0.0,0.0,-0.0
39628433285710397,0.01,0.97,0.02,0.0,0.11097036642660543
39628433285710282,0.0,0.27,0.73,0.0,0.42073231810408784
39628433285710255,0.0,0.0,1.0,0.0,-0.0
39628443926661514,0.0,0.12,0.88,0.0,0.2646804326436822
39628454584386594,0.0,0.0,0.97,0.03,0.0971959289157881
39628454580191826,0.0,1.0,0.0,0.0,-0.0
39628427891836124,0.0,0.74,0.26,0.0,0.4133731862463089
39628459877599511,0.0,0.0,0.98,0.02,0.07072027127091034
39628454571803247,0.0,0.95,0.05,0.0,0.14319847855797813
39628454596969893,0.0,0.22,0.78,0.0,0.38008375148098283
39628459881795029,0.03,0.95,0.02,0.0,0.1674722434193448
39628422539905491,0.0,0.13,0.87,0.0,0.2787190925139945
39628454596969956,0.0,0.24,0.76,0.0,0.39752013969226113
39628427921198702,0.0,0.21,0.79,0.0,0.37074136996563684
39628465166618451,0.0,0.19,0.81,0.0,0.3507357299419487
39628427904419394,0.0,0.89,0.11,0.0,0.249957979082264
39628443939242913,0.0,1.0,0.0,0.0,-0.0
39628427891835979,0.0,0.18,0.82,0.0,0.34003852286413994
39628427891835877,0.0,0.42,0.58,0.0,0.49072694751682683
39628454580191690,0.0,0.32,0.68,0.0,0.45219072886224687
39628449270205938,0.0,0.36,0.64,0.0,0.4713415946277461
39628427896029810,0.0,0.23,0.77,0.0,0.38900565177326885
39628427896029720,0.0,0.69,0.31,0.0,0.4465867291889284
39628443930855486,0.0,0.84,0.16,0.0,0.3171547773202831
39628443968605725,0.0,0.1,0.9,0.0,0.2344977967946406
39628443926660823,0.0,1.0,0.0,0.0,-0.0
39628470434661188,0.0,0.84,0.16,0.0,0.3171547773202831
39628443930855758,0.0,0.25,0.75,0.0,0.4056390622295664
39628443930855355,0.0,0.15,0.85,0.0,0.3049201523582002
39628449257622994,0.0,0.44,0.56,0.0,0.4947937606110278
39628438637642486,0.0,0.97,0.03,0.0,0.0971959289157881
39628465154036796,0.0,0.34,0.66,0.0,0.46240935248651505
39628449282785928,0.0,0.6,0.4,0.0,0.4854752972273343
39628438633450810,0.0,0.53,0.47,0.0,0.4987007942838698
39628433289906630,0.0,1.0,0.0,0.0,-0.0
39628417146029995,0.0,0.32,0.68,0.0,0.45219072886224687
39628417162807007,0.0,0.16,0.84,0.0,0.3171547773202831
39628417162807103,0.0,0.93,0.07,0.0,0.18296182545011158
39628433285711928,0.0,0.03,0.97,0.0,0.0971959289157881
39628417162810822,0.0,0.33,0.67,0.0,0.4574631863898637
39628459860822359,0.0,0.29,0.71,0.0,0.43436062316970225
39628417162811112,0.0,0.17,0.83,0.0,0.32885238937210975
39628438612476881,0.0,0.38,0.62,0.0,0.47902101111314976
39628417137640060,0.0,0.93,0.07,0.0,0.18296182545011158
39628427896031608,0.0,0.97,0.03,0.0,0.0971959289157881
39628417137641820,0.0,0.43,0.57,0.0,0.4929075185894599
39628417137643399,0.0,0.99,0.01,0.0,0.04039656794795559
39628417167000072,0.0,0.28,0.72,0.0,0.4277254052800653
39628417166999931,0.0,0.84,0.16,0.0,0.3171547773202831
39628454588581709,0.0,0.04,0.94,0.02,0.19127133459887283
39628417166999748,0.0,0.34,0.66,0.0,0.46240935248651505
39628417166999769,0.0,0.15,0.84,0.01,0.3441379826496441
39628465170809916,0.0,0.95,0.05,0.0,0.14319847855797813
39628422531516156,0.0,0.03,0.97,0.0,0.0971959289157881
39628417150222928,0.0,0.12,0.88,0.0,0.2646804326436822
39628459894375060,0.0,0.57,0.43,0.0,0.4929075185894599
39628433268932750,0.0,0.85,0.15,0.0,0.3049201523582002
39628454571804424,0.0,0.57,0.43,0.0,0.4929075185894599
39628443926660085,0.0,0.97,0.03,0.0,0.0971959289157881
39628427896031348,0.0,0.39,0.61,0.0,0.4823997742525436
39628443951830574,0.0,0.34,0.66,0.0,0.46240935248651505
39628443964410627,0.0,0.23,0.77,0.0,0.38900565177326885
39628438625059705,0.0,0.4,0.6,0.0,0.4854752972273343
39628438625059885,0.0,0.02,0.97,0.01,0.11097036642660543
39628427896031152,0.0,0.37,0.63,0.0,0.47533604634353294
39628454588584622,0.0,0.06,0.94,0.0,0.16372245957723813
39628417166999844,0.0,0.49,0.51,0.0,0.49985572087640495
39628433264743035,0.0,0.4,0.6,0.0,0.4854752972273343
39628422531519798,0.0,0.75,0.25,0.0,0.4056390622295664
39628438608282218,0.0,0.17,0.82,0.01,0.3678974314876692
39628433285711104,0.0,0.03,0.97,0.0,0.0971959289157881
39628438595699876,0.0,0.64,0.36,0.0,0.4713415946277461
39628427917004702,0.0,0.49,0.51,0.0,0.49985572087640495
39628443951830727,0.0,0.46,0.54,0.0,0.49768921941011285
39628449282785479,0.0,0.02,0.98,0.0,0.07072027127091034
39628422514742739,0.0,0.84,0.16,0.0,0.3171547773202831
39628443935049775,0.0,0.01,0.99,0.0,0.04039656794795559
39628422523129687,0.0,0.22,0.78,0.0,0.38008375148098283
39628465162423141,0.0,0.26,0.74,0.0,0.4133731862463089
39628465166619484,0.0,0.6,0.4,0.0,0.4854752972273343
39628438633450903,0.0,0.88,0.12,0.0,0.2646804326436822
39628454576002226,0.0,0.03,0.96,0.01,0.13737165703039006
39628443939244926,0.0,0.97,0.03,0.0,0.0971959289157881
39628433247963571,0.0,0.61,0.39,0.0,0.4823997742525436
39628443939244603,0.0,0.18,0.82,0.0,0.34003852286413994
39628454576002212,0.0,0.98,0.02,0.0,0.07072027127091034
39628465166619570,0.0,0.06,0.93,0.01,0.20367037270049304
39628454576002027,0.0,0.01,0.99,0.0,0.04039656794795559
39628459865019085,0.0,0.19,0.81,0.0,0.3507357299419487
39628438604090096,0.0,0.04,0.95,0.01,0.16124668093016215
39628438604089954,0.0,0.32,0.68,0.0,0.45219072886224687
39628443939245112,0.0,0.15,0.85,0.0,0.3049201523582002
39628459877597372,0.0,0.64,0.36,0.0,0.4713415946277461
39628454592775538,0.0,0.16,0.84,0.0,0.3171547773202831
39628465145645798,0.0,0.68,0.32,0.0,0.45219072886224687
39628427891836131,0.0,0.54,0.46,0.0,0.49768921941011285
39628459877597335,0.0,0.55,0.45,0.0,0.49638722699390414
39628422523130063,0.0,0.28,0.72,0.0,0.4277254052800653
39628459860823722,0.0,0.02,0.98,0.0,0.07072027127091034
39628454571807229,0.0,0.0,1.0,0.0,-0.0
39628454571807317,0.0,0.18,0.82,0.0,0.34003852286413994
39628470434662257,0.0,0.22,0.78,0.0,0.38008375148098283
39628470430467484,0.0,0.75,0.25,0.0,0.4056390622295664
39628454592775270,0.0,0.07,0.93,0.0,0.18296182545011158
39628470434662273,0.0,0.28,0.72,0.0,0.4277254052800653
39628470430467125,0.0,0.56,0.44,0.0,0.4947937606110278
39628465154031682,0.0,0.5,0.5,0.0,0.5
39628433281517919,0.0,0.93,0.07,0.0,0.18296182545011158
39628465175003726,0.0,0.73,0.27,0.0,0.42073231810408784
39628427900227562,0.0,0.09,0.91,0.0,0.21823490853205144
39628465175003579,0.0,0.44,0.56,0.0,0.4947937606110278
39628449278593288,0.0,0.02,0.98,0.0,0.07072027127091034
39628459873407367,0.0,0.19,0.81,0.0,0.3507357299419487
39628443935047977,0.0,0.27,0.73,0.0,0.42073231810408784
39628470430466867,0.0,0.81,0.19,0.0,0.3507357299419487
39628417146029055,0.0,0.03,0.96,0.01,0.13737165703039006
39628411739575141,0.0,0.53,0.47,0.0,0.4987007942838698
39628411739575193,0.0,0.27,0.73,0.0,0.42073231810408784
39628422518933610,0.0,0.14,0.86,0.0,0.292119405821428
39628417137639995,0.0,0.55,0.45,0.0,0.49638722699390414
39628443926661612,0.0,0.03,0.97,0.0,0.0971959289157881
39628459873407950,0.0,0.87,0.13,0.0,0.2787190925139945
39628417162807649,0.0,0.36,0.64,0.0,0.4713415946277461
39628417162807747,0.0,0.39,0.61,0.0,0.4823997742525436
39628417137644505,0.0,0.09,0.91,0.0,0.21823490853205144
39628417137641658,0.0,0.43,0.57,0.0,0.4929075185894599
39628459873407998,0.03,0.97,0.0,0.0,0.0971959289157881
39628417137639795,0.0,0.02,0.98,0.0,0.07072027127091034
39628417133449742,0.0,0.76,0.24,0.0,0.39752013969226113
39628454571805072,0.0,0.06,0.94,0.0,0.16372245957723813
39628438620867859,0.0,0.45,0.55,0.0,0.49638722699390414
39628449278592446,0.0,0.38,0.62,0.0,0.47902101111314976
39628449278592232,0.0,0.11,0.88,0.01,0.28950944366190023
39628427908614762,0.0,0.75,0.25,0.0,0.4056390622295664
39628470430466574,0.0,0.07,0.93,0.0,0.18296182545011158
39628470430466394,0.0,0.54,0.46,0.0,0.49768921941011285
39628459865017820,0.0,0.07,0.93,0.0,0.18296182545011158
39628443926659896,0.01,0.61,0.38,0.0,0.5159469793764008
39628438625059862,0.0,0.55,0.45,0.0,0.49638722699390414
39628459860821538,0.0,0.2,0.8,0.0,0.36096404744368116
39628454588583075,0.0,0.81,0.19,0.0,0.3507357299419487
39628454571804944,0.0,0.8,0.2,0.0,0.36096404744368116
39628459860820712,0.0,0.66,0.34,0.0,0.46240935248651505
39628449266010579,0.0,0.25,0.75,0.0,0.4056390622295664
39628438612480662,0.0,1.0,0.0,0.0,-0.0
39628454571804893,0.0,0.51,0.49,0.0,0.49985572087640495
39628454559223516,0.0,0.26,0.74,0.0,0.4133731862463089
39628454571805227,0.0,0.11,0.89,0.0,0.249957979082264
39628465170810672,0.0,0.44,0.56,0.0,0.4947937606110278
39628427904421208,0.0,0.02,0.98,0.0,0.07072027127091034
39628465170810553,0.0,0.79,0.21,0.0,0.37074136996563684
39628443964409479,0.0,0.05,0.95,0.0,0.14319847855797813
39628411747961437,0.0,0.87,0.13,0.0,0.2787190925139945
39628459877597398,0.0,0.1,0.9,0.0,0.2344977967946406
39628427883450298,0.0,0.61,0.39,0.0,0.4823997742525436
39628459873403979,0.0,0.75,0.25,0.0,0.4056390622295664
39628438616676518,0.0,0.18,0.82,0.0,0.34003852286413994
39628465158229991,0.0,0.48,0.52,0.0,0.4994227679976009
39628470434660469,0.0,0.94,0.06,0.0,0.16372245957723813
39628422548292178,0.0,0.21,0.79,0.0,0.37074136996563684
39628433281516109,0.0,0.24,0.76,0.0,0.39752013969226113
39628454580194015,0.0,0.55,0.45,0.0,0.49638722699390414
39628443964410034,0.0,0.74,0.26,0.0,0.4133731862463089
39628449282789592,0.0,0.35,0.65,0.0,0.4670340276877455
39628465162422983,0.0,0.1,0.9,0.0,0.2344977967946406
39628438633450581,0.0,0.21,0.79,0.0,0.37074136996563684
39628454601166006,0.0,0.99,0.01,0.0,0.04039656794795559
39628459860822071,0.0,0.42,0.58,0.0,0.49072694751682683
39628422527321784,0.0,0.99,0.01,0.0,0.04039656794795559
39628433252156256,0.0,0.43,0.57,0.0,0.4929075185894599
39628459881791897,0.0,0.2,0.8,0.0,0.36096404744368116
39628465154031816,0.0,0.04,0.96,0.0,0.12114609454120741
39628433252156210,0.0,0.77,0.23,0.0,0.38900565177326885
39628433247964335,0.0,0.14,0.86,0.0,0.292119405821428
39628433252156140,0.0,0.47,0.53,0.0,0.4987007942838698
39628433260544601,0.0,0.32,0.68,0.0,0.45219072886224687
39628443926660381,0.0,0.38,0.62,0.0,0.47902101111314976
39628427896032859,0.0,0.57,0.43,0.0,0.4929075185894599
39628427891836644,0.0,0.89,0.11,0.0,0.249957979082264
39628427891836872,0.0,0.16,0.84,0.0,0.3171547773202831
39628433277323553,0.0,0.01,0.99,0.0,0.04039656794795559
39628427925389696,0.0,0.94,0.06,0.0,0.16372245957723813
39628449249233186,0.0,0.38,0.62,0.0,0.47902101111314976
39628438608281885,0.0,0.35,0.65,0.0,0.4670340276877455
39628449270203090,0.0,0.93,0.07,0.0,0.18296182545011158
39628438625061495,0.0,0.28,0.72,0.0,0.4277254052800653
39628438633450994,0.0,0.64,0.36,0.0,0.4713415946277461
39628417133448252,0.0,0.61,0.39,0.0,0.4823997742525436
39628417162807180,0.0,0.97,0.03,0.0,0.0971959289157881
39628422514742599,0.0,0.16,0.84,0.0,0.3171547773202831
39628411743764769,0.0,0.99,0.01,0.0,0.04039656794795559
39628411743764911,0.0,0.84,0.16,0.0,0.3171547773202831
39628422518932073,0.0,0.47,0.53,0.0,0.4987007942838698
39628417162807127,0.0,0.49,0.51,0.0,0.49985572087640495
39628459894378220,0.0,0.12,0.88,0.0,0.2646804326436822
39628411743766213,0.0,0.44,0.56,0.0,0.4947937606110278
39628411747960790,0.0,0.06,0.94,0.0,0.16372245957723813
39628449274400551,0.0,0.71,0.29,0.0,0.43436062316970225
39628449274400541,0.0,0.03,0.97,0.0,0.0971959289157881
39628411752155062,0.01,0.96,0.03,0.0,0.13737165703039006
39628459877599691,0.0,0.01,0.99,0.0,0.04039656794795559
39628417137640904,0.0,0.61,0.39,0.0,0.4823997742525436
39628411752155832,0.0,0.95,0.05,0.0,0.14319847855797813
39628411743765342,0.0,0.94,0.06,0.0,0.16372245957723813
39628459877599662,0.0,0.53,0.47,0.0,0.4987007942838698
39628417137641123,0.0,0.09,0.9,0.01,0.2579475764741046
39628433281519518,0.0,0.7,0.3,0.0,0.44064544961534635
39628417146029796,0.0,0.0,1.0,0.0,-0.0
39628449278591852,0.0,0.1,0.9,0.0,0.2344977967946406
39628443968604585,0.0,0.42,0.58,0.0,0.49072694751682683
39628465170809365,0.0,0.04,0.96,0.0,0.12114609454120741
39628417162810050,0.0,0.15,0.85,0.0,0.3049201523582002
39628449278592773,0.0,0.09,0.9,0.01,0.2579475764741046
39628433281517100,0.03,0.97,0.0,0.0,0.0971959289157881
39628449278591978,0.0,0.38,0.62,0.0,0.47902101111314976
39628438633451640,0.0,0.57,0.43,0.0,0.4929075185894599
39628454571804091,0.0,0.4,0.6,0.0,0.4854752972273343
39628422523128349,0.0,0.52,0.48,0.0,0.4994227679976009
39628422518931553,0.0,0.8,0.2,0.0,0.36096404744368116
39628427917003533,0.0,0.92,0.08,0.0,0.2010895951011364
39628465166619425,0.0,0.84,0.16,0.0,0.3171547773202831
39628433289904624,0.0,0.39,0.61,0.0,0.4823997742525436
39628422552485933,0.0,0.23,0.77,0.0,0.38900565177326885
39628433289904741,0.0,0.14,0.86,0.0,0.292119405821428
39628443972796784,0.0,0.15,0.85,0.0,0.3049201523582002
39628443972796545,0.0,0.32,0.68,0.0,0.45219072886224687
39628443972796775,0.0,0.96,0.04,0.0,0.12114609454120741
39628427887644669,0.0,0.05,0.95,0.0,0.14319847855797813
39628427887644301,0.0,0.18,0.82,0.0,0.34003852286413994
39628427887644408,0.0,0.04,0.96,0.0,0.12114609454120741
39628459860823629,0.0,0.92,0.08,0.0,0.2010895951011364
39628417162805673,0.0,0.97,0.03,0.0,0.0971959289157881
39628475690123967,0.0,0.68,0.32,0.0,0.45219072886224687
39628465175003317,0.0,0.6,0.4,0.0,0.4854752972273343
39628470434660518,0.0,0.75,0.25,0.0,0.4056390622295664
39628465175003387,0.0,0.53,0.47,0.0,0.4987007942838698
39628449278593096,0.0,0.07,0.93,0.0,0.18296182545011158
39628449278592785,0.0,0.02,0.98,0.0,0.07072027127091034
39628449278592758,0.0,0.24,0.76,0.0,0.39752013969226113
39628449278592915,0.0,0.66,0.34,0.0,0.46240935248651505
39628449270205237,0.0,0.26,0.74,0.0,0.4133731862463089
39628449278592869,0.0,0.1,0.9,0.0,0.2344977967946406
39628449278592916,0.0,0.39,0.61,0.0,0.4823997742525436
39628417137640774,0.0,0.92,0.08,0.0,0.2010895951011364
39628411764736293,0.0,0.97,0.03,0.0,0.0971959289157881
39628459860821380,0.0,0.11,0.89,0.0,0.249957979082264
39628417158615972,0.0,0.61,0.39,0.0,0.4823997742525436
39628433252156577,0.0,0.03,0.97,0.0,0.0971959289157881
39628411764736369,0.0,0.82,0.18,0.0,0.34003852286413994
39628459860821230,0.0,0.89,0.11,0.0,0.249957979082264
39628449278593965,0.0,0.03,0.97,0.0,0.0971959289157881
39628427925391109,0.0,0.75,0.25,0.0,0.4056390622295664
39628433285710203,0.0,0.81,0.19,0.0,0.3507357299419487
39628443926660689,0.0,0.05,0.95,0.0,0.14319847855797813
39628449278592831,0.0,0.85,0.15,0.0,0.3049201523582002
39628443926659542,0.0,0.89,0.11,0.0,0.249957979082264
39628443926660729,0.01,0.92,0.07,0.0,0.22283217282912027
39628459860821378,0.02,0.92,0.06,0.0,0.23354072007950172
39628459860822031,0.0,0.53,0.47,0.0,0.4987007942838698
39628459860820563,0.0,0.01,0.99,0.0,0.04039656794795559
39628459860821045,0.0,0.94,0.06,0.0,0.16372245957723813
39628443935050094,0.0,0.09,0.91,0.0,0.21823490853205144
39628454571805537,0.0,0.26,0.74,0.0,0.4133731862463089
39628411747960955,0.0,0.97,0.03,0.0,0.0971959289157881
39628417158615907,0.0,0.52,0.48,0.0,0.4994227679976009
39628417158615794,0.0,0.52,0.48,0.0,0.4994227679976009
39628417133449919,0.0,0.53,0.47,0.0,0.4987007942838698
39628411764736779,0.0,0.98,0.02,0.0,0.07072027127091034
39628417133450128,0.0,0.87,0.13,0.0,0.2787190925139945
39628449278591375,0.0,0.22,0.78,0.0,0.38008375148098283
39628443968604611,0.0,0.03,0.97,0.0,0.0971959289157881
39628454580193007,0.0,0.96,0.04,0.0,0.12114609454120741
39628459860825022,0.0,0.0,1.0,0.0,-0.0
39628443926662181,0.0,0.47,0.53,0.0,0.4987007942838698
39628438625061911,0.0,0.61,0.39,0.0,0.4823997742525436
39628438625062022,0.0,0.03,0.97,0.0,0.0971959289157881
39628411739574802,0.0,0.26,0.74,0.0,0.4133731862463089
39628411743765176,0.01,0.93,0.06,0.0,0.20367037270049304
39628422514742422,0.0,0.12,0.88,0.0,0.2646804326436822
39628422514742706,0.0,0.13,0.87,0.0,0.2787190925139945
39628422514742421,0.0,0.07,0.93,0.0,0.18296182545011158
39628422518931653,0.0,0.25,0.75,0.0,0.4056390622295664
39628443926660146,0.0,0.33,0.67,0.0,0.4574631863898637
39628427896031008,0.0,0.3,0.7,0.0,0.44064544961534635
39628465154035042,0.0,0.39,0.61,0.0,0.4823997742525436
39628427891836273,0.0,0.01,0.96,0.03,0.13737165703039006
39628427891836264,0.0,0.91,0.09,0.0,0.21823490853205144
39628427904419138,0.0,0.36,0.64,0.0,0.4713415946277461
39628417167002749,0.0,0.04,0.96,0.0,0.12114609454120741
39628443964408293,0.0,0.69,0.31,0.0,0.4465867291889284
39628427904418973,0.0,0.94,0.06,0.0,0.16372245957723813
39628438629254880,0.0,0.99,0.01,0.0,0.04039656794795559
39628443956023198,0.0,0.01,0.98,0.01,0.08072027127091033
39628433264742912,0.0,0.56,0.44,0.0,0.4947937606110278
39628417146028942,0.0,0.02,0.98,0.0,0.07072027127091034
39628411756349297,0.0,0.13,0.87,0.0,0.2787190925139945
39628470422083880,0.0,0.24,0.76,0.0,0.39752013969226113
39628438625061229,0.0,0.96,0.04,0.0,0.12114609454120741
39628459894376594,0.0,0.11,0.89,0.0,0.249957979082264
39628417158616465,0.0,0.13,0.87,0.0,0.2787190925139945
39628417158616411,0.0,0.55,0.45,0.0,0.49638722699390414
39628417158616069,0.0,0.15,0.85,0.0,0.3049201523582002
39628443956022753,0.0,0.94,0.06,0.0,0.16372245957723813
39628465149842079,0.0,0.99,0.01,0.0,0.04039656794795559
39628454592777322,0.0,0.0,1.0,0.0,-0.0
39628422527322083,0.0,0.24,0.76,0.0,0.39752013969226113
39628449257623278,0.0,0.06,0.92,0.02,0.2335407200795017
39628454584387056,0.0,0.01,0.99,0.0,0.04039656794795559
39628449253430041,0.0,0.09,0.91,0.0,0.21823490853205144
39628433252157085,0.0,0.05,0.95,0.0,0.14319847855797813
39628422531515320,0.0,0.89,0.11,0.0,0.249957979082264
39628449257623463,0.0,0.62,0.38,0.0,0.47902101111314976
39628422531515952,0.01,0.53,0.46,0.0,0.5336099245350017
39628465154035407,0.0,0.11,0.89,0.0,0.249957979082264
39628449257622842,0.0,0.2,0.8,0.0,0.36096404744368116
39628433260545320,0.0,0.11,0.89,0.0,0.249957979082264
39628443926663503,0.0,0.06,0.92,0.02,0.2335407200795017
39628422531515563,0.0,0.26,0.74,0.0,0.4133731862463089
39628465170809308,0.0,0.0,0.91,0.09,0.21823490853205144
39628438633449177,0.0,0.19,0.81,0.0,0.3507357299419487
39628438633449868,0.0,0.68,0.32,0.0,0.45219072886224687
39628438633449306,0.0,0.51,0.49,0.0,0.49985572087640495
39628454601164879,0.0,0.7,0.3,0.0,0.44064544961534635
39628438633449726,0.0,0.66,0.34,0.0,0.46240935248651505
39628433268936280,0.0,0.59,0.41,0.0,0.488250234378912
39628417158611176,0.0,0.65,0.35,0.0,0.4670340276877455
39628465166620625,0.0,0.04,0.96,0.0,0.12114609454120741
39628465166620211,0.02,0.97,0.01,0.0,0.11097036642660543
39628433268935815,0.0,0.04,0.96,0.0,0.12114609454120741
39628465170809102,0.0,1.0,0.0,0.0,-0.0
39628417154419152,0.0,0.0,1.0,0.0,-0.0
39628438629254660,0.0,0.7,0.3,0.0,0.44064544961534635
39628422531515544,0.0,0.77,0.23,0.0,0.38900565177326885
39628465166620487,0.0,0.08,0.92,0.0,0.2010895951011364
39628433260544392,0.02,0.88,0.1,0.0,0.30368177794258344
39628454601163362,0.0,0.99,0.01,0.0,0.04039656794795559
39628443939244157,0.0,0.08,0.92,0.0,0.2010895951011364
39628422531516669,0.0,0.0,0.87,0.13,0.2787190925139945
39628443960215565,0.0,0.22,0.78,0.0,0.38008375148098283
39628427891836219,0.0,0.18,0.82,0.0,0.34003852286413994
39628454596970591,0.0,0.21,0.79,0.0,0.37074136996563684
39628454596970607,0.0,0.2,0.8,0.0,0.36096404744368116
39628449261818539,0.0,0.65,0.35,0.0,0.4670340276877455
39628465158230307,0.0,0.57,0.43,0.0,0.4929075185894599
39628449261818713,0.0,0.21,0.79,0.0,0.37074136996563684
39628438608285469,0.0,0.0,0.92,0.08,0.2010895951011364
39628433243771056,0.0,0.57,0.43,0.0,0.4929075185894599
39628433256355033,0.0,0.47,0.53,0.0,0.4987007942838698
39628433256355131,0.0,0.69,0.31,0.0,0.4465867291889284
39628433256355009,0.0,0.41,0.59,0.0,0.488250234378912
39628454592778558,0.0,0.26,0.74,0.0,0.4133731862463089
39628427891835552,0.0,0.24,0.76,0.0,0.39752013969226113
39628417150223130,0.0,0.0,1.0,0.0,-0.0
39628454601163367,0.0,0.01,0.99,0.0,0.04039656794795559
39628417141834641,0.0,0.91,0.09,0.0,0.21823490853205144
39628443935049103,0.0,0.02,0.98,0.0,0.07072027127091034
39628433260545556,0.0,0.06,0.93,0.01,0.20367037270049304
39628438608285615,0.0,0.48,0.52,0.0,0.4994227679976009
39628427891836078,0.0,0.83,0.17,0.0,0.32885238937210975
39628438608285701,0.0,0.0,1.0,0.0,-0.0
39628475694318081,0.0,0.38,0.62,0.0,0.47902101111314976
39628438608285488,0.0,0.19,0.81,0.0,0.3507357299419487
39628443960217397,0.0,0.83,0.17,0.0,0.32885238937210975
39628459894376876,0.0,0.08,0.92,0.0,0.2010895951011364
39628454571806377,0.0,0.58,0.42,0.0,0.49072694751682683
39628443926661245,0.0,0.98,0.02,0.0,0.07072027127091034
39628465158231014,0.0,0.07,0.93,0.0,0.18296182545011158
39628465175005996,0.0,0.19,0.81,0.0,0.3507357299419487
39628454596969270,0.0,0.52,0.48,0.0,0.4994227679976009
39628438604091383,0.0,0.04,0.96,0.0,0.12114609454120741
39628417158611109,0.0,0.05,0.94,0.01,0.1832231322266888
39628438591509153,0.0,0.04,0.96,0.0,0.12114609454120741
39628459873403735,0.0,0.21,0.79,0.0,0.37074136996563684
39628465175006312,0.0,0.25,0.75,0.0,0.4056390622295664
39628443943440638,0.0,0.6,0.4,0.0,0.4854752972273343
39628470430467106,0.04,0.96,0.0,0.0,0.12114609454120741
39628465175005288,0.0,0.69,0.31,0.0,0.4465867291889284
39628465175005285,0.0,0.31,0.69,0.0,0.4465867291889284
39628454601163261,0.0,0.22,0.78,0.0,0.38008375148098283
39628475685934096,0.0,0.97,0.03,0.0,0.0971959289157881
39628449295368596,0.0,0.13,0.87,0.0,0.2787190925139945
39628417137639845,0.0,0.17,0.83,0.0,0.32885238937210975
39628443956022232,0.0,0.97,0.03,0.0,0.0971959289157881
39628443956022343,0.0,0.41,0.59,0.0,0.488250234378912
39628438616675599,0.0,0.95,0.05,0.0,0.14319847855797813
39628417158613955,0.0,1.0,0.0,0.0,-0.0
39628417162805285,0.0,0.16,0.84,0.0,0.3171547773202831
39628417146029550,0.0,0.0,0.63,0.37,0.47533604634353294
39628438616676236,0.0,0.03,0.97,0.0,0.0971959289157881
39628422548294901,0.0,0.0,1.0,0.0,-0.0
39628449286981578,0.0,0.42,0.58,0.0,0.49072694751682683
39628465175004427,0.0,0.27,0.73,0.0,0.42073231810408784
39628465175004950,0.0,0.71,0.29,0.0,0.43436062316970225
39628427904420333,0.0,0.24,0.76,0.0,0.39752013969226113
39628465175004872,0.0,0.39,0.61,0.0,0.4823997742525436
39628433268936125,0.0,0.47,0.53,0.0,0.4987007942838698
39628465175004793,0.0,0.11,0.89,0.0,0.249957979082264
39628422539905604,0.0,0.96,0.04,0.0,0.12114609454120741
39628433268936178,0.0,0.86,0.14,0.0,0.292119405821428
39628422548294959,0.0,0.07,0.93,0.0,0.18296182545011158
39628422548295150,0.0,0.11,0.89,0.0,0.249957979082264
39628449291177499,0.0,0.24,0.76,0.0,0.39752013969226113
39628422548295181,0.0,0.02,0.98,0.0,0.07072027127091034
39628433268936050,0.0,0.95,0.05,0.0,0.14319847855797813
39628449286981544,0.0,0.5,0.5,0.0,0.5
39628427925389896,0.0,0.63,0.37,0.0,0.47533604634353294
39628433252156631,0.0,0.57,0.43,0.0,0.4929075185894599
39628422523127451,0.0,0.06,0.94,0.0,0.16372245957723813
39628438604088422,0.0,0.9,0.1,0.0,0.2344977967946406
39628470426272164,0.0,0.95,0.05,0.0,0.14319847855797813
39628449270203538,0.0,0.23,0.77,0.0,0.38900565177326885
39628417137639766,0.0,0.8,0.2,0.0,0.36096404744368116
39628417137639520,0.0,0.39,0.61,0.0,0.4823997742525436
39628454592778310,0.0,0.85,0.15,0.0,0.3049201523582002
39628438608285987,0.0,0.0,0.96,0.04,0.12114609454120741
39628449257623183,0.0,0.23,0.77,0.0,0.38900565177326885
39628465154035142,0.0,0.32,0.68,0.0,0.45219072886224687
39628454592776908,0.0,0.09,0.91,0.0,0.21823490853205144
39628459869211118,0.0,0.13,0.87,0.0,0.2787190925139945
39628422518935980,0.0,0.77,0.23,0.0,0.38900565177326885
39628459869211566,0.0,0.0,0.84,0.16,0.3171547773202831
39628459869211426,0.0,0.84,0.16,0.0,0.3171547773202831
39628459869211560,0.0,0.1,0.9,0.0,0.2344977967946406
39628438637643813,0.0,0.98,0.02,0.0,0.07072027127091034
39628470447245673,0.0,0.39,0.61,0.0,0.4823997742525436
39628443968605019,0.0,0.24,0.76,0.0,0.39752013969226113
39628427925389668,0.0,0.75,0.25,0.0,0.4056390622295664
39628427925389703,0.0,0.02,0.98,0.0,0.07072027127091034
39628417137643696,0.0,0.78,0.22,0.0,0.38008375148098283
39628417162809075,0.0,0.28,0.72,0.0,0.4277254052800653
39628417158614200,0.0,0.64,0.36,0.0,0.4713415946277461
39628417158614241,0.0,0.48,0.52,0.0,0.4994227679976009
39628438616674908,0.0,1.0,0.0,0.0,-0.0
39628454584387165,0.0,0.09,0.91,0.0,0.21823490853205144
39628465154037119,0.0,0.61,0.39,0.0,0.4823997742525436
39628465154037003,0.0,0.26,0.74,0.0,0.4133731862463089
39628454596970393,0.0,0.15,0.85,0.0,0.3049201523582002
39628438599893089,0.0,0.35,0.65,0.0,0.4670340276877455
39628443930857141,0.01,0.99,0.0,0.0,0.04039656794795559
39628438599893258,0.0,0.37,0.63,0.0,0.47533604634353294
39628417146032328,0.0,0.0,0.99,0.01,0.04039656794795559
39628417146032679,0.0,0.33,0.67,0.0,0.4574631863898637
39628454596970375,0.0,0.86,0.14,0.0,0.292119405821428
39628443930857130,0.0,0.0,0.98,0.02,0.07072027127091034
39628443930857233,0.0,0.64,0.36,0.0,0.4713415946277461
39628465154037468,0.0,0.58,0.42,0.0,0.49072694751682683
39628417150222520,0.0,0.03,0.97,0.0,0.0971959289157881
39628417150223297,0.0,0.52,0.48,0.0,0.4994227679976009
39628459873406794,0.0,0.7,0.3,0.0,0.44064544961534635
39628422523128019,0.0,0.78,0.22,0.0,0.38008375148098283
39628459865016481,0.28,0.72,0.0,0.0,0.4277254052800653
39628438625059340,0.0,0.48,0.52,0.0,0.4994227679976009
39628454596970219,0.0,0.74,0.26,0.0,0.4133731862463089
39628465158226039,0.0,0.83,0.17,0.0,0.32885238937210975
39628465149841133,0.0,0.3,0.7,0.0,0.44064544961534635
39628459894377259,0.0,0.37,0.63,0.0,0.47533604634353294
39628438608285773,0.0,0.58,0.42,0.0,0.49072694751682683
39628422548292529,0.0,0.9,0.1,0.0,0.2344977967946406
39628417141834709,0.0,0.79,0.21,0.0,0.37074136996563684
39628427904418986,0.0,0.99,0.01,0.0,0.04039656794795559
39628417162809014,0.0,0.21,0.79,0.0,0.37074136996563684
39628449286981449,0.0,0.03,0.97,0.0,0.0971959289157881
39628438633449917,0.0,0.0,0.94,0.06,0.16372245957723813
39628427891836302,0.0,0.17,0.83,0.0,0.32885238937210975
39628438608285521,0.0,0.0,0.99,0.01,0.04039656794795559
39628438608285537,0.0,0.25,0.75,0.0,0.4056390622295664
39628417146029098,0.0,0.74,0.26,0.0,0.4133731862463089
39628459894375570,0.0,0.06,0.94,0.0,0.16372245957723813
39628454567611474,0.02,0.96,0.02,0.0,0.14114609454120738
39628443972797051,0.0,0.59,0.41,0.0,0.488250234378912
39628443926661432,0.0,1.0,0.0,0.0,-0.0
39628443926661161,0.0,0.53,0.47,0.0,0.4987007942838698
39628443926661067,0.0,0.86,0.14,0.0,0.292119405821428
39628427925390991,0.0,0.08,0.92,0.0,0.2010895951011364
39628417141835128,0.0,0.0,0.98,0.02,0.07072027127091034
39628433252157551,0.0,0.79,0.21,0.0,0.37074136996563684
39628433285711733,0.0,0.78,0.22,0.0,0.38008375148098283
39628433252157642,0.0,0.25,0.75,0.0,0.4056390622295664
39628465170809377,0.0,0.36,0.64,0.0,0.4713415946277461
39628454596970643,0.0,0.38,0.62,0.0,0.47902101111314976
39628438620868566,0.0,0.65,0.35,0.0,0.4670340276877455
39628427891835748,0.0,0.0,0.97,0.03,0.0971959289157881
39628422552485951,0.0,0.81,0.19,0.0,0.3507357299419487
39628422552485997,0.0,0.85,0.15,0.0,0.3049201523582002
39628433260544499,0.0,0.65,0.35,0.0,0.4670340276877455
39628438604090974,0.0,0.01,0.97,0.02,0.11097036642660543
39628422552486191,0.0,0.3,0.7,0.0,0.44064544961534635
39628465145643348,0.0,0.1,0.89,0.01,0.27413031336294724
39628427896032217,0.01,0.99,0.0,0.0,0.04039656794795559
39628454575997018,0.0,0.87,0.13,0.0,0.2787190925139945
39628449270204479,0.0,0.81,0.19,0.0,0.3507357299419487
39628443964411791,0.0,0.78,0.22,0.0,0.38008375148098283
39628443951831092,0.0,0.41,0.59,0.0,0.488250234378912
39628422518933477,0.0,0.59,0.41,0.0,0.488250234378912
39628433285710998,0.0,0.94,0.06,0.0,0.16372245957723813
39628422552486765,0.0,0.29,0.71,0.0,0.43436062316970225
39628449282785476,0.0,0.05,0.95,0.0,0.14319847855797813
39628454559224140,0.0,0.7,0.3,0.0,0.44064544961534635
39628454559224149,0.0,0.93,0.07,0.0,0.18296182545011158
39628433277323336,0.0,0.01,0.99,0.0,0.04039656794795559
39628449278595416,0.0,0.48,0.52,0.0,0.4994227679976009
39628422552486593,0.0,0.72,0.28,0.0,0.4277254052800653
39628417146029670,0.0,0.03,0.97,0.0,0.0971959289157881
39628427904419874,0.0,0.0,0.99,0.01,0.04039656794795559
39628449282787918,0.0,0.78,0.22,0.0,0.38008375148098283
39628438608282519,0.0,0.78,0.22,0.0,0.38008375148098283
39628438608282557,0.0,0.42,0.58,0.0,0.49072694751682683
39628422552486271,0.0,0.19,0.81,0.0,0.3507357299419487
39628422552486260,0.01,0.49,0.5,0.0,0.5353601356354551
39628422552486298,0.0,0.03,0.93,0.04,0.2174448102113104
39628438608282301,0.0,0.89,0.11,0.0,0.249957979082264
39628443964411940,0.0,0.14,0.85,0.01,0.33142210248480686
39628433277323017,0.0,0.0,0.98,0.02,0.07072027127091034
39628475698512216,0.0,0.08,0.9,0.02,0.2705942015390087
39628475698512269,0.0,0.26,0.74,0.0,0.4133731862463089
39628438633450707,0.0,1.0,0.0,0.0,-0.0
39628411747960621,0.0,0.92,0.08,0.0,0.2010895951011364
39628449249233566,0.0,0.28,0.72,0.0,0.4277254052800653
39628454605357457,0.0,0.38,0.62,0.0,0.47902101111314976
39628433285710759,0.0,0.41,0.59,0.0,0.488250234378912
39628443964410161,0.0,0.01,0.99,0.0,0.04039656794795559
39628465170809205,0.0,0.92,0.08,0.0,0.2010895951011364
39628433285710681,0.0,0.98,0.02,0.0,0.07072027127091034
39628449249233504,0.0,0.98,0.02,0.0,0.07072027127091034
39628443972796598,0.0,0.22,0.78,0.0,0.38008375148098283
39628433260544526,0.0,0.22,0.78,0.0,0.38008375148098283
39628422552486882,0.0,0.03,0.97,0.0,0.0971959289157881
39628443926659318,0.0,0.91,0.09,0.0,0.21823490853205144
39628411743765869,0.0,0.94,0.06,0.0,0.16372245957723813
39628443968604521,0.0,0.17,0.83,0.0,0.32885238937210975
39628411739574425,0.0,0.8,0.2,0.0,0.36096404744368116
39628454605357328,0.0,0.98,0.02,0.0,0.07072027127091034
39628422518933129,0.0,0.19,0.81,0.0,0.3507357299419487
39628443964411903,0.0,0.03,0.97,0.0,0.0971959289157881
39628411743765408,0.0,0.99,0.01,0.0,0.04039656794795559
39628411743765505,0.0,0.77,0.23,0.0,0.38900565177326885
39628406345697623,0.0,0.45,0.55,0.0,0.49638722699390414
39628411764740791,0.0,0.77,0.23,0.0,0.38900565177326885
39628454601166144,0.02,0.97,0.01,0.0,0.11097036642660543
39628465158227988,0.0,0.4,0.6,0.0,0.4854752972273343
39628438620868611,0.0,0.0,1.0,0.0,-0.0
39628433256350267,0.0,0.06,0.94,0.0,0.16372245957723813
39628449278593500,0.0,0.0,0.94,0.06,0.16372245957723813
39628433252158159,0.0,0.48,0.52,0.0,0.4994227679976009
39628427887645333,0.0,0.0,0.92,0.08,0.2010895951011364
39628454584387134,0.0,0.67,0.33,0.0,0.4574631863898637
39628470430466398,0.0,0.09,0.89,0.02,0.2875800930424113
39628427891835339,0.0,0.29,0.71,0.0,0.43436062316970225
39628417137640824,0.0,0.21,0.79,0.0,0.37074136996563684
39628417137640849,0.0,0.24,0.76,0.0,0.39752013969226113
39628454584387419,0.0,0.08,0.92,0.0,0.2010895951011364
39628427887645851,0.0,0.62,0.38,0.0,0.47902101111314976
39628454584387127,0.0,0.54,0.46,0.0,0.49768921941011285
39628427891835056,0.0,0.28,0.72,0.0,0.4277254052800653
39628449286983310,0.0,0.78,0.22,0.0,0.38008375148098283
39628411756348404,0.0,0.35,0.65,0.0,0.4670340276877455
39628470430466436,0.0,0.78,0.22,0.0,0.38008375148098283
39628449286982234,0.0,0.25,0.75,0.0,0.4056390622295664
39628433273130254,0.0,0.05,0.95,0.0,0.14319847855797813
39628433268936016,0.0,0.1,0.9,0.0,0.2344977967946406
39628433256353054,0.0,0.08,0.92,0.0,0.2010895951011364
39628449278594279,0.0,0.22,0.78,0.0,0.38008375148098283
39628449286981569,0.0,0.11,0.89,0.0,0.249957979082264
39628454567609704,0.0,0.0,0.99,0.01,0.04039656794795559
39628433260547257,0.0,0.92,0.08,0.0,0.2010895951011364
39628433260547323,0.0,0.41,0.59,0.0,0.488250234378912
39628422544097338,0.0,0.78,0.22,0.0,0.38008375148098283
39628417158612147,0.0,0.55,0.45,0.0,0.49638722699390414
39628427912807709,0.0,0.01,0.99,0.0,0.04039656794795559
39628449282788404,0.0,0.01,0.99,0.0,0.04039656794795559
39628454588584443,0.0,0.08,0.92,0.0,0.2010895951011364
39628438633448986,0.0,0.88,0.12,0.0,0.2646804326436822
39628433256352533,0.0,0.98,0.02,0.0,0.07072027127091034
39628422544097889,0.0,0.0,1.0,0.0,-0.0
39628433256352617,0.0,0.97,0.03,0.0,0.0971959289157881
39628459881794869,0.0,0.17,0.83,0.0,0.32885238937210975
39628438633448842,0.0,0.46,0.54,0.0,0.49768921941011285
39628454592774405,0.0,0.0,0.99,0.01,0.04039656794795559
39628449291176873,0.0,0.18,0.81,0.01,0.37899559358928114
39628417141835457,0.0,0.92,0.08,0.0,0.2010895951011364
39628465154032126,0.0,0.43,0.57,0.0,0.4929075185894599
39628443960217286,0.0,0.52,0.48,0.0,0.4994227679976009
39628449291176924,0.0,0.02,0.98,0.0,0.07072027127091034
39628459890185733,0.0,0.34,0.66,0.0,0.46240935248651505
39628470434661981,0.0,0.0,1.0,0.0,-0.0
39628454592776873,0.0,0.04,0.96,0.0,0.12114609454120741
39628443964412109,0.0,0.89,0.11,0.0,0.249957979082264
39628449291175362,0.0,0.01,0.98,0.01,0.08072027127091033
39628449270206796,0.0,0.54,0.46,0.0,0.49768921941011285
39628449270207113,0.0,0.7,0.3,0.0,0.44064544961534635
39628449270206702,0.0,0.66,0.34,0.0,0.46240935248651505
39628422544097885,0.0,0.05,0.95,0.0,0.14319847855797813
39628417154418086,0.0,0.08,0.92,0.0,0.2010895951011364
39628438633448805,0.0,0.89,0.11,0.0,0.249957979082264
39628438612478633,0.0,0.36,0.64,0.0,0.4713415946277461
39628422544097798,0.0,1.0,0.0,0.0,-0.0
39628427917003867,0.0,0.12,0.88,0.0,0.2646804326436822
39628433260547348,0.0,0.46,0.54,0.0,0.49768921941011285
39628427917003697,0.0,0.05,0.95,0.0,0.14319847855797813
39628443968602183,0.0,0.21,0.79,0.0,0.37074136996563684
39628433260547544,0.0,0.14,0.86,0.0,0.292119405821428
39628470438858060,0.0,1.0,0.0,0.0,-0.0
39628433260547801,0.0,0.73,0.27,0.0,0.42073231810408784
39628459890185833,0.0,0.2,0.8,0.0,0.36096404744368116
39628422544097790,0.0,0.39,0.61,0.0,0.4823997742525436
39628459890185312,0.0,0.53,0.47,0.0,0.4987007942838698
39628454567612508,0.0,0.63,0.37,0.0,0.47533604634353294
39628427917003417,0.0,0.46,0.54,0.0,0.49768921941011285
39628422544097458,0.0,0.0,0.98,0.02,0.07072027127091034
39628449295369733,0.0,0.13,0.87,0.0,0.2787190925139945
39628449278594617,0.0,0.0,0.87,0.13,0.2787190925139945
39628422539905851,0.0,0.73,0.27,0.0,0.42073231810408784
39628433256351983,0.0,0.18,0.82,0.0,0.34003852286413994
39628438633451581,0.0,0.27,0.73,0.0,0.42073231810408784
39628459877602260,0.0,0.99,0.01,0.0,0.04039656794795559
39628422539905979,0.0,0.55,0.45,0.0,0.49638722699390414
39628433252159127,0.0,0.03,0.97,0.0,0.0971959289157881
39628417141836970,0.0,0.27,0.73,0.0,0.42073231810408784
39628417141836825,0.0,0.21,0.79,0.0,0.37074136996563684
39628443964410320,0.0,0.87,0.13,0.0,0.2787190925139945
39628422544097526,0.0,0.48,0.52,0.0,0.4994227679976009
39628465154035801,0.0,0.0,0.85,0.15,0.3049201523582002
39628433268933450,0.0,0.64,0.36,0.0,0.4713415946277461
39628459877598051,0.0,0.75,0.25,0.0,0.4056390622295664
39628454596968492,0.0,0.4,0.6,0.0,0.4854752972273343
39628449286981531,0.0,0.75,0.25,0.0,0.4056390622295664
39628422527321779,0.0,0.14,0.86,0.0,0.292119405821428
39628443972797156,0.0,0.19,0.81,0.0,0.3507357299419487
39628449286981401,0.0,0.13,0.87,0.0,0.2787190925139945
39628438595701697,0.0,0.76,0.24,0.0,0.39752013969226113
39628454576001530,0.0,0.63,0.37,0.0,0.47533604634353294
39628443956023863,0.0,0.0,1.0,0.0,-0.0
39628454601166156,0.0,0.64,0.36,0.0,0.4713415946277461
39628454601166155,0.0,0.98,0.02,0.0,0.07072027127091034
39628465158230953,0.0,0.95,0.05,0.0,0.14319847855797813
39628438612478902,0.0,0.75,0.25,0.0,0.4056390622295664
39628443968602221,0.0,0.92,0.08,0.0,0.2010895951011364
39628465154035919,0.0,0.74,0.26,0.0,0.4133731862463089
39628465154035553,0.0,0.42,0.58,0.0,0.49072694751682683
39628417154420502,0.0,0.72,0.28,0.0,0.4277254052800653
39628443968605754,0.0,0.66,0.34,0.0,0.46240935248651505
39628449278595459,0.0,0.88,0.12,0.0,0.2646804326436822
39628411743769141,0.0,1.0,0.0,0.0,-0.0
39628443939243542,0.0,0.04,0.96,0.0,0.12114609454120741
39628411747958981,0.0,0.42,0.58,0.0,0.49072694751682683
39628459873407569,0.0,0.15,0.85,0.0,0.3049201523582002
39628449274398757,0.0,0.86,0.14,0.0,0.292119405821428
39628411747959005,0.0,0.64,0.36,0.0,0.4713415946277461
39628427887643554,0.0,0.96,0.04,0.0,0.12114609454120741
39628417162809337,0.0,0.96,0.04,0.0,0.12114609454120741
39628411747959048,0.0,0.73,0.27,0.0,0.42073231810408784
39628417158615147,0.0,0.94,0.06,0.0,0.16372245957723813
39628411747959125,0.0,0.78,0.22,0.0,0.38008375148098283
39628417158615431,0.0,0.97,0.03,0.0,0.0971959289157881
39628427887643231,0.0,0.24,0.76,0.0,0.39752013969226113
39628417141837512,0.0,0.65,0.35,0.0,0.4670340276877455
39628417158614571,0.0,0.89,0.11,0.0,0.249957979082264
39628427887643396,0.0,0.47,0.53,0.0,0.4987007942838698
39628411756349546,0.0,0.7,0.3,0.0,0.44064544961534635
39628411756349149,0.0,0.81,0.19,0.0,0.3507357299419487
39628449282788066,0.0,0.09,0.91,0.0,0.21823490853205144
39628411747962539,0.0,0.12,0.88,0.0,0.2646804326436822
39628422527324215,0.0,0.26,0.74,0.0,0.4133731862463089
39628438637645427,0.0,0.66,0.34,0.0,0.46240935248651505
39628433273131581,0.0,0.94,0.06,0.0,0.16372245957723813
39628454567610797,0.0,0.11,0.89,0.0,0.249957979082264
39628438641836292,0.0,0.57,0.43,0.0,0.4929075185894599
39628438641836082,0.0,0.46,0.54,0.0,0.49768921941011285
39628454567609526,0.0,0.45,0.55,0.0,0.49638722699390414
39628454567610805,0.0,0.95,0.05,0.0,0.14319847855797813
39628454567609556,0.0,0.0,0.74,0.26,0.4133731862463089
39628433260548409,0.0,0.7,0.3,0.0,0.44064544961534635
39628417146031559,0.0,0.17,0.83,0.0,0.32885238937210975
39628443968605665,0.0,0.07,0.93,0.0,0.18296182545011158
39628433273130844,0.0,0.28,0.72,0.0,0.4277254052800653
39628443968605659,0.0,0.77,0.23,0.0,0.38900565177326885
39628417158614243,0.0,0.82,0.18,0.0,0.34003852286413994
39628443939245102,0.0,0.57,0.43,0.0,0.4929075185894599
39628443939243292,0.0,0.26,0.74,0.0,0.4133731862463089
39628427929587906,0.0,0.71,0.29,0.0,0.43436062316970225
39628417167004424,0.0,0.98,0.02,0.0,0.07072027127091034
39628417167003723,0.0,0.38,0.62,0.0,0.47902101111314976
39628417167003514,0.0,0.24,0.76,0.0,0.39752013969226113
39628417167002851,0.14,0.86,0.0,0.0,0.292119405821428
39628449274398186,0.0,0.47,0.53,0.0,0.4987007942838698
39628449274398071,0.0,0.89,0.11,0.0,0.249957979082264
39628417167003253,0.0,0.82,0.18,0.0,0.34003852286413994
39628417167002190,0.0,0.06,0.94,0.0,0.16372245957723813
39628417167003159,0.0,0.06,0.93,0.01,0.20367037270049304
39628449274397960,0.01,0.99,0.0,0.0,0.04039656794795559
39628417158614667,0.0,0.95,0.05,0.0,0.14319847855797813
39628417167002613,0.0,0.0,1.0,0.0,-0.0
39628411747959427,0.0,0.83,0.17,0.0,0.32885238937210975
39628411747959088,0.0,0.85,0.15,0.0,0.3049201523582002
39628411747959060,0.0,0.7,0.3,0.0,0.44064544961534635
39628449291175491,0.0,0.2,0.8,0.0,0.36096404744368116
39628422556680523,0.0,0.64,0.36,0.0,0.4713415946277461
39628417171194267,0.0,0.02,0.98,0.0,0.07072027127091034
39628417171194424,0.0,0.9,0.1,0.0,0.2344977967946406
39628449274397995,0.0,0.02,0.98,0.0,0.07072027127091034
39628433260547954,0.0,0.13,0.87,0.0,0.2787190925139945
39628443947630661,0.0,0.16,0.84,0.0,0.3171547773202831
39628443947630645,0.01,0.97,0.02,0.0,0.11097036642660543
39628411752157605,0.0,1.0,0.0,0.0,-0.0
39628443968605433,0.0,0.17,0.83,0.0,0.32885238937210975
39628443968605294,0.0,0.72,0.28,0.0,0.4277254052800653
39628443968605290,0.01,0.97,0.02,0.0,0.11097036642660543
39628433289906178,0.0,1.0,0.0,0.0,-0.0
39628417146031302,0.0,0.03,0.97,0.0,0.0971959289157881
39628443935052306,0.0,0.19,0.81,0.0,0.3507357299419487
39628417167000929,0.0,0.07,0.92,0.01,0.22283217282912027
39628449282787085,0.0,0.02,0.98,0.0,0.07072027127091034
39628470430470408,0.0,0.79,0.21,0.0,0.37074136996563684
39628411743769054,0.0,0.5,0.5,0.0,0.5
39628417141837892,0.0,0.56,0.44,0.0,0.4947937606110278
39628449274397708,0.0,0.69,0.31,0.0,0.4465867291889284
39628449286983407,0.0,0.25,0.75,0.0,0.4056390622295664
39628438595701306,0.0,0.05,0.95,0.0,0.14319847855797813
39628427887646112,0.0,0.25,0.75,0.0,0.4056390622295664
39628411760545943,0.0,0.98,0.02,0.0,0.07072027127091034
39628433289908157,0.0,0.99,0.01,0.0,0.04039656794795559
39628459865016331,0.0,0.04,0.96,0.0,0.12114609454120741
39628427929586322,0.0,0.59,0.41,0.0,0.488250234378912
39628433285712948,0.0,0.02,0.98,0.0,0.07072027127091034
39628449266011656,0.0,0.0,0.91,0.09,0.21823490853205144
39628459860824318,0.0,0.93,0.07,0.0,0.18296182545011158
39628433289906841,0.0,0.11,0.89,0.0,0.249957979082264
39628443935047882,0.0,0.17,0.83,0.0,0.32885238937210975
39628433264741453,0.0,0.32,0.68,0.0,0.45219072886224687
39628449282789157,0.0,0.28,0.72,0.0,0.4277254052800653
39628465149839534,0.0,0.96,0.04,0.0,0.12114609454120741
39628443930855137,0.0,0.85,0.15,0.0,0.3049201523582002
39628449278591681,0.0,0.9,0.1,0.0,0.2344977967946406
39628433281515920,0.0,0.9,0.1,0.0,0.2344977967946406
39628433252158294,0.0,0.35,0.65,0.0,0.4670340276877455
39628449282789422,0.0,0.5,0.5,0.0,0.5
39628422544098143,0.0,0.8,0.2,0.0,0.36096404744368116
39628433252158352,0.0,0.65,0.35,0.0,0.4670340276877455
39628459869213418,0.0,0.76,0.24,0.0,0.39752013969226113
39628438595699517,0.0,0.04,0.96,0.0,0.12114609454120741
39628459860824075,0.0,0.71,0.29,0.0,0.43436062316970225
39628465149839222,0.0,0.14,0.86,0.0,0.292119405821428
39628454559223855,0.0,0.95,0.05,0.0,0.14319847855797813
39628459865016618,0.0,0.06,0.94,0.0,0.16372245957723813
39628459865016632,0.0,0.42,0.58,0.0,0.49072694751682683
39628433260547032,0.0,0.07,0.93,0.0,0.18296182545011158
39628417150223853,0.0,0.66,0.34,0.0,0.46240935248651505
39628459860824530,0.0,0.43,0.57,0.0,0.4929075185894599
39628433264739077,0.0,0.12,0.88,0.0,0.2646804326436822
39628433264739070,0.0,0.0,0.94,0.06,0.16372245957723813
39628433252158370,0.0,0.01,0.99,0.0,0.04039656794795559
39628411747962093,0.0,0.04,0.96,0.0,0.12114609454120741
39628433252158037,0.0,0.31,0.69,0.0,0.4465867291889284
39628417133449440,0.0,0.56,0.44,0.0,0.4947937606110278
39628449295368572,0.0,0.31,0.69,0.0,0.4465867291889284
39628443956020335,0.0,0.73,0.27,0.0,0.42073231810408784
39628443939245466,0.0,0.08,0.92,0.0,0.2010895951011364
39628443939245515,0.0,0.02,0.97,0.01,0.11097036642660543
39628433281518318,0.0,0.05,0.95,0.0,0.14319847855797813
39628411747961646,0.0,0.57,0.43,0.0,0.4929075185894599
39628411747961968,0.0,0.53,0.47,0.0,0.4987007942838698
39628411747961750,0.0,0.9,0.1,0.0,0.2344977967946406
39628465158226221,0.0,0.79,0.21,0.0,0.37074136996563684
39628454605359714,0.0,0.52,0.48,0.0,0.4994227679976009
39628454592778505,0.0,0.9,0.1,0.0,0.2344977967946406
39628454605359111,0.0,0.06,0.93,0.01,0.20367037270049304
39628454605358947,0.0,0.85,0.15,0.0,0.3049201523582002
39628433264740991,0.0,0.1,0.9,0.0,0.2344977967946406
39628411743767397,0.0,0.02,0.98,0.0,0.07072027127091034
39628417137644506,0.0,0.74,0.26,0.0,0.4133731862463089
39628417133448218,0.0,0.57,0.43,0.0,0.4929075185894599
39628454601166970,0.0,1.0,0.0,0.0,-0.0
39628417133448162,0.0,0.84,0.16,0.0,0.3171547773202831
39628454601166400,0.0,0.07,0.92,0.01,0.22283217282912027
39628417137640520,0.0,0.61,0.39,0.0,0.4823997742525436
39628411764741633,0.01,0.99,0.0,0.0,0.04039656794795559
39628417137640188,0.0,0.6,0.4,0.0,0.4854752972273343
39628411768930457,0.0,0.93,0.07,0.0,0.18296182545011158
39628411764742120,0.0,0.78,0.22,0.0,0.38008375148098283
39628411764741924,0.0,0.43,0.57,0.0,0.4929075185894599
39628411752156807,0.0,0.41,0.59,0.0,0.488250234378912
39628411752156328,0.0,0.73,0.27,0.0,0.42073231810408784
39628411752156149,0.03,0.97,0.0,0.0,0.0971959289157881
39628427929586416,0.0,0.94,0.06,0.0,0.16372245957723813
39628411752156016,0.0,0.2,0.8,0.0,0.36096404744368116
39628411752155643,0.0,0.74,0.26,0.0,0.4133731862463089
39628427929586157,0.0,0.68,0.32,0.0,0.45219072886224687
39628411752156128,0.0,0.86,0.14,0.0,0.292119405821428
39628411752155950,0.0,0.86,0.14,0.0,0.292119405821428
39628411756349683,0.0,0.91,0.09,0.0,0.21823490853205144
39628411752157474,0.0,0.77,0.23,0.0,0.38900565177326885
39628422514742085,0.0,0.11,0.89,0.0,0.249957979082264
39628411764736207,0.0,0.52,0.48,0.0,0.4994227679976009
39628449274398178,0.0,0.88,0.12,0.0,0.2646804326436822
39628411760542574,0.0,0.78,0.22,0.0,0.38008375148098283
39628449274399270,0.0,0.0,1.0,0.0,-0.0
39628411756348603,0.0,0.68,0.32,0.0,0.45219072886224687
39628411756348602,0.0,0.62,0.38,0.0,0.47902101111314976
39628411756348436,0.0,0.8,0.2,0.0,0.36096404744368116
39628411752157584,0.0,0.39,0.61,0.0,0.4823997742525436
39628411756350866,0.0,0.75,0.25,0.0,0.4056390622295664
39628411756349471,0.0,0.99,0.01,0.0,0.04039656794795559
39628417158615602,0.0,0.87,0.13,0.0,0.2787190925139945
39628427887643312,0.0,0.21,0.79,0.0,0.37074136996563684
39628449278591394,0.0,0.56,0.44,0.0,0.4947937606110278
39628459873407824,0.0,0.89,0.11,0.0,0.249957979082264
39628449278591764,0.0,0.47,0.53,0.0,0.4987007942838698
39628443935047819,0.0,0.8,0.2,0.0,0.36096404744368116
39628459885987619,0.0,0.64,0.36,0.0,0.4713415946277461
39628438633450642,0.0,0.0,1.0,0.0,-0.0
39628449274400008,0.0,0.96,0.04,0.0,0.12114609454120741
39628406345696661,0.0,0.97,0.03,0.0,0.0971959289157881
39628411760542270,0.0,0.55,0.45,0.0,0.49638722699390414
39628427929587362,0.0,0.02,0.98,0.0,0.07072027127091034
39628406345696683,0.0,0.76,0.24,0.0,0.39752013969226113
39628422514742057,0.0,0.68,0.32,0.0,0.45219072886224687
39628411756349373,0.0,0.98,0.02,0.0,0.07072027127091034
39628406345697665,0.0,0.88,0.12,0.0,0.2646804326436822
39628406345697485,0.0,0.49,0.51,0.0,0.49985572087640495
39628449274399586,0.0,0.99,0.01,0.0,0.04039656794795559
39628449282786567,0.05,0.95,0.0,0.0,0.14319847855797813
39628449274398744,0.0,0.99,0.01,0.0,0.04039656794795559
39628443972799351,0.0,0.12,0.88,0.0,0.2646804326436822
39628449274399512,0.01,0.92,0.07,0.0,0.22283217282912027
39628449274399932,0.0,0.38,0.62,0.0,0.47902101111314976
39628443935047698,0.0,0.41,0.59,0.0,0.488250234378912
39628411739572449,0.01,0.98,0.01,0.0,0.08072027127091033
39628411739572278,0.0,0.67,0.33,0.0,0.4574631863898637
39628406341504764,0.0,0.81,0.19,0.0,0.3507357299419487
39628411764736920,0.0,0.78,0.22,0.0,0.38008375148098283
39628422518933786,0.0,0.71,0.29,0.0,0.43436062316970225
39628411764736649,0.0,0.48,0.52,0.0,0.4994227679976009
39628422514741311,0.0,0.93,0.07,0.0,0.18296182545011158
39628422514739429,0.0,0.98,0.02,0.0,0.07072027127091034
39628411739572225,0.0,0.32,0.68,0.0,0.45219072886224687
39628459860820972,0.0,0.15,0.85,0.0,0.3049201523582002
39628406341503351,0.0,1.0,0.0,0.0,-0.0
39628411756347436,0.0,0.97,0.03,0.0,0.0971959289157881
39628411764736637,0.0,0.17,0.83,0.0,0.32885238937210975
39628406341503118,0.0,0.99,0.01,0.0,0.04039656794795559
39628411752157210,0.0,0.62,0.38,0.0,0.47902101111314976
39628422518932507,0.0,0.79,0.21,0.0,0.37074136996563684
39628449278591367,0.0,0.92,0.08,0.0,0.2010895951011364
39628438633450492,0.0,0.44,0.56,0.0,0.4947937606110278
39628422518932575,0.0,0.9,0.1,0.0,0.2344977967946406
39628449278591538,0.0,0.37,0.63,0.0,0.47533604634353294
39628449274400151,0.0,0.89,0.11,0.0,0.249957979082264
39628449274400339,0.0,0.0,0.99,0.01,0.04039656794795559
39628449274400386,0.0,0.01,0.99,0.0,0.04039656794795559
39628406345699065,0.0,1.0,0.0,0.0,-0.0
39628406345698462,0.0,0.66,0.34,0.0,0.46240935248651505
39628406345698702,0.05,0.94,0.01,0.0,0.1832231322266888
39628406345698063,0.0,0.55,0.45,0.0,0.49638722699390414
39628406349890081,0.02,0.98,0.0,0.0,0.07072027127091034
39628422514739473,0.0,0.79,0.21,0.0,0.37074136996563684
39628411747959700,0.0,0.36,0.64,0.0,0.4713415946277461
39628406349889911,0.0,0.78,0.22,0.0,0.38008375148098283
39628427929586619,0.0,0.98,0.02,0.0,0.07072027127091034
39628406345698269,0.0,0.52,0.48,0.0,0.4994227679976009
39628422514739447,0.0,0.74,0.26,0.0,0.4133731862463089
39628422514740545,0.0,0.77,0.23,0.0,0.38900565177326885
39628406341504909,0.0,0.94,0.06,0.0,0.16372245957723813
39628427929586572,0.0,0.96,0.04,0.0,0.12114609454120741
39628406345697923,0.0,0.82,0.18,0.0,0.34003852286413994
39628427904422351,0.0,0.0,0.86,0.14,0.292119405821428
39628411764741416,0.07,0.93,0.0,0.0,0.18296182545011158
39628449274399736,0.0,0.16,0.84,0.0,0.3171547773202831
39628422514742145,0.0,0.39,0.61,0.0,0.4823997742525436
39628449274399587,0.0,0.29,0.71,0.0,0.43436062316970225
39628411756352118,0.0,0.59,0.41,0.0,0.488250234378912
39628443964411959,0.0,0.9,0.1,0.0,0.2344977967946406
39628406345697550,0.0,0.67,0.33,0.0,0.4574631863898637
39628411743769163,0.0,0.67,0.33,0.0,0.4574631863898637
39628411739571830,0.0,0.98,0.02,0.0,0.07072027127091034
39628417137640979,0.0,0.21,0.79,0.0,0.37074136996563684
39628411743769100,0.0,1.0,0.0,0.0,-0.0
39628406345697342,0.0,0.91,0.09,0.0,0.21823490853205144
39628406345697477,0.0,0.89,0.11,0.0,0.249957979082264
39628406345699325,0.0,0.39,0.61,0.0,0.4823997742525436
39628417167003130,0.0,0.8,0.2,0.0,0.36096404744368116
39628417167002814,0.0,0.76,0.24,0.0,0.39752013969226113
39628465149837916,0.0,0.09,0.91,0.0,0.21823490853205144
39628417150223804,0.0,0.17,0.83,0.0,0.32885238937210975
39628459881796738,0.0,1.0,0.0,0.0,-0.0
39628417141835437,0.0,0.77,0.23,0.0,0.38900565177326885
39628422523127381,0.0,0.04,0.96,0.0,0.12114609454120741
39628422523127365,0.0,0.16,0.84,0.0,0.3171547773202831
39628417158613691,0.0,0.37,0.63,0.0,0.47533604634353294
39628427891836290,0.0,0.37,0.63,0.0,0.47533604634353294
39628422523129945,0.0,0.31,0.69,0.0,0.4465867291889284
39628422523127644,0.0,0.98,0.02,0.0,0.07072027127091034
39628459890182354,0.0,0.0,0.71,0.29,0.43436062316970225
39628459873403517,0.0,0.16,0.84,0.0,0.3171547773202831
39628417150223705,0.0,0.45,0.55,0.0,0.49638722699390414
39628459885987229,0.0,0.14,0.86,0.0,0.292119405821428
39628422523130216,0.0,0.79,0.21,0.0,0.37074136996563684
39628459873403593,0.0,0.08,0.92,0.0,0.2010895951011364
39628417137642220,0.0,0.97,0.03,0.0,0.0971959289157881
39628438608285201,0.0,0.0,1.0,0.0,-0.0
39628459869209489,0.0,0.89,0.11,0.0,0.249957979082264
39628433256354577,0.0,0.87,0.13,0.0,0.2787190925139945
39628465158230506,0.0,0.75,0.25,0.0,0.4056390622295664
39628438608285066,0.0,0.02,0.97,0.01,0.11097036642660543
39628438608285227,0.0,0.97,0.03,0.0,0.0971959289157881
39628443947631146,0.0,0.21,0.79,0.0,0.37074136996563684
39628433264739578,0.0,0.46,0.54,0.0,0.49768921941011285
39628417154421103,0.0,0.15,0.85,0.0,0.3049201523582002
39628443960216971,0.0,0.95,0.05,0.0,0.14319847855797813
39628475694318533,0.0,0.7,0.3,0.0,0.44064544961534635
39628417162808997,0.0,0.78,0.22,0.0,0.38008375148098283
39628438633449307,0.0,0.98,0.02,0.0,0.07072027127091034
39628438633449357,0.0,0.87,0.13,0.0,0.2787190925139945
39628438633449259,0.0,0.4,0.6,0.0,0.4854752972273343
39628459898569864,0.0,1.0,0.0,0.0,-0.0
39628417141835295,0.0,0.1,0.9,0.0,0.2344977967946406
39628470426273790,0.0,0.99,0.01,0.0,0.04039656794795559
39628438616671168,0.0,0.49,0.51,0.0,0.49985572087640495
39628465154032372,0.0,0.78,0.22,0.0,0.38008375148098283
39628427925389801,0.0,0.42,0.58,0.0,0.49072694751682683
39628417167001166,0.0,0.45,0.55,0.0,0.49638722699390414
39628417167000147,0.0,0.17,0.83,0.0,0.32885238937210975
39628417167000175,0.0,0.07,0.91,0.02,0.2526241113249394
39628417167000130,0.0,0.2,0.79,0.01,0.39974188986867043
39628465154036692,0.0,0.01,0.92,0.07,0.22283217282912027
39628417146032565,0.0,0.92,0.08,0.0,0.2010895951011364
39628449274398904,0.0,0.69,0.31,0.0,0.4465867291889284
39628449274398461,0.0,0.01,0.99,0.0,0.04039656794795559
39628417146032675,0.0,0.0,0.9,0.1,0.2344977967946406
39628449274399158,0.0,0.96,0.04,0.0,0.12114609454120741
39628411760546158,0.0,1.0,0.0,0.0,-0.0
39628443930857125,0.0,0.08,0.92,0.0,0.2010895951011364
39628454567613483,0.0,0.0,0.71,0.29,0.43436062316970225
39628427929584925,0.0,0.09,0.91,0.0,0.21823490853205144
39628443930857334,0.0,0.64,0.36,0.0,0.4713415946277461
39628443930857068,0.0,0.19,0.81,0.0,0.3507357299419487
39628417146032659,0.0,0.93,0.07,0.0,0.18296182545011158
39628465154036736,0.0,0.01,0.99,0.0,0.04039656794795559
39628427929585164,0.0,0.55,0.45,0.0,0.49638722699390414
39628443930857202,0.0,0.01,0.98,0.01,0.08072027127091033
39628427891836357,0.0,0.42,0.58,0.0,0.49072694751682683
39628465175005631,0.0,0.51,0.49,0.0,0.49985572087640495
39628427929586939,0.01,0.87,0.12,0.0,0.30414992414989617
39628411747959258,0.0,0.88,0.12,0.0,0.2646804326436822
39628438604091694,0.0,0.87,0.13,0.0,0.2787190925139945
39628427921195757,0.0,0.25,0.75,0.0,0.4056390622295664
39628443972798525,0.0,0.38,0.62,0.0,0.47902101111314976
39628427929585139,0.0,0.27,0.73,0.0,0.42073231810408784
39628417167001615,0.03,0.97,0.0,0.0,0.0971959289157881
39628449274398251,0.0,0.0,0.99,0.01,0.04039656794795559
39628411760546332,0.01,0.9,0.09,0.0,0.2579475764741046
39628411756351867,0.0,1.0,0.0,0.0,-0.0
39628411756352177,0.02,0.98,0.0,0.0,0.07072027127091034
39628411760542146,0.0,0.81,0.19,0.0,0.3507357299419487
39628438608285506,0.0,0.95,0.05,0.0,0.14319847855797813
39628443935051928,0.0,0.46,0.54,0.0,0.49768921941011285
39628427891836257,0.0,0.37,0.63,0.0,0.47533604634353294
39628465166616268,0.0,0.95,0.05,0.0,0.14319847855797813
39628411747959489,0.0,0.6,0.4,0.0,0.4854752972273343
39628411756349613,0.0,0.92,0.08,0.0,0.2010895951011364
39628411756350007,0.0,0.53,0.47,0.0,0.4987007942838698
39628411756350026,0.0,0.94,0.06,0.0,0.16372245957723813
39628443930857367,0.0,0.03,0.97,0.0,0.0971959289157881
39628465154036574,0.0,0.21,0.79,0.0,0.37074136996563684
39628417133449240,0.0,0.3,0.7,0.0,0.44064544961534635
39628443964409772,0.0,0.96,0.04,0.0,0.12114609454120741
39628443964409988,0.0,0.11,0.89,0.0,0.249957979082264
39628427929587514,0.0,0.91,0.09,0.0,0.21823490853205144
39628411768930421,0.0,0.63,0.37,0.0,0.47533604634353294
39628449274398306,0.0,0.99,0.01,0.0,0.04039656794795559
39628411752156946,0.0,0.96,0.04,0.0,0.12114609454120741
39628411747959351,0.0,0.55,0.45,0.0,0.49638722699390414
39628411747959332,0.0,0.46,0.54,0.0,0.49768921941011285
39628411743765875,0.0,1.0,0.0,0.0,-0.0
39628411747959740,0.0,0.72,0.28,0.0,0.4277254052800653
39628443968603068,0.0,0.95,0.05,0.0,0.14319847855797813
39628411760542035,0.0,0.76,0.24,0.0,0.39752013969226113
39628411743765112,0.0,0.02,0.98,0.0,0.07072027127091034
39628443951829072,0.0,0.21,0.79,0.0,0.37074136996563684
39628443939244710,0.0,0.08,0.92,0.0,0.2010895951011364
39628417162805814,0.0,0.8,0.2,0.0,0.36096404744368116
39628422527323630,0.0,0.3,0.7,0.0,0.44064544961534635
39628422544097565,0.0,0.07,0.93,0.0,0.18296182545011158
39628459865019645,0.0,0.86,0.14,0.0,0.292119405821428
39628459865019574,0.0,0.74,0.26,0.0,0.4133731862463089
39628443956023410,0.0,0.0,0.98,0.02,0.07072027127091034
39628459885986283,0.0,0.04,0.96,0.0,0.12114609454120741
39628433289905035,0.0,0.98,0.02,0.0,0.07072027127091034
39628411756351983,0.0,0.55,0.45,0.0,0.49638722699390414
39628454596969425,0.0,0.23,0.77,0.0,0.38900565177326885
39628433273128329,0.0,0.21,0.79,0.0,0.37074136996563684
39628433273128371,0.0,0.18,0.82,0.0,0.34003852286413994
39628454596969420,0.0,0.92,0.08,0.0,0.2010895951011364
39628427912809842,0.0,0.49,0.51,0.0,0.49985572087640495
39628449278594860,0.0,0.6,0.4,0.0,0.4854752972273343
39628417146028932,0.0,0.36,0.64,0.0,0.4713415946277461
39628449282789286,0.0,0.35,0.65,0.0,0.4670340276877455
39628465162422313,0.0,0.08,0.92,0.0,0.2010895951011364
39628443956022296,0.0,0.76,0.24,0.0,0.39752013969226113
39628454592774811,0.0,0.13,0.87,0.0,0.2787190925139945
39628454592774861,0.0,0.0,0.95,0.05,0.14319847855797813
39628417146029122,0.0,0.05,0.95,0.0,0.14319847855797813
39628470434665279,0.0,0.87,0.13,0.0,0.2787190925139945
39628438608282804,0.0,0.09,0.91,0.0,0.21823490853205144
39628438608283086,0.0,0.06,0.94,0.0,0.16372245957723813
39628459890185898,0.0,0.87,0.13,0.0,0.2787190925139945
39628438608283494,0.0,0.44,0.56,0.0,0.4947937606110278
39628459877602244,0.0,0.51,0.49,0.0,0.49985572087640495
39628438629256591,0.0,0.61,0.39,0.0,0.4823997742525436
39628433247963715,0.0,0.6,0.4,0.0,0.4854752972273343
39628427891839254,0.0,0.99,0.01,0.0,0.04039656794795559
39628459881791896,0.0,0.21,0.79,0.0,0.37074136996563684
39628443935052147,0.0,0.48,0.52,0.0,0.4994227679976009
39628459881791812,0.0,0.04,0.95,0.01,0.16124668093016215
39628427912811160,0.0,0.0,0.95,0.05,0.14319847855797813
39628427912811170,0.0,0.11,0.89,0.0,0.249957979082264
39628438625059131,0.0,0.61,0.39,0.0,0.4823997742525436
39628422552488636,0.0,0.62,0.38,0.0,0.47902101111314976
39628443960217191,0.0,0.26,0.74,0.0,0.4133731862463089
39628449286983089,0.0,0.96,0.04,0.0,0.12114609454120741
39628438612480099,0.0,0.1,0.9,0.0,0.2344977967946406
39628438612480202,0.0,0.11,0.88,0.01,0.28950944366190023
39628465179199198,0.0,1.0,0.0,0.0,-0.0
39628427904420871,0.0,0.59,0.41,0.0,0.488250234378912
39628427904420662,0.0,0.04,0.96,0.0,0.12114609454120741
39628438591509979,0.0,0.48,0.52,0.0,0.4994227679976009
39628443951830085,0.0,0.21,0.79,0.0,0.37074136996563684
39628427917004800,0.0,0.47,0.53,0.0,0.4987007942838698
39628465166618206,0.0,0.19,0.81,0.0,0.3507357299419487
39628443926663429,0.0,0.07,0.93,0.0,0.18296182545011158
39628443926663446,0.0,0.8,0.2,0.0,0.36096404744368116
39628433285712038,0.0,0.42,0.58,0.0,0.49072694751682683
39628438620864888,0.0,0.56,0.44,0.0,0.4947937606110278
39628443935051888,0.0,0.93,0.07,0.0,0.18296182545011158
39628470426277388,0.0,0.2,0.8,0.0,0.36096404744368116
39628454580192105,0.0,0.01,0.99,0.0,0.04039656794795559
39628470426277006,0.0,0.06,0.93,0.01,0.20367037270049304
39628443960217132,0.0,0.83,0.17,0.0,0.32885238937210975
39628438591508810,0.0,0.0,0.73,0.27,0.42073231810408784
39628443968603822,0.0,0.0,0.97,0.03,0.0971959289157881
39628470426277030,0.0,0.13,0.87,0.0,0.2787190925139945
39628433268933961,0.0,0.88,0.12,0.0,0.2646804326436822
39628454596970748,0.0,0.77,0.23,0.0,0.38900565177326885
39628454592778024,0.0,0.12,0.88,0.0,0.2646804326436822
39628465158227569,0.0,0.24,0.76,0.0,0.39752013969226113
39628422518935741,0.0,0.86,0.14,0.0,0.292119405821428
39628465158227929,0.0,0.24,0.76,0.0,0.39752013969226113
39628427891839323,0.0,0.69,0.31,0.0,0.4465867291889284
39628465149840331,0.0,0.6,0.4,0.0,0.4854752972273343
39628454580193058,0.0,0.46,0.54,0.0,0.49768921941011285
39628459873406922,0.0,0.53,0.47,0.0,0.4987007942838698
39628422527323837,0.0,0.69,0.31,0.0,0.4465867291889284
39628422527323836,0.0,0.61,0.39,0.0,0.4823997742525436
39628454575997730,0.0,0.82,0.18,0.0,0.34003852286413994
39628433252158174,0.0,0.13,0.87,0.0,0.2787190925139945
39628459873406792,0.0,0.16,0.84,0.0,0.3171547773202831
39628459877602551,0.0,0.04,0.96,0.0,0.12114609454120741
39628470438856614,0.0,0.75,0.25,0.0,0.4056390622295664
39628443939244224,0.0,0.22,0.78,0.0,0.38008375148098283
39628454575997453,0.0,0.0,0.97,0.03,0.0971959289157881
39628454584388498,0.0,0.04,0.96,0.0,0.12114609454120741
39628411752154034,0.0,1.0,0.0,0.0,-0.0
39628454596970712,0.0,0.48,0.52,0.0,0.4994227679976009
39628443935051960,0.0,0.47,0.53,0.0,0.4987007942838698
39628454580192062,0.0,0.02,0.98,0.0,0.07072027127091034
39628459881791556,0.0,0.74,0.26,0.0,0.4133731862463089
39628443935051857,0.0,0.03,0.93,0.04,0.2174448102113104
39628454563414199,0.0,0.05,0.95,0.0,0.14319847855797813
39628438595700641,0.0,0.02,0.98,0.0,0.07072027127091034
39628470426277503,0.0,0.45,0.55,0.0,0.49638722699390414
39628454563414318,0.0,0.06,0.94,0.0,0.16372245957723813
39628449249235248,0.0,0.59,0.41,0.0,0.488250234378912
39628438591508892,0.0,0.04,0.96,0.0,0.12114609454120741
39628449249235236,0.0,0.31,0.69,0.0,0.4465867291889284
39628449249235441,0.0,0.75,0.25,0.0,0.4056390622295664
39628454580192555,0.0,0.79,0.21,0.0,0.37074136996563684
39628438591508567,0.0,0.87,0.13,0.0,0.2787190925139945
39628449249233110,0.0,0.02,0.98,0.0,0.07072027127091034
39628438591508681,0.0,0.1,0.9,0.0,0.2344977967946406
39628449249235057,0.0,0.25,0.75,0.0,0.4056390622295664
39628465158227390,0.0,0.6,0.4,0.0,0.4854752972273343
39628465154034189,0.0,0.32,0.68,0.0,0.45219072886224687
39628454559223090,0.0,0.22,0.78,0.0,0.38008375148098283
39628454559222787,0.0,0.44,0.56,0.0,0.4947937606110278
39628459873407579,0.0,0.05,0.95,0.0,0.14319847855797813
39628459873407526,0.0,0.14,0.86,0.0,0.292119405821428
39628470426274926,0.0,0.95,0.05,0.0,0.14319847855797813
39628433268933057,0.0,0.19,0.81,0.0,0.3507357299419487
39628470426274719,0.0,0.27,0.73,0.0,0.42073231810408784
39628470430466302,0.0,0.95,0.05,0.0,0.14319847855797813
39628449295369642,0.0,0.09,0.91,0.0,0.21823490853205144
39628454596970430,0.0,0.07,0.93,0.0,0.18296182545011158
39628454596969523,0.0,0.33,0.67,0.0,0.4574631863898637
39628454596969717,0.0,0.51,0.49,0.0,0.49985572087640495
39628427896032218,0.0,0.13,0.87,0.0,0.2787190925139945
39628454571803845,0.0,0.5,0.5,0.0,0.5
39628454571803769,0.0,0.12,0.88,0.0,0.2646804326436822
39628427891839669,0.0,0.56,0.44,0.0,0.4947937606110278
39628454571803907,0.0,0.28,0.72,0.0,0.4277254052800653
39628454596969489,0.0,0.67,0.33,0.0,0.4574631863898637
39628459881795970,0.0,1.0,0.0,0.0,-0.0
39628433281516015,0.0,0.23,0.77,0.0,0.38900565177326885
39628459877602625,0.0,0.11,0.89,0.0,0.249957979082264
39628454596969519,0.0,0.4,0.6,0.0,0.4854752972273343
39628438633451741,0.01,0.99,0.0,0.0,0.04039656794795559
39628454580191926,0.0,0.11,0.89,0.0,0.249957979082264
39628438616676142,0.0,0.47,0.53,0.0,0.4987007942838698
39628470447247665,0.0,0.15,0.85,0.0,0.3049201523582002
39628470447247759,0.0,0.57,0.43,0.0,0.4929075185894599
39628470426277321,0.0,0.17,0.83,0.0,0.32885238937210975
39628454592777218,0.0,0.64,0.36,0.0,0.4713415946277461
39628433281515871,0.0,0.0,1.0,0.0,-0.0
39628422527321195,0.0,0.89,0.11,0.0,0.249957979082264
39628422552488102,0.0,0.08,0.92,0.0,0.2010895951011364
39628433264741945,0.01,0.8,0.19,0.0,0.3896037431552768
39628454584387619,0.0,0.92,0.08,0.0,0.2010895951011364
39628454584387460,0.0,0.07,0.93,0.0,0.18296182545011158
39628422527321181,0.0,0.67,0.33,0.0,0.4574631863898637
39628449249235243,0.0,0.03,0.97,0.0,0.0971959289157881
39628454584387475,0.0,0.5,0.5,0.0,0.5
39628470426277175,0.0,0.32,0.68,0.0,0.45219072886224687
39628454559226368,0.0,0.0,1.0,0.0,-0.0
39628454584387576,0.0,0.0,1.0,0.0,-0.0
39628438612476504,0.0,0.65,0.35,0.0,0.4670340276877455
39628465166618346,0.0,0.95,0.05,0.0,0.14319847855797813
39628443956022825,0.0,0.42,0.58,0.0,0.49072694751682683
39628438591509567,0.0,0.61,0.39,0.0,0.4823997742525436
39628427904419717,0.0,0.89,0.11,0.0,0.249957979082264
39628433285710051,0.0,0.0,1.0,0.0,-0.0
39628411756347644,0.0,0.18,0.82,0.0,0.34003852286413994
39628459877601193,0.0,0.04,0.96,0.0,0.12114609454120741
39628433289904991,0.0,0.96,0.04,0.0,0.12114609454120741
39628411756348074,0.0,0.98,0.02,0.0,0.07072027127091034
39628449278594911,0.0,0.22,0.78,0.0,0.38008375148098283
39628438591509580,0.0,0.94,0.06,0.0,0.16372245957723813
39628433264742311,0.0,0.15,0.85,0.0,0.3049201523582002
39628427925393351,0.0,0.54,0.46,0.0,0.49768921941011285
39628465149840938,0.0,0.59,0.41,0.0,0.488250234378912
39628454580192066,0.0,0.89,0.11,0.0,0.249957979082264
39628465158228852,0.0,0.75,0.25,0.0,0.4056390622295664
39628417162809172,0.0,0.6,0.4,0.0,0.4854752972273343
39628454576001371,0.0,0.87,0.13,0.0,0.2787190925139945
39628438608282875,0.0,0.17,0.83,0.0,0.32885238937210975
39628443964409099,0.0,0.07,0.93,0.0,0.18296182545011158
39628443943437940,0.0,0.4,0.6,0.0,0.4854752972273343
39628438608282952,0.0,0.15,0.85,0.0,0.3049201523582002
39628438608282876,0.0,0.25,0.75,0.0,0.4056390622295664
39628454576001377,0.0,0.63,0.37,0.0,0.47533604634353294
39628433289907676,0.0,0.85,0.15,0.0,0.3049201523582002
39628470438856338,0.0,0.82,0.18,0.0,0.34003852286413994
39628443960214987,0.0,0.7,0.3,0.0,0.44064544961534635
39628443960214991,0.0,0.18,0.82,0.0,0.34003852286413994
39628443926659453,0.0,0.03,0.96,0.01,0.13737165703039006
39628433277322765,0.0,0.87,0.13,0.0,0.2787190925139945
39628438637642128,0.0,0.99,0.01,0.0,0.04039656794795559
39628454559220889,0.0,0.48,0.52,0.0,0.4994227679976009
39628443960214100,0.0,0.03,0.97,0.0,0.0971959289157881
39628427925393788,0.0,0.89,0.11,0.0,0.249957979082264
39628443968602397,0.0,0.11,0.89,0.0,0.249957979082264
39628465149842476,0.0,0.1,0.9,0.0,0.2344977967946406
39628454571806912,0.0,0.02,0.98,0.0,0.07072027127091034
39628443968605558,0.0,0.07,0.93,0.0,0.18296182545011158
39628438637642126,0.0,0.84,0.16,0.0,0.3171547773202831
39628443968605825,0.0,0.96,0.04,0.0,0.12114609454120741
39628422539905603,0.0,0.78,0.22,0.0,0.38008375148098283
39628427917004824,0.0,0.53,0.47,0.0,0.4987007942838698
39628454580192386,0.0,0.95,0.05,0.0,0.14319847855797813
39628433264741570,0.0,0.01,0.99,0.0,0.04039656794795559
39628449286983405,0.0,0.89,0.11,0.0,0.249957979082264
39628449286983425,0.0,0.07,0.93,0.0,0.18296182545011158
39628438599894178,0.0,0.83,0.17,0.0,0.32885238937210975
39628449249233790,0.0,0.05,0.95,0.0,0.14319847855797813
39628449249233837,0.0,0.98,0.02,0.0,0.07072027127091034
39628449249233779,0.0,0.17,0.83,0.0,0.32885238937210975
39628433277324193,0.0,0.0,1.0,0.0,-0.0
39628454580193210,0.0,0.04,0.96,0.0,0.12114609454120741
39628417137642701,0.0,0.53,0.47,0.0,0.4987007942838698
39628417162806237,0.0,1.0,0.0,0.0,-0.0
39628422523129604,0.0,0.11,0.89,0.0,0.249957979082264
39628454596971742,0.0,1.0,0.0,0.0,-0.0
39628454580192648,0.0,0.0,0.96,0.04,0.12114609454120741
39628438616676424,0.0,0.63,0.37,0.0,0.47533604634353294
39628433247964424,0.0,0.01,0.99,0.0,0.04039656794795559
39628449278593295,0.0,0.54,0.46,0.0,0.49768921941011285
39628417133448006,0.0,0.04,0.86,0.1,0.35253784562109214
39628433243767655,0.0,0.82,0.18,0.0,0.34003852286413994
39628454559219836,0.0,0.3,0.7,0.0,0.44064544961534635
39628433243767447,0.0,0.88,0.12,0.0,0.2646804326436822
39628438587315639,0.0,0.9,0.1,0.0,0.2344977967946406
39628433243767966,0.0,0.88,0.12,0.0,0.2646804326436822
39628433243767553,0.0,0.41,0.59,0.0,0.488250234378912
39628427883450078,0.0,0.89,0.11,0.0,0.249957979082264
39628433243767520,0.0,0.61,0.39,0.0,0.4823997742525436
39628438587315688,0.0,0.92,0.08,0.0,0.2010895951011364
39628427883451050,0.0,0.49,0.51,0.0,0.49985572087640495
39628433243768432,0.0,0.97,0.03,0.0,0.0971959289157881
39628433243768872,0.0,0.09,0.91,0.0,0.21823490853205144
39628433243767894,0.0,0.28,0.72,0.0,0.4277254052800653
39628433243768292,0.01,0.48,0.51,0.0,0.5350686325115535
39628433243767465,0.0,0.97,0.03,0.0,0.0971959289157881
39628433243768145,0.0,0.36,0.64,0.0,0.4713415946277461
39628433243767648,0.0,0.85,0.15,0.0,0.3049201523582002
39628417133447340,0.0,0.95,0.05,0.0,0.14319847855797813
39628433243767947,0.01,0.99,0.0,0.0,0.04039656794795559
39628433243767591,0.0,0.36,0.64,0.0,0.4713415946277461
39628417133447237,0.0,0.92,0.08,0.0,0.2010895951011364
39628433243767569,0.0,0.85,0.15,0.0,0.3049201523582002
39628422518931852,0.0,1.0,0.0,0.0,-0.0
39628433243768440,0.0,0.07,0.93,0.0,0.18296182545011158
39628417133449469,0.0,0.33,0.67,0.0,0.4574631863898637
39628433243768694,0.0,0.76,0.24,0.0,0.39752013969226113
39628427887640831,0.0,0.49,0.51,0.0,0.49985572087640495
39628427887640885,0.0,1.0,0.0,0.0,-0.0
39628417137639567,0.0,0.0,0.96,0.04,0.12114609454120741
39628443951829454,0.0,0.19,0.81,0.0,0.3507357299419487
39628433243768803,0.0,0.01,0.99,0.0,0.04039656794795559
39628427887640749,0.0,0.83,0.17,0.0,0.32885238937210975
39628427887640730,0.0,0.46,0.54,0.0,0.49768921941011285
39628427883450885,0.0,0.82,0.18,0.0,0.34003852286413994
39628433243769014,0.0,0.13,0.87,0.0,0.2787190925139945
39628427883451445,0.0,0.34,0.66,0.0,0.46240935248651505
39628427883451003,0.0,0.24,0.76,0.0,0.39752013969226113
39628427887640720,0.0,0.43,0.57,0.0,0.4929075185894599
39628433243769112,0.0,1.0,0.0,0.0,-0.0
39628427883451501,0.0,0.79,0.21,0.0,0.37074136996563684
39628417133449494,0.0,0.41,0.59,0.0,0.488250234378912
39628427887641512,0.0,0.76,0.24,0.0,0.39752013969226113
39628433243769196,0.0,0.98,0.02,0.0,0.07072027127091034
39628427887641176,0.0,0.67,0.33,0.0,0.4574631863898637
39628427883449886,0.0,0.01,0.99,0.0,0.04039656794795559
39628427883449811,0.0,1.0,0.0,0.0,-0.0
39628427883451792,0.0,0.52,0.48,0.0,0.4994227679976009
39628433289906652,0.0,0.81,0.19,0.0,0.3507357299419487
39628465179197839,0.0,0.65,0.35,0.0,0.4670340276877455
39628443951831010,0.0,1.0,0.0,0.0,-0.0
39628465179197791,0.0,0.25,0.75,0.0,0.4056390622295664
39628427925393068,0.0,0.05,0.95,0.0,0.14319847855797813
39628438608281984,0.0,0.69,0.31,0.0,0.4465867291889284
39628449249232493,0.0,0.32,0.68,0.0,0.45219072886224687
39628438616676277,0.0,0.44,0.56,0.0,0.4947937606110278
39628427883450551,0.0,0.52,0.48,0.0,0.4994227679976009
39628411747961726,0.0,0.27,0.73,0.0,0.42073231810408784
39628411747960988,0.0,0.2,0.8,0.0,0.36096404744368116
39628433243769825,0.0,0.07,0.93,0.0,0.18296182545011158
39628427883450694,0.0,0.67,0.33,0.0,0.4574631863898637
39628411747961618,0.0,0.57,0.43,0.0,0.4929075185894599
39628411747961061,0.0,0.1,0.9,0.0,0.2344977967946406
39628411747960838,0.0,0.44,0.56,0.0,0.4947937606110278
39628433243769286,0.0,0.0,1.0,0.0,-0.0
39628427883450918,0.0,0.94,0.06,0.0,0.16372245957723813
39628427883450351,0.0,0.2,0.8,0.0,0.36096404744368116
39628438616676453,0.0,0.14,0.86,0.0,0.292119405821428
39628449274400907,0.0,0.25,0.75,0.0,0.4056390622295664
39628454596971683,0.0,0.33,0.67,0.0,0.4574631863898637
39628459860820266,0.0,0.97,0.03,0.0,0.0971959289157881
39628459856628825,0.0,0.67,0.33,0.0,0.4574631863898637
39628438616676356,0.0,0.68,0.32,0.0,0.45219072886224687
39628438616676539,0.0,0.34,0.66,0.0,0.46240935248651505
39628449291176022,0.0,0.21,0.79,0.0,0.37074136996563684
39628427925389642,0.0,0.39,0.61,0.0,0.4823997742525436
39628417162806290,0.0,0.5,0.5,0.0,0.5
39628427891839350,0.0,0.94,0.06,0.0,0.16372245957723813
39628427896032445,0.01,0.98,0.01,0.0,0.08072027127091033
39628475685933423,0.0,0.06,0.94,0.0,0.16372245957723813
39628465158228985,0.0,0.2,0.8,0.0,0.36096404744368116
39628449274401102,0.0,0.0,0.87,0.13,0.2787190925139945
39628417137641713,0.0,0.46,0.54,0.0,0.49768921941011285
39628417137641360,0.0,0.4,0.6,0.0,0.4854752972273343
39628417137641352,0.0,0.96,0.04,0.0,0.12114609454120741
39628438633451223,0.0,0.95,0.05,0.0,0.14319847855797813
39628438633451208,0.0,0.12,0.88,0.0,0.2646804326436822
39628443943438254,0.0,0.57,0.43,0.0,0.4929075185894599
39628454601166371,0.0,0.46,0.54,0.0,0.49768921941011285
39628443926660575,0.0,0.96,0.04,0.0,0.12114609454120741
39628433260546744,0.0,0.54,0.46,0.0,0.49768921941011285
39628443960213794,0.0,0.45,0.55,0.0,0.49638722699390414
39628422518932243,0.0,0.88,0.12,0.0,0.2646804326436822
39628417133448543,0.0,0.52,0.48,0.0,0.4994227679976009
39628427883448324,0.0,0.84,0.16,0.0,0.3171547773202831
39628443922469413,0.0,0.09,0.91,0.0,0.21823490853205144
39628443926659929,0.0,0.96,0.04,0.0,0.12114609454120741
39628427883448968,0.0,0.17,0.83,0.0,0.32885238937210975
39628443926659712,0.0,0.01,0.93,0.06,0.20367037270049304
39628417133446776,0.06,0.94,0.0,0.0,0.16372245957723813
39628427883449118,0.0,0.76,0.24,0.0,0.39752013969226113
39628427883449228,0.0,0.39,0.61,0.0,0.4823997742525436
39628427883450272,0.0,0.34,0.66,0.0,0.46240935248651505
39628427883449316,0.0,0.26,0.74,0.0,0.4133731862463089
39628427883449319,0.02,0.98,0.0,0.0,0.07072027127091034
39628427883449572,0.0,0.95,0.05,0.0,0.14319847855797813
39628427883449605,0.0,0.33,0.67,0.0,0.4574631863898637
39628427883449836,0.0,0.57,0.43,0.0,0.4929075185894599
39628417133448704,0.0,0.29,0.71,0.0,0.43436062316970225
39628422510547314,0.0,0.47,0.53,0.0,0.4987007942838698
39628433243767918,0.0,0.74,0.26,0.0,0.4133731862463089
39628417133448997,0.0,0.82,0.18,0.0,0.34003852286413994
39628417133446440,0.0,0.98,0.02,0.0,0.07072027127091034
39628427883451251,0.0,0.96,0.04,0.0,0.12114609454120741
39628427883448603,0.0,0.97,0.03,0.0,0.0971959289157881
39628427883450115,0.0,0.93,0.07,0.0,0.18296182545011158
39628417133449572,0.0,0.82,0.18,0.0,0.34003852286413994
39628422510547566,0.0,0.22,0.78,0.0,0.38008375148098283
39628427883448778,0.0,0.9,0.1,0.0,0.2344977967946406
39628427883451505,0.0,1.0,0.0,0.0,-0.0
39628417133447954,0.0,0.06,0.94,0.0,0.16372245957723813
39628417133449834,0.0,0.52,0.48,0.0,0.4994227679976009
39628427883449585,0.0,0.28,0.72,0.0,0.4277254052800653
39628411739572999,0.0,0.03,0.97,0.0,0.0971959289157881
39628417133447217,0.0,0.99,0.01,0.0,0.04039656794795559
39628459877597885,0.0,0.6,0.4,0.0,0.4854752972273343
39628427925393902,0.0,0.72,0.28,0.0,0.4277254052800653
39628427925394043,0.0,0.01,0.99,0.0,0.04039656794795559
39628449291176581,0.0,0.97,0.03,0.0,0.0971959289157881
39628427883449097,0.0,0.38,0.62,0.0,0.47902101111314976
39628427883449085,0.02,0.98,0.0,0.0,0.07072027127091034
39628411747960805,0.0,0.79,0.21,0.0,0.37074136996563684
39628417133448003,0.0,0.94,0.06,0.0,0.16372245957723813
39628417137644653,0.0,0.83,0.17,0.0,0.32885238937210975
39628411764737950,0.0,0.34,0.66,0.0,0.46240935248651505
39628411747963047,0.0,0.74,0.26,0.0,0.4133731862463089
39628411747962855,0.0,0.25,0.75,0.0,0.4056390622295664
39628411747963028,0.0,0.21,0.79,0.0,0.37074136996563684
39628417133448166,0.0,0.02,0.9,0.08,0.2705942015390087
39628411764737899,0.0,0.75,0.25,0.0,0.4056390622295664
39628411764737937,0.0,0.84,0.16,0.0,0.3171547773202831
39628443926661302,0.0,0.09,0.91,0.0,0.21823490853205144
39628438633451612,0.0,0.02,0.98,0.0,0.07072027127091034
39628470426276888,0.0,0.95,0.05,0.0,0.14319847855797813
39628443951830132,0.0,0.43,0.57,0.0,0.4929075185894599
39628427904419583,0.0,0.53,0.47,0.0,0.4987007942838698
39628459873405719,0.0,0.61,0.39,0.0,0.4823997742525436
39628459873405677,0.0,0.29,0.71,0.0,0.43436062316970225
39628422527321718,0.0,0.01,0.98,0.01,0.08072027127091033
39628449257619934,0.0,0.04,0.96,0.0,0.12114609454120741
39628449286981971,0.0,0.18,0.82,0.0,0.34003852286413994
39628449257619656,0.0,0.0,1.0,0.0,-0.0
39628454563414963,0.0,0.2,0.8,0.0,0.36096404744368116
39628470430466087,0.0,0.71,0.29,0.0,0.43436062316970225
39628459885987207,0.0,0.23,0.77,0.0,0.38900565177326885
39628465145643418,0.0,0.96,0.04,0.0,0.12114609454120741
39628438599894569,0.0,0.41,0.59,0.0,0.488250234378912
39628454580192704,0.0,0.98,0.02,0.0,0.07072027127091034
39628465145646113,0.0,0.98,0.02,0.0,0.07072027127091034
39628465145646031,0.0,0.09,0.91,0.0,0.21823490853205144
39628459898569371,0.0,0.72,0.28,0.0,0.4277254052800653
39628438625062765,0.0,0.9,0.1,0.0,0.2344977967946406
39628433252157779,0.0,0.69,0.31,0.0,0.4465867291889284
39628470430468128,0.0,0.31,0.69,0.0,0.4465867291889284
39628438612477528,0.0,0.35,0.65,0.0,0.4670340276877455
39628470422080204,0.0,0.87,0.13,0.0,0.2787190925139945
39628449282789196,0.0,0.02,0.98,0.0,0.07072027127091034
39628449282789036,0.0,0.05,0.95,0.0,0.14319847855797813
39628454559223266,0.0,0.99,0.01,0.0,0.04039656794795559
39628454559223520,0.0,0.0,0.99,0.01,0.04039656794795559
39628449295369549,0.0,0.37,0.63,0.0,0.47533604634353294
39628443943436357,0.0,0.1,0.9,0.0,0.2344977967946406
39628443943436398,0.0,0.01,0.98,0.01,0.08072027127091033
39628438616676339,0.0,0.3,0.7,0.0,0.44064544961534635
39628443968603589,0.0,0.2,0.8,0.0,0.36096404744368116
39628433260548158,0.0,0.18,0.82,0.0,0.34003852286413994
39628422531515291,0.0,0.35,0.65,0.0,0.4670340276877455
39628454580192102,0.0,0.85,0.15,0.0,0.3049201523582002
39628454580192247,0.0,0.99,0.01,0.0,0.04039656794795559
39628475690124966,0.0,0.11,0.88,0.01,0.28950944366190023
39628470447247704,0.05,0.95,0.0,0.0,0.14319847855797813
39628454580192245,0.0,0.81,0.19,0.0,0.3507357299419487
39628470422080709,0.64,0.36,0.0,0.0,0.4713415946277461
39628465149842852,0.0,0.13,0.87,0.0,0.2787190925139945
39628470447245890,0.01,0.95,0.04,0.0,0.16124668093016215
39628427891838958,0.0,0.3,0.7,0.0,0.44064544961534635
39628449295369083,0.0,0.99,0.01,0.0,0.04039656794795559
39628454584387645,0.0,0.99,0.01,0.0,0.04039656794795559
39628417158614583,0.0,0.76,0.24,0.0,0.39752013969226113
39628417158614649,0.0,0.77,0.23,0.0,0.38900565177326885
39628417158615033,0.0,0.38,0.62,0.0,0.47902101111314976
39628417158614656,0.0,0.88,0.12,0.0,0.2646804326436822
39628422531514775,0.0,0.13,0.87,0.0,0.2787190925139945
39628459877597705,0.0,0.61,0.39,0.0,0.4823997742525436
39628443968603491,0.0,0.16,0.84,0.0,0.3171547773202831
39628454596970014,0.0,0.11,0.89,0.0,0.249957979082264
39628443964409061,0.0,0.35,0.65,0.0,0.4670340276877455
39628454596970055,0.0,1.0,0.0,0.0,-0.0
39628454596970196,0.0,0.05,0.95,0.0,0.14319847855797813
39628454596969952,0.0,0.2,0.8,0.0,0.36096404744368116
39628470422079031,0.0,0.58,0.42,0.0,0.49072694751682683
39628454596970188,0.0,0.0,1.0,0.0,-0.0
39628443964409252,0.0,0.9,0.1,0.0,0.2344977967946406
39628443935048990,0.0,0.8,0.2,0.0,0.36096404744368116
39628470426277440,0.0,0.99,0.01,0.0,0.04039656794795559
39628443939243215,0.0,0.78,0.22,0.0,0.38008375148098283
39628443951829505,0.0,0.97,0.03,0.0,0.0971959289157881
39628411752153606,0.0,0.96,0.04,0.0,0.12114609454120741
39628443968603434,0.0,0.01,0.98,0.01,0.08072027127091033
39628465154034582,0.0,0.02,0.96,0.02,0.14114609454120738
39628470426272445,0.15,0.85,0.0,0.0,0.3049201523582002
39628470426271994,0.0,0.55,0.45,0.0,0.49638722699390414
39628417141834298,0.0,0.86,0.14,0.0,0.292119405821428
39628470426272440,0.0,0.53,0.47,0.0,0.4987007942838698
39628470422078864,0.0,0.55,0.45,0.0,0.49638722699390414
39628411752153196,0.0,0.95,0.05,0.0,0.14319847855797813
39628443951829806,0.0,0.87,0.13,0.0,0.2787190925139945
39628449295368932,0.0,0.33,0.67,0.0,0.4574631863898637
39628465141451470,0.0,0.93,0.07,0.0,0.18296182545011158
39628443922469110,0.0,0.71,0.29,0.0,0.43436062316970225
39628443922469075,0.01,0.97,0.02,0.0,0.11097036642660543
39628443922469125,0.0,0.7,0.3,0.0,0.44064544961534635
39628433285711909,0.0,0.04,0.96,0.0,0.12114609454120741
39628449249233641,0.0,0.5,0.5,0.0,0.5
39628449286981985,0.0,0.77,0.23,0.0,0.38900565177326885
39628438616676027,0.0,0.11,0.89,0.0,0.249957979082264
39628459890184551,0.0,0.08,0.92,0.0,0.2010895951011364
39628443939244491,0.0,0.7,0.3,0.0,0.44064544961534635
39628454559224232,0.0,0.96,0.04,0.0,0.12114609454120741
39628438599894187,0.0,0.1,0.9,0.0,0.2344977967946406
39628417141834988,0.0,0.54,0.46,0.0,0.49768921941011285
39628443935048788,0.0,0.86,0.14,0.0,0.292119405821428
39628433243766867,0.0,0.83,0.17,0.0,0.32885238937210975
39628417133447762,0.0,0.11,0.89,0.0,0.249957979082264
39628449245039810,0.0,1.0,0.0,0.0,-0.0
39628433239577570,0.0,0.93,0.07,0.0,0.18296182545011158
39628454559221247,0.0,0.0,1.0,0.0,-0.0
39628422514742449,0.01,0.6,0.39,0.0,0.5192074835266683
39628422514742276,0.01,0.62,0.37,0.0,0.5123783660260752
39628417133446903,0.0,0.98,0.02,0.0,0.07072027127091034
39628433243766989,0.01,0.99,0.0,0.0,0.04039656794795559
39628422518931571,0.0,0.32,0.68,0.0,0.45219072886224687
39628433239577345,0.0,0.36,0.64,0.0,0.4713415946277461
39628433243767566,0.0,0.94,0.06,0.0,0.16372245957723813
39628422518933901,0.0,0.52,0.48,0.0,0.4994227679976009
39628422514742128,0.0,0.79,0.21,0.0,0.37074136996563684
39628438591505517,0.0,0.65,0.35,0.0,0.4670340276877455
39628454555030438,0.0,0.7,0.3,0.0,0.44064544961534635
39628454559221269,0.0,0.27,0.73,0.0,0.42073231810408784
39628438591504901,0.0,0.63,0.37,0.0,0.47533604634353294
39628449245040484,0.01,0.99,0.0,0.0,0.04039656794795559
39628454559221293,0.0,0.47,0.53,0.0,0.4987007942838698
39628449249232416,0.0,0.69,0.31,0.0,0.4465867291889284
39628449249232682,0.0,0.15,0.85,0.0,0.3049201523582002
39628438591505036,0.0,0.27,0.73,0.0,0.42073231810408784
39628454555030299,0.0,0.7,0.3,0.0,0.44064544961534635
39628449278595345,0.0,0.03,0.97,0.0,0.0971959289157881
39628449278595353,0.0,0.03,0.97,0.0,0.0971959289157881
39628454555030225,0.0,0.96,0.04,0.0,0.12114609454120741
39628454555030023,0.0,0.96,0.04,0.0,0.12114609454120741
39628454555029837,0.0,0.77,0.23,0.0,0.38900565177326885
39628470426274192,0.0,0.77,0.23,0.0,0.38900565177326885
39628459856628785,0.0,0.36,0.64,0.0,0.4713415946277461
39628443951829556,0.0,0.95,0.05,0.0,0.14319847855797813
39628470426274227,0.0,0.88,0.12,0.0,0.2646804326436822
39628438599894030,0.0,0.13,0.87,0.0,0.2787190925139945
39628417162806567,0.0,0.06,0.93,0.01,0.20367037270049304
39628417162806515,0.0,0.58,0.42,0.0,0.49072694751682683
39628438616670762,0.0,0.06,0.94,0.0,0.16372245957723813
39628475690124793,0.0,0.44,0.56,0.0,0.4947937606110278
39628465141450926,0.0,0.74,0.26,0.0,0.4133731862463089
39628443951827598,0.0,0.83,0.17,0.0,0.32885238937210975
39628449245040128,0.0,0.95,0.05,0.0,0.14319847855797813
39628433243767556,0.0,0.99,0.01,0.0,0.04039656794795559
39628438587315949,0.0,0.8,0.2,0.0,0.36096404744368116
39628449249231561,0.0,0.62,0.38,0.0,0.47902101111314976
39628454555030874,0.0,0.04,0.96,0.0,0.12114609454120741
39628422518932061,0.0,0.03,0.97,0.0,0.0971959289157881
39628470417884412,0.0,0.89,0.11,0.0,0.249957979082264
39628438591504671,0.0,0.7,0.3,0.0,0.44064544961534635
39628454555030370,0.0,0.41,0.59,0.0,0.488250234378912
39628454559221729,0.0,0.37,0.63,0.0,0.47533604634353294
39628465141451946,0.0,0.78,0.22,0.0,0.38008375148098283
39628470417883920,0.0,0.67,0.33,0.0,0.4574631863898637
39628449245041164,0.0,0.01,0.99,0.0,0.04039656794795559
39628438587316111,0.0,0.9,0.1,0.0,0.2344977967946406
39628438591504618,0.0,0.09,0.91,0.0,0.21823490853205144
39628422514742507,0.0,0.3,0.7,0.0,0.44064544961534635
39628454555029818,0.0,0.86,0.14,0.0,0.292119405821428
39628449249231252,0.0,0.42,0.58,0.0,0.49072694751682683
39628454555030011,0.0,0.58,0.42,0.0,0.49072694751682683
39628475685931483,0.0,0.74,0.26,0.0,0.4133731862463089
39628454555029681,0.0,0.61,0.39,0.0,0.4823997742525436
39628475685931342,0.0,0.19,0.81,0.0,0.3507357299419487
39628433239577294,0.0,0.45,0.55,0.0,0.49638722699390414
39628433239577308,0.0,0.97,0.03,0.0,0.0971959289157881
39628422518935251,0.0,0.74,0.26,0.0,0.4133731862463089
39628417158614906,0.0,0.92,0.08,0.0,0.2010895951011364
39628438599893893,0.0,0.17,0.83,0.0,0.32885238937210975
39628433260544926,0.0,0.46,0.54,0.0,0.49768921941011285
39628438625062861,0.0,0.0,0.99,0.01,0.04039656794795559
39628417141834715,0.0,0.9,0.1,0.0,0.2344977967946406
39628449270204951,0.0,0.49,0.51,0.0,0.49985572087640495
39628433243768675,0.0,0.62,0.38,0.0,0.47902101111314976
39628449245040667,0.0,0.86,0.14,0.0,0.292119405821428
39628433243767552,0.0,0.92,0.08,0.0,0.2010895951011364
39628433243767863,0.0,0.75,0.25,0.0,0.4056390622295664
39628433239576949,0.0,0.91,0.09,0.0,0.21823490853205144
39628433239576793,0.0,0.92,0.08,0.0,0.2010895951011364
39628427883449821,0.0,0.75,0.25,0.0,0.4056390622295664
39628417133446325,0.0,0.88,0.12,0.0,0.2646804326436822
39628438587315006,0.0,0.92,0.08,0.0,0.2010895951011364
39628438587314430,0.0,0.96,0.04,0.0,0.12114609454120741
39628417133447854,0.0,0.14,0.86,0.0,0.292119405821428
39628422518932998,0.0,0.05,0.95,0.0,0.14319847855797813
39628459856630751,0.0,0.89,0.11,0.0,0.249957979082264
39628465141452110,0.0,0.98,0.02,0.0,0.07072027127091034
39628449249232523,0.0,0.0,0.98,0.02,0.07072027127091034
39628465141451560,0.0,0.86,0.14,0.0,0.292119405821428
39628454555031228,0.0,0.04,0.96,0.0,0.12114609454120741
39628465141451795,0.0,0.81,0.19,0.0,0.3507357299419487
39628449274401012,0.0,0.18,0.82,0.0,0.34003852286413994
39628475685931035,0.0,0.6,0.4,0.0,0.4854752972273343
39628443922470073,0.0,1.0,0.0,0.0,-0.0
39628411752153254,0.0,0.83,0.17,0.0,0.32885238937210975
39628411752153739,0.0,0.5,0.5,0.0,0.5
39628417141833916,0.0,0.33,0.67,0.0,0.4574631863898637
39628417141833853,0.0,1.0,0.0,0.0,-0.0
39628417141834135,0.0,0.03,0.97,0.0,0.0971959289157881
39628470422078675,0.0,0.76,0.24,0.0,0.39752013969226113
39628475685930037,0.0,0.91,0.09,0.0,0.21823490853205144
39628475685930077,0.0,0.79,0.21,0.0,0.37074136996563684
39628433239577027,0.0,0.93,0.07,0.0,0.18296182545011158
39628417133446085,0.0,0.83,0.17,0.0,0.32885238937210975
39628433243767267,0.0,0.91,0.09,0.0,0.21823490853205144
39628465141450794,0.0,1.0,0.0,0.0,-0.0
39628433239576553,0.0,1.0,0.0,0.0,-0.0
39628438587315309,0.0,0.91,0.09,0.0,0.21823490853205144
39628438587314951,0.0,0.95,0.05,0.0,0.14319847855797813
39628411752153419,0.0,0.16,0.84,0.0,0.3171547773202831
39628417133447731,0.0,0.96,0.04,0.0,0.12114609454120741
39628411747962727,0.0,0.74,0.26,0.0,0.4133731862463089
39628454555031210,0.0,0.05,0.94,0.01,0.1832231322266888
39628465141452169,0.0,0.1,0.9,0.0,0.2344977967946406
39628454559220231,0.0,0.16,0.84,0.0,0.3171547773202831
39628454559220067,0.0,0.64,0.36,0.0,0.4713415946277461
39628449245041240,0.0,0.73,0.27,0.0,0.42073231810408784
39628449245039550,0.0,0.94,0.06,0.0,0.16372245957723813
39628443951829930,0.0,0.73,0.27,0.0,0.42073231810408784
39628449249231363,0.0,0.55,0.45,0.0,0.49638722699390414
39628465141451383,0.0,0.47,0.53,0.0,0.4987007942838698
39628449245040098,0.07,0.93,0.0,0.0,0.18296182545011158
39628454559220200,0.0,0.73,0.27,0.0,0.42073231810408784
39628454559220128,0.0,1.0,0.0,0.0,-0.0
39628411743766191,0.0,0.95,0.05,0.0,0.14319847855797813
39628411739570199,0.0,0.57,0.43,0.0,0.4929075185894599
39628411743767470,0.0,0.13,0.87,0.0,0.2787190925139945
39628433252158201,0.0,0.33,0.67,0.0,0.4574631863898637
39628433268933650,0.0,0.72,0.28,0.0,0.4277254052800653
39628465179200582,0.0,0.59,0.41,0.0,0.488250234378912
39628422527324280,0.0,0.17,0.83,0.0,0.32885238937210975
39628459860821960,0.0,0.37,0.63,0.0,0.47533604634353294
39628454575997623,0.0,0.11,0.89,0.0,0.249957979082264
39628422527321357,0.0,0.07,0.93,0.0,0.18296182545011158
39628459860821948,0.0,0.62,0.38,0.0,0.47902101111314976
39628422523127121,0.0,0.73,0.27,0.0,0.42073231810408784
39628433264741761,0.0,0.52,0.48,0.0,0.4994227679976009
39628422523127140,0.0,0.9,0.1,0.0,0.2344977967946406
39628443964410084,0.0,0.39,0.61,0.0,0.4823997742525436
39628443964409932,0.0,0.59,0.41,0.0,0.488250234378912
39628470434665459,0.0,0.77,0.23,0.0,0.38900565177326885
39628433264742024,0.0,0.99,0.01,0.0,0.04039656794795559
39628454575997456,0.0,0.58,0.42,0.0,0.49072694751682683
39628449286982973,0.0,0.09,0.91,0.0,0.21823490853205144
39628438625059716,0.0,0.04,0.96,0.0,0.12114609454120741
39628449270206956,0.0,0.89,0.11,0.0,0.249957979082264
39628443943441950,0.0,0.66,0.34,0.0,0.46240935248651505
39628422527323911,0.0,0.79,0.21,0.0,0.37074136996563684
39628443935051790,0.0,0.77,0.23,0.0,0.38900565177326885
39628454575997434,0.0,0.06,0.94,0.0,0.16372245957723813
39628449286982794,0.0,0.88,0.12,0.0,0.2646804326436822
39628459860820829,0.0,0.58,0.42,0.0,0.49072694751682683
39628449282789274,0.0,0.0,0.98,0.02,0.07072027127091034
39628459856630196,0.0,0.86,0.14,0.0,0.292119405821428
39628433268933653,0.0,0.65,0.35,0.0,0.4670340276877455
39628475694321454,0.0,0.78,0.22,0.0,0.38008375148098283
39628443964409007,0.0,0.61,0.39,0.0,0.4823997742525436
39628422527324324,0.01,0.99,0.0,0.0,0.04039656794795559
39628470434665474,0.0,0.78,0.22,0.0,0.38008375148098283
39628465145648225,0.0,0.74,0.26,0.0,0.4133731862463089
39628449291178183,0.0,0.94,0.06,0.0,0.16372245957723813
39628470438857210,0.0,1.0,0.0,0.0,-0.0
39628443939243529,0.0,0.08,0.92,0.0,0.2010895951011364
39628443939243501,0.0,0.1,0.9,0.0,0.2344977967946406
39628411756349180,0.0,0.86,0.14,0.0,0.292119405821428
39628459873407505,0.0,0.02,0.98,0.0,0.07072027127091034
39628417158614939,0.0,0.28,0.72,0.0,0.4277254052800653
39628417158615076,0.0,0.16,0.84,0.0,0.3171547773202831
39628433264741654,0.0,0.15,0.85,0.0,0.3049201523582002
39628417146031712,0.0,0.57,0.43,0.0,0.4929075185894599
39628433264741903,0.0,0.13,0.86,0.01,0.31810566868628926
39628417162809478,0.0,0.54,0.46,0.0,0.49768921941011285
39628449278592638,0.0,0.9,0.1,0.0,0.2344977967946406
39628459860821763,0.0,0.82,0.18,0.0,0.34003852286413994
39628465149840719,0.0,0.82,0.18,0.0,0.34003852286413994
39628417171194245,0.01,0.99,0.0,0.0,0.04039656794795559
39628417162811331,0.0,0.59,0.41,0.0,0.488250234378912
39628417167004062,0.0,0.17,0.83,0.0,0.32885238937210975
39628459860821465,0.0,0.32,0.68,0.0,0.45219072886224687
39628459860821647,0.0,0.03,0.97,0.0,0.0971959289157881
39628449291175081,0.0,0.67,0.33,0.0,0.4574631863898637
39628449278592940,0.0,0.58,0.42,0.0,0.49072694751682683
39628449278593060,0.0,0.91,0.09,0.0,0.21823490853205144
39628449278593082,0.0,0.2,0.8,0.0,0.36096404744368116
39628459860822737,0.0,0.51,0.49,0.0,0.49985572087640495
39628459860820915,0.0,0.3,0.7,0.0,0.44064544961534635
39628417167000417,0.0,0.09,0.91,0.0,0.21823490853205144
39628443968605126,0.0,0.74,0.26,0.0,0.4133731862463089
39628470426275341,0.0,0.05,0.95,0.0,0.14319847855797813
39628470426275425,0.07,0.92,0.01,0.0,0.22283217282912027
39628438616674195,0.0,0.63,0.37,0.0,0.47533604634353294
39628411764741410,0.0,0.63,0.37,0.0,0.47533604634353294
39628443968602739,0.0,0.91,0.09,0.0,0.21823490853205144
39628454571802851,0.0,0.29,0.71,0.0,0.43436062316970225
39628433289908083,0.0,0.52,0.48,0.0,0.4994227679976009
39628438616673961,0.0,0.18,0.82,0.0,0.34003852286413994
39628449295368966,0.0,0.36,0.64,0.0,0.4713415946277461
39628433264741485,0.0,0.06,0.94,0.0,0.16372245957723813
39628417146030989,0.0,0.14,0.86,0.0,0.292119405821428
39628417146030808,0.0,0.82,0.18,0.0,0.34003852286413994
39628433260546987,0.0,0.45,0.55,0.0,0.49638722699390414
39628443926659510,0.0,0.51,0.49,0.0,0.49985572087640495
39628459860824153,0.0,0.0,0.96,0.04,0.12114609454120741
39628443926659593,0.0,0.99,0.01,0.0,0.04039656794795559
39628411743767131,0.0,0.92,0.08,0.0,0.2010895951011364
39628433277323942,0.0,0.0,0.99,0.01,0.04039656794795559
39628417137643063,0.0,0.23,0.77,0.0,0.38900565177326885
39628449278591605,0.0,0.11,0.89,0.0,0.249957979082264
39628449278591858,0.0,0.2,0.8,0.0,0.36096404744368116
39628459856630776,0.0,0.93,0.07,0.0,0.18296182545011158
39628459856630535,0.0,0.07,0.93,0.0,0.18296182545011158
39628459856630759,0.0,0.71,0.29,0.0,0.43436062316970225
39628459873404254,0.0,0.75,0.25,0.0,0.4056390622295664
39628459856629431,0.0,0.99,0.01,0.0,0.04039656794795559
39628459856630595,0.0,0.84,0.16,0.0,0.3171547773202831
39628454601166169,0.0,0.61,0.39,0.0,0.4823997742525436
39628454601166177,0.0,0.02,0.95,0.03,0.1674722434193448
39628459856629714,0.0,0.62,0.38,0.0,0.47902101111314976
39628433243767916,0.0,0.72,0.28,0.0,0.4277254052800653
39628422514742068,0.0,0.81,0.19,0.0,0.3507357299419487
39628454601166654,0.0,1.0,0.0,0.0,-0.0
39628454559220043,0.0,0.67,0.33,0.0,0.4574631863898637
39628454601166618,0.0,0.98,0.02,0.0,0.07072027127091034
39628449274400561,0.0,0.3,0.7,0.0,0.44064544961534635
39628411739573918,0.0,0.9,0.1,0.0,0.2344977967946406
39628411739574743,0.0,0.89,0.11,0.0,0.249957979082264
39628411739574298,0.0,0.92,0.08,0.0,0.2010895951011364
39628422510547674,0.0,0.83,0.17,0.0,0.32885238937210975
39628411739574822,0.0,0.97,0.03,0.0,0.0971959289157881
39628406337311119,0.02,0.97,0.01,0.0,0.11097036642660543
39628411739572104,0.0,0.82,0.18,0.0,0.34003852286413994
39628411739574973,0.0,0.67,0.33,0.0,0.4574631863898637
39628422510547582,0.0,0.75,0.25,0.0,0.4056390622295664
39628449274399980,0.0,0.01,0.98,0.01,0.08072027127091033
39628411756350326,0.0,0.5,0.5,0.0,0.5
39628411747959586,0.0,0.12,0.88,0.0,0.2646804326436822
39628459860822633,0.0,0.42,0.58,0.0,0.49072694751682683
39628459860822701,0.0,0.88,0.12,0.0,0.2646804326436822
39628411756349879,0.0,0.92,0.08,0.0,0.2010895951011364
39628411760542561,0.0,0.65,0.35,0.0,0.4670340276877455
39628449291174980,0.0,0.56,0.44,0.0,0.4947937606110278
39628459860823571,0.0,0.24,0.76,0.0,0.39752013969226113
39628411764737227,0.0,0.95,0.05,0.0,0.14319847855797813
39628411747960741,0.0,0.6,0.4,0.0,0.4854752972273343
39628417133448950,0.0,0.95,0.05,0.0,0.14319847855797813
39628422510547081,0.0,0.49,0.51,0.0,0.49985572087640495
39628417133447074,0.0,0.97,0.03,0.0,0.0971959289157881
39628417133446953,0.0,0.5,0.5,0.0,0.5
39628417133446993,0.0,0.37,0.63,0.0,0.47533604634353294
39628411747961505,0.0,0.75,0.25,0.0,0.4056390622295664
39628411764736746,0.0,0.89,0.11,0.0,0.249957979082264
39628411747962757,0.0,0.84,0.16,0.0,0.3171547773202831
39628411747960936,0.0,0.95,0.05,0.0,0.14319847855797813
39628422510546658,0.02,0.97,0.01,0.0,0.11097036642660543
39628411739575227,0.0,0.59,0.41,0.0,0.488250234378912
39628417133449851,0.0,0.98,0.02,0.0,0.07072027127091034
39628411739573544,0.0,0.53,0.47,0.0,0.4987007942838698
39628411739573626,0.0,0.91,0.09,0.0,0.21823490853205144
39628411739573702,0.0,0.95,0.05,0.0,0.14319847855797813
39628411739572068,0.0,0.86,0.14,0.0,0.292119405821428
39628406341501957,0.0,0.42,0.58,0.0,0.49072694751682683
39628411739574020,0.0,0.97,0.03,0.0,0.0971959289157881
39628406341501592,0.0,0.67,0.33,0.0,0.4574631863898637
39628417133450252,0.0,0.88,0.12,0.0,0.2646804326436822
39628422514741008,0.0,0.58,0.42,0.0,0.49072694751682683
39628427883451680,0.0,0.47,0.53,0.0,0.4987007942838698
39628422527320290,0.0,0.03,0.96,0.01,0.13737165703039006
39628459860822983,0.0,0.12,0.88,0.0,0.2646804326436822
39628422514738620,0.0,0.99,0.01,0.0,0.04039656794795559
39628411743765532,0.0,0.98,0.02,0.0,0.07072027127091034
39628422514738863,0.0,0.48,0.52,0.0,0.4994227679976009
39628411747961376,0.0,0.07,0.93,0.0,0.18296182545011158
39628411739570721,0.0,0.93,0.07,0.0,0.18296182545011158
39628406341501748,0.0,0.91,0.09,0.0,0.21823490853205144
39628411739571285,0.01,0.98,0.01,0.0,0.08072027127091033
39628411739575214,0.01,0.97,0.02,0.0,0.11097036642660543
39628406341502799,0.0,0.97,0.03,0.0,0.0971959289157881
39628411739572207,0.0,0.81,0.19,0.0,0.3507357299419487
39628411743765388,0.01,0.81,0.18,0.0,0.3789955935892812
39628406341504191,0.02,0.98,0.0,0.0,0.07072027127091034
39628422514739737,0.0,0.61,0.39,0.0,0.4823997742525436
39628406341503611,0.0,0.95,0.05,0.0,0.14319847855797813
39628449274400382,0.0,0.95,0.05,0.0,0.14319847855797813
39628449270204577,0.0,0.66,0.34,0.0,0.46240935248651505
39628443926660008,0.0,0.47,0.53,0.0,0.4987007942838698
39628443926660170,0.0,0.88,0.12,0.0,0.2646804326436822
39628459856628982,0.0,0.56,0.44,0.0,0.4947937606110278
39628411747962074,0.0,0.79,0.21,0.0,0.37074136996563684
39628411747961693,0.0,0.68,0.32,0.0,0.45219072886224687
39628417133448598,0.0,0.72,0.28,0.0,0.4277254052800653
39628411747962608,0.0,0.77,0.23,0.0,0.38900565177326885
39628411747961526,0.0,0.63,0.37,0.0,0.47533604634353294
39628417133446372,0.0,0.24,0.76,0.0,0.39752013969226113
39628411747961678,0.0,0.54,0.46,0.0,0.49768921941011285
39628411739572403,0.0,0.51,0.49,0.0,0.49985572087640495
39628411739572441,0.0,0.79,0.21,0.0,0.37074136996563684
39628411739571363,0.02,0.72,0.26,0.0,0.4796979310097879
39628411739573158,0.0,1.0,0.0,0.0,-0.0
39628422514740848,0.0,0.87,0.13,0.0,0.2787190925139945
39628411764740867,0.0,0.51,0.49,0.0,0.49985572087640495
39628411739570755,0.0,1.0,0.0,0.0,-0.0
39628411764738890,0.0,0.67,0.33,0.0,0.4574631863898637
39628411764737618,0.0,0.97,0.03,0.0,0.0971959289157881
39628411743764969,0.0,0.14,0.86,0.0,0.292119405821428
39628411764737625,0.0,0.97,0.03,0.0,0.0971959289157881
39628443968603852,0.0,0.42,0.58,0.0,0.49072694751682683
39628411752153991,0.0,0.86,0.14,0.0,0.292119405821428
39628411752156649,0.0,0.94,0.06,0.0,0.16372245957723813
39628459873403376,0.0,0.24,0.76,0.0,0.39752013969226113
39628438612480314,0.0,0.28,0.72,0.0,0.4277254052800653
39628422523130276,0.0,0.07,0.93,0.0,0.18296182545011158
39628465154036682,0.0,0.28,0.72,0.0,0.4277254052800653
39628459873403473,0.0,0.53,0.47,0.0,0.4987007942838698
39628465154036332,0.0,0.08,0.91,0.01,0.24088153359695552
39628438599894633,0.0,0.15,0.85,0.0,0.3049201523582002
39628417141835257,0.0,0.08,0.92,0.0,0.2010895951011364
39628459869209560,0.0,0.77,0.23,0.0,0.38900565177326885
39628443951827326,0.0,0.15,0.85,0.0,0.3049201523582002
39628443968603722,0.0,0.03,0.97,0.0,0.0971959289157881
39628422531515193,0.0,0.16,0.84,0.0,0.3171547773202831
39628449291178275,0.0,0.01,0.99,0.0,0.04039656794795559
39628449291176416,0.02,0.98,0.0,0.0,0.07072027127091034
39628438616671184,0.0,0.94,0.06,0.0,0.16372245957723813
39628417158615200,0.0,1.0,0.0,0.0,-0.0
39628411764736248,0.0,0.92,0.08,0.0,0.2010895951011364
39628417158615536,0.0,0.43,0.57,0.0,0.4929075185894599
39628417162810983,0.0,0.11,0.89,0.0,0.249957979082264
39628449295371037,0.0,0.91,0.09,0.0,0.21823490853205144
39628449295369632,0.0,0.0,0.96,0.04,0.12114609454120741
39628443935051878,0.0,0.34,0.66,0.0,0.46240935248651505
39628443951825508,0.0,0.43,0.57,0.0,0.4929075185894599
39628475681740249,0.0,0.73,0.27,0.0,0.42073231810408784
39628443922468708,0.0,1.0,0.0,0.0,-0.0
39628443935052175,0.0,0.79,0.21,0.0,0.37074136996563684
39628443935052125,0.0,0.67,0.33,0.0,0.4574631863898637
39628411743767268,0.0,0.98,0.02,0.0,0.07072027127091034
39628411743767234,0.0,0.93,0.07,0.0,0.18296182545011158
39628443951827400,0.0,0.62,0.38,0.0,0.47902101111314976
39628417133449275,0.0,0.18,0.82,0.0,0.34003852286413994
39628422518933498,0.0,0.39,0.61,0.0,0.4823997742525436
39628459856630080,0.0,0.97,0.03,0.0,0.0971959289157881
39628459856630575,0.0,0.47,0.53,0.0,0.4987007942838698
39628459856630419,0.0,0.99,0.01,0.0,0.04039656794795559
39628449245041542,0.0,0.44,0.56,0.0,0.4947937606110278
39628443935048842,0.0,0.66,0.34,0.0,0.46240935248651505
39628459865017195,0.0,0.04,0.96,0.0,0.12114609454120741
39628443922468336,0.0,0.96,0.04,0.0,0.12114609454120741
39628449245039362,0.01,0.99,0.0,0.0,0.04039656794795559
39628459856629687,0.0,0.79,0.21,0.0,0.37074136996563684
39628417133446177,0.01,0.98,0.01,0.0,0.08072027127091033
39628443922468693,0.0,1.0,0.0,0.0,-0.0
39628422510547435,0.0,1.0,0.0,0.0,-0.0
39628411735378309,0.0,0.73,0.27,0.0,0.42073231810408784
39628417129255335,0.0,1.0,0.0,0.0,-0.0
39628417133445791,0.0,0.97,0.03,0.0,0.0971959289157881
39628411764736281,0.0,0.99,0.01,0.0,0.04039656794795559
39628411747959532,0.0,0.28,0.72,0.0,0.4277254052800653
39628417146029383,0.0,0.7,0.3,0.0,0.44064544961534635
39628417137640660,0.0,0.46,0.54,0.0,0.49768921941011285
39628417146029373,0.0,0.78,0.22,0.0,0.38008375148098283
39628411764736297,0.0,0.86,0.14,0.0,0.292119405821428
39628422518931791,0.0,0.99,0.01,0.0,0.04039656794795559
39628411743764967,0.0,0.94,0.06,0.0,0.16372245957723813
39628427883449705,0.0,0.36,0.64,0.0,0.4713415946277461
39628465141451420,0.49,0.51,0.0,0.0,0.49985572087640495
39628422510546929,0.0,0.94,0.06,0.0,0.16372245957723813
39628427883449306,0.0,0.79,0.21,0.0,0.37074136996563684
39628417133445722,0.0,0.94,0.06,0.0,0.16372245957723813
39628422510547106,0.03,0.97,0.0,0.0,0.0971959289157881
39628422510547159,0.01,0.98,0.01,0.0,0.08072027127091033
39628417133445771,0.0,0.82,0.18,0.0,0.34003852286413994
39628422510547449,0.0,0.95,0.05,0.0,0.14319847855797813
39628417133448136,0.0,0.87,0.13,0.0,0.2787190925139945
39628417133448508,0.0,0.93,0.07,0.0,0.18296182545011158
39628459856628522,0.0,0.89,0.11,0.0,0.249957979082264
39628454555031095,0.0,0.12,0.88,0.0,0.2646804326436822
39628417133448337,0.0,0.9,0.1,0.0,0.2344977967946406
39628411735380750,0.0,0.87,0.13,0.0,0.2787190925139945
39628411739571623,0.01,0.71,0.28,0.0,0.46573817837513565
39628406345696406,0.0,0.7,0.3,0.0,0.44064544961534635
39628454555029500,0.0,0.73,0.27,0.0,0.42073231810408784
39628459856628683,0.0,0.79,0.21,0.0,0.37074136996563684
39628427929588577,0.0,0.27,0.73,0.0,0.42073231810408784
39628475685929875,0.0,0.54,0.46,0.0,0.49768921941011285
39628459856627519,0.0,0.98,0.02,0.0,0.07072027127091034
39628433239576651,0.0,1.0,0.0,0.0,-0.0
39628459856629149,0.01,0.92,0.07,0.0,0.22283217282912027
39628427883448598,0.0,0.79,0.21,0.0,0.37074136996563684
39628417129254735,0.0,1.0,0.0,0.0,-0.0
39628427883448309,0.0,0.86,0.14,0.0,0.292119405821428
39628422510545977,0.0,1.0,0.0,0.0,-0.0
39628411743765103,0.0,0.96,0.04,0.0,0.12114609454120741
39628417129255186,0.0,0.95,0.05,0.0,0.14319847855797813
39628411747960092,0.0,0.23,0.77,0.0,0.38900565177326885
39628443922468305,0.0,0.51,0.49,0.0,0.49985572087640495
39628411747960229,0.0,1.0,0.0,0.0,-0.0
39628449245041517,0.0,0.23,0.77,0.0,0.38900565177326885
39628465141449416,0.0,0.58,0.42,0.0,0.49072694751682683
39628465141449826,0.0,0.19,0.81,0.0,0.3507357299419487
39628454559220319,0.0,0.89,0.11,0.0,0.249957979082264
39628459856628229,0.0,0.93,0.07,0.0,0.18296182545011158
39628411743765272,0.0,0.73,0.27,0.0,0.42073231810408784
39628475685930124,0.0,0.92,0.08,0.0,0.2010895951011364
39628454609552805,0.0,0.98,0.02,0.0,0.07072027127091034
39628433294102770,0.0,1.0,0.0,0.0,-0.0
39628411760546485,0.0,0.97,0.03,0.0,0.0971959289157881
39628465179199505,0.0,0.09,0.91,0.0,0.21823490853205144
39628438625061109,0.0,0.48,0.52,0.0,0.4994227679976009
39628433277322216,0.0,0.21,0.79,0.0,0.37074136996563684
39628427891835484,0.0,0.48,0.52,0.0,0.4994227679976009
39628449291175414,0.0,0.76,0.24,0.0,0.39752013969226113
39628459881796258,0.0,0.31,0.69,0.0,0.4465867291889284
39628449291175166,0.0,0.27,0.73,0.0,0.42073231810408784
39628443956022890,0.01,0.99,0.0,0.0,0.04039656794795559
39628433277322263,0.0,0.27,0.73,0.0,0.42073231810408784
39628411760541905,0.0,0.53,0.47,0.0,0.4987007942838698
39628433277322496,0.0,0.76,0.24,0.0,0.39752013969226113
39628454571803070,0.0,0.42,0.58,0.0,0.49072694751682683
39628433260544811,0.0,0.17,0.83,0.0,0.32885238937210975
39628427891835381,0.0,0.19,0.81,0.0,0.3507357299419487
39628449291175602,0.0,0.0,0.94,0.06,0.16372245957723813
39628449282787438,0.0,0.98,0.02,0.0,0.07072027127091034
39628459865016792,0.0,0.13,0.87,0.0,0.2787190925139945
39628454592775018,0.0,0.28,0.72,0.0,0.4277254052800653
39628454563414877,0.0,0.13,0.87,0.0,0.2787190925139945
39628427912809125,0.0,0.81,0.19,0.0,0.3507357299419487
39628433277323767,0.0,0.18,0.82,0.0,0.34003852286413994
39628417141834528,0.0,0.34,0.66,0.0,0.46240935248651505
39628465179199762,0.0,0.61,0.39,0.0,0.4823997742525436
39628427896032893,0.0,0.62,0.38,0.0,0.47902101111314976
39628417141837856,0.0,0.13,0.87,0.0,0.2787190925139945
39628427900224936,0.0,0.97,0.03,0.0,0.0971959289157881
39628438633449799,0.0,0.01,0.99,0.0,0.04039656794795559
39628438633449935,0.02,0.92,0.06,0.0,0.23354072007950172
39628438633450117,0.0,0.93,0.07,0.0,0.18296182545011158
39628443930855279,0.0,0.03,0.97,0.0,0.0971959289157881
39628422539904289,0.0,0.18,0.82,0.0,0.34003852286413994
39628417150223610,0.0,0.28,0.72,0.0,0.4277254052800653
39628417146029558,0.0,0.0,0.93,0.07,0.18296182545011158
39628438595702667,0.0,0.06,0.94,0.0,0.16372245957723813
39628465149842913,0.0,0.22,0.78,0.0,0.38008375148098283
39628443943438480,0.0,1.0,0.0,0.0,-0.0
39628443943438506,0.0,0.0,0.73,0.27,0.42073231810408784
39628438604087682,0.0,0.1,0.9,0.0,0.2344977967946406
39628443947632194,0.0,0.51,0.49,0.0,0.49985572087640495
39628422548295809,0.0,0.01,0.98,0.01,0.08072027127091033
39628422518936277,0.0,0.79,0.21,0.0,0.37074136996563684
39628465166615768,0.0,0.0,1.0,0.0,-0.0
39628438608283608,0.0,0.79,0.21,0.0,0.37074136996563684
39628438608283685,0.01,0.89,0.1,0.0,0.27413031336294724
39628438608283804,0.0,0.5,0.5,0.0,0.5
39628465149839404,0.0,0.25,0.75,0.0,0.4056390622295664
39628422518936267,0.0,0.72,0.28,0.0,0.4277254052800653
39628422518936271,0.0,0.11,0.89,0.0,0.249957979082264
39628465149842602,0.0,0.07,0.92,0.01,0.22283217282912027
39628465158230433,0.0,0.48,0.52,0.0,0.4994227679976009
39628454563416527,0.0,0.0,0.95,0.05,0.14319847855797813
39628459894378398,0.0,0.03,0.96,0.01,0.13737165703039006
39628465149842484,0.0,0.58,0.42,0.0,0.49072694751682683
39628449286982816,0.0,0.16,0.84,0.0,0.3171547773202831
39628417146029777,0.02,0.84,0.14,0.0,0.3606399327762508
39628417150223576,0.0,0.0,0.98,0.02,0.07072027127091034
39628465149841707,0.0,0.69,0.31,0.0,0.4465867291889284
39628411760542227,0.0,1.0,0.0,0.0,-0.0
39628454592776317,0.0,0.82,0.18,0.0,0.34003852286413994
39628470434662083,0.0,0.97,0.03,0.0,0.0971959289157881
39628470434662091,0.0,0.66,0.34,0.0,0.46240935248651505
39628433273127908,0.0,0.28,0.72,0.0,0.4277254052800653
39628449282786234,0.0,0.22,0.78,0.0,0.38008375148098283
39628449282785941,0.0,0.11,0.89,0.0,0.249957979082264
39628422539904523,0.0,0.57,0.43,0.0,0.4929075185894599
39628438595702405,0.0,0.01,0.99,0.0,0.04039656794795559
39628422556680999,0.0,0.7,0.3,0.0,0.44064544961534635
39628433252155535,0.0,0.81,0.19,0.0,0.3507357299419487
39628454571803037,0.0,0.09,0.91,0.0,0.21823490853205144
39628470426277501,0.03,0.97,0.0,0.0,0.0971959289157881
39628422518936451,0.0,0.0,1.0,0.0,-0.0
39628422518936387,0.0,0.11,0.89,0.0,0.249957979082264
39628449278594162,0.0,0.64,0.36,0.0,0.4713415946277461
39628438625060030,0.0,0.97,0.03,0.0,0.0971959289157881
39628454605359045,0.0,0.43,0.57,0.0,0.4929075185894599
39628459881796445,0.0,0.02,0.98,0.0,0.07072027127091034
39628454601165618,0.0,0.06,0.94,0.0,0.16372245957723813
39628454588581624,0.0,0.07,0.93,0.0,0.18296182545011158
39628454559226115,0.0,0.27,0.73,0.0,0.42073231810408784
39628454559226064,0.0,0.27,0.73,0.0,0.42073231810408784
39628459898572572,0.0,0.79,0.21,0.0,0.37074136996563684
39628449282786003,0.0,0.96,0.04,0.0,0.12114609454120741
39628454605358748,0.0,0.96,0.04,0.0,0.12114609454120741
39628459881793731,0.0,0.22,0.78,0.0,0.38008375148098283
39628459881793830,0.0,0.53,0.47,0.0,0.4987007942838698
39628459881793918,0.0,0.31,0.69,0.0,0.4465867291889284
39628459877597613,0.0,0.54,0.46,0.0,0.49768921941011285
39628427887645507,0.0,0.07,0.93,0.0,0.18296182545011158
39628433247961578,0.0,0.17,0.83,0.0,0.32885238937210975
39628454563415671,0.0,0.75,0.25,0.0,0.4056390622295664
39628427917000979,0.0,0.0,1.0,0.0,-0.0
39628422548295704,0.0,0.5,0.5,0.0,0.5
39628459869212761,0.0,0.86,0.14,0.0,0.292119405821428
39628454601163693,0.0,0.01,0.99,0.0,0.04039656794795559
39628470443049087,0.0,0.96,0.04,0.0,0.12114609454120741
39628470443049321,0.0,0.0,0.98,0.02,0.07072027127091034
39628470438859730,0.0,0.81,0.19,0.0,0.3507357299419487
39628454567608635,0.0,0.0,1.0,0.0,-0.0
39628427925389843,0.0,0.36,0.64,0.0,0.4713415946277461
39628459877597593,0.0,0.0,0.99,0.01,0.04039656794795559
39628411760542900,0.0,0.07,0.93,0.0,0.18296182545011158
39628422523126288,0.0,0.08,0.92,0.0,0.2010895951011364
39628465183392479,0.0,0.58,0.42,0.0,0.49072694751682683
39628427904421480,0.0,0.35,0.65,0.0,0.4670340276877455
39628443947634193,0.0,0.75,0.25,0.0,0.4056390622295664
39628470438857544,0.0,0.3,0.69,0.01,0.4784535679576163
39628459898569457,0.0,0.01,0.99,0.0,0.04039656794795559
39628449282787534,0.0,0.89,0.11,0.0,0.249957979082264
39628438608283901,0.0,0.66,0.34,0.0,0.46240935248651505
39628422539905007,0.0,0.23,0.77,0.0,0.38900565177326885
39628443972798615,0.0,0.24,0.76,0.0,0.39752013969226113
39628417141835995,0.0,0.92,0.08,0.0,0.2010895951011364
39628449249235352,0.0,0.21,0.79,0.0,0.37074136996563684
39628449249235225,0.0,0.92,0.08,0.0,0.2010895951011364
39628449257623960,0.0,0.71,0.29,0.0,0.43436062316970225
39628449257624146,0.0,0.96,0.04,0.0,0.12114609454120741
39628465166618243,0.0,0.19,0.81,0.0,0.3507357299419487
39628443926661060,0.0,0.14,0.86,0.0,0.292119405821428
39628465166617880,0.0,0.0,0.83,0.17,0.32885238937210975
39628449295370624,0.0,0.7,0.3,0.0,0.44064544961534635
39628422523127883,0.0,0.0,0.95,0.05,0.14319847855797813
39628465166618172,0.0,0.88,0.12,0.0,0.2646804326436822
39628427929587485,0.0,0.06,0.94,0.0,0.16372245957723813
39628422523127803,0.0,0.85,0.15,0.0,0.3049201523582002
39628443960217342,0.0,0.07,0.92,0.01,0.22283217282912027
39628443939246060,0.0,0.35,0.65,0.0,0.4670340276877455
39628427896032527,0.0,0.86,0.14,0.0,0.292119405821428
39628443972796834,0.0,0.11,0.89,0.0,0.249957979082264
39628443972796754,0.0,0.28,0.72,0.0,0.4277254052800653
39628427896030228,0.0,0.13,0.87,0.0,0.2787190925139945
39628449291175396,0.0,0.02,0.97,0.01,0.11097036642660543
39628438633450104,0.0,0.94,0.06,0.0,0.16372245957723813
39628443939246471,0.0,0.27,0.73,0.0,0.42073231810408784
39628438637644856,0.0,0.89,0.11,0.0,0.249957979082264
39628438637644715,0.0,0.26,0.74,0.0,0.4133731862463089
39628443939246206,0.0,0.29,0.71,0.0,0.43436062316970225
39628417150223356,0.0,0.91,0.09,0.0,0.21823490853205144
39628449291177708,0.0,0.91,0.09,0.0,0.21823490853205144
39628465149841686,0.03,0.95,0.02,0.0,0.1674722434193448
39628443939243997,0.0,0.48,0.52,0.0,0.4994227679976009
39628449291177630,0.0,0.35,0.65,0.0,0.4670340276877455
39628454601164835,0.0,0.05,0.94,0.01,0.1832231322266888
39628465149841007,0.0,0.53,0.47,0.0,0.4987007942838698
39628449282786967,0.0,0.0,0.99,0.01,0.04039656794795559
39628465149838411,0.0,0.66,0.34,0.0,0.46240935248651505
39628454601164892,0.0,0.05,0.95,0.0,0.14319847855797813
39628449282786358,0.0,0.87,0.13,0.0,0.2787190925139945
39628443972797333,0.0,0.22,0.78,0.0,0.38008375148098283
39628443939242887,0.0,0.0,0.95,0.05,0.14319847855797813
39628443972797714,0.0,0.07,0.93,0.0,0.18296182545011158
39628443972797691,0.0,0.02,0.98,0.0,0.07072027127091034
39628438612477450,0.0,0.16,0.84,0.0,0.3171547773202831
39628427929586580,0.0,0.76,0.24,0.0,0.39752013969226113
39628417146028102,0.0,0.9,0.1,0.0,0.2344977967946406
39628427929586316,0.19,0.81,0.0,0.0,0.3507357299419487
39628427891837068,0.0,0.45,0.55,0.0,0.49638722699390414
39628438633448297,0.0,0.0,0.99,0.01,0.04039656794795559
39628443930855384,0.0,0.08,0.92,0.0,0.2010895951011364
39628443926661693,0.0,0.01,0.99,0.0,0.04039656794795559
39628417141837956,0.0,0.2,0.8,0.0,0.36096404744368116
39628454605358351,0.0,0.99,0.01,0.0,0.04039656794795559
39628465149840218,0.0,0.11,0.89,0.0,0.249957979082264
39628459865018472,0.0,0.9,0.1,0.0,0.2344977967946406
39628433285711548,0.0,0.57,0.43,0.0,0.4929075185894599
39628433260544461,0.0,0.16,0.84,0.0,0.3171547773202831
39628422523127736,0.0,0.05,0.94,0.01,0.1832231322266888
39628422523127770,0.0,0.72,0.28,0.0,0.4277254052800653
39628433277322868,0.0,1.0,0.0,0.0,-0.0
39628422523127587,0.0,0.09,0.91,0.0,0.21823490853205144
39628438612476581,0.0,0.6,0.4,0.0,0.4854752972273343
39628454567613366,0.0,0.01,0.99,0.0,0.04039656794795559
39628459894379067,0.0,0.0,0.99,0.01,0.04039656794795559
39628465149840726,0.0,0.16,0.84,0.0,0.3171547773202831
39628465149840576,0.0,0.0,0.98,0.02,0.07072027127091034
39628433243770060,0.0,0.2,0.8,0.0,0.36096404744368116
39628433285711204,0.0,0.27,0.73,0.0,0.42073231810408784
39628443964409444,0.0,0.44,0.56,0.0,0.4947937606110278
39628433281517758,0.0,0.43,0.57,0.0,0.4929075185894599
39628422523127857,0.0,0.21,0.79,0.0,0.37074136996563684
39628443972797278,0.0,0.35,0.65,0.0,0.4670340276877455
39628427891836472,0.0,0.0,0.99,0.01,0.04039656794795559
39628427891836480,0.0,0.97,0.03,0.0,0.0971959289157881
39628443926661167,0.0,0.28,0.72,0.0,0.4277254052800653
39628465149842021,0.0,0.53,0.47,0.0,0.4987007942838698
39628465149842436,0.0,0.56,0.44,0.0,0.4947937606110278
39628465149842012,0.0,0.75,0.25,0.0,0.4056390622295664
39628443926661515,0.0,0.78,0.22,0.0,0.38008375148098283
39628459877597523,0.0,0.12,0.88,0.0,0.2646804326436822
39628449270202859,0.0,0.86,0.14,0.0,0.292119405821428
39628465149839810,0.0,0.54,0.46,0.0,0.49768921941011285
39628438625060872,0.0,0.08,0.92,0.0,0.2010895951011364
39628422527324601,0.0,0.57,0.43,0.0,0.4929075185894599
39628422527324436,0.02,0.95,0.03,0.0,0.1674722434193448
39628427883451312,0.0,0.86,0.14,0.0,0.292119405821428
39628443926659524,0.0,0.71,0.29,0.0,0.43436062316970225
39628417150227356,0.0,0.67,0.33,0.0,0.4574631863898637
39628417150227396,0.0,0.93,0.07,0.0,0.18296182545011158
39628443926659615,0.0,0.57,0.43,0.0,0.4929075185894599
39628454571805508,0.0,0.68,0.32,0.0,0.45219072886224687
39628454571805249,0.0,0.22,0.78,0.0,0.38008375148098283
39628449286980038,0.0,0.84,0.16,0.0,0.3171547773202831
39628454571805161,0.0,0.0,0.98,0.02,0.07072027127091034
39628427896029524,0.0,0.77,0.23,0.0,0.38900565177326885
39628465154033482,0.0,0.73,0.27,0.0,0.42073231810408784
39628454571805681,0.0,0.67,0.33,0.0,0.4574631863898637
39628427904418063,0.0,0.13,0.87,0.0,0.2787190925139945
39628454592777281,0.0,0.28,0.72,0.0,0.4277254052800653
39628454580191877,0.0,0.37,0.63,0.0,0.47533604634353294
39628438633451077,0.0,0.95,0.05,0.0,0.14319847855797813
39628438633451047,0.0,0.16,0.84,0.0,0.3171547773202831
39628459865014836,0.0,0.04,0.96,0.0,0.12114609454120741
39628449270202684,0.0,0.4,0.6,0.0,0.4854752972273343
39628433256354976,0.0,0.44,0.56,0.0,0.4947937606110278
39628422518932428,0.0,0.5,0.5,0.0,0.5
39628422518932431,0.0,0.7,0.3,0.0,0.44064544961534635
39628454592777618,0.0,0.07,0.93,0.0,0.18296182545011158
39628411743766715,0.0,0.9,0.1,0.0,0.2344977967946406
39628417162805758,0.0,0.93,0.07,0.0,0.18296182545011158
39628417162806058,0.0,0.24,0.76,0.0,0.39752013969226113
39628417137640584,0.0,0.27,0.73,0.0,0.42073231810408784
39628422514742063,0.0,0.69,0.31,0.0,0.4465867291889284
39628427929586005,0.0,0.36,0.64,0.0,0.4713415946277461
39628427887646160,0.0,0.87,0.13,0.0,0.2787190925139945
39628433260544314,0.0,0.36,0.64,0.0,0.4713415946277461
39628422523128225,0.0,0.18,0.82,0.0,0.34003852286413994
39628427929586217,0.0,0.11,0.89,0.0,0.249957979082264
39628427891834994,0.0,0.88,0.12,0.0,0.2646804326436822
39628454571805922,0.0,0.26,0.74,0.0,0.4133731862463089
39628438595698761,0.0,0.55,0.45,0.0,0.49638722699390414
39628422527324287,0.0,0.61,0.39,0.0,0.4823997742525436
39628465154036109,0.0,0.59,0.41,0.0,0.488250234378912
39628417137640449,0.0,0.25,0.75,0.0,0.4056390622295664
39628411739573705,0.0,0.4,0.6,0.0,0.4854752972273343
39628422514742214,0.0,0.17,0.83,0.0,0.32885238937210975
39628417137640463,0.0,0.39,0.61,0.0,0.4823997742525436
39628443951830597,0.0,0.95,0.05,0.0,0.14319847855797813
39628422514742437,0.0,0.82,0.18,0.0,0.34003852286413994
39628459894376411,0.0,0.46,0.54,0.0,0.49768921941011285
39628427896029641,0.0,0.24,0.76,0.0,0.39752013969226113
39628411739574497,0.0,0.64,0.36,0.0,0.4713415946277461
39628422514742177,0.0,0.12,0.88,0.0,0.2646804326436822
39628427925393801,0.0,0.15,0.85,0.0,0.3049201523582002
39628443951824933,0.0,0.88,0.12,0.0,0.2646804326436822
39628443951825542,0.0,0.23,0.77,0.0,0.38900565177326885
39628417158615169,0.0,0.67,0.33,0.0,0.4574631863898637
39628459869213358,0.0,0.51,0.49,0.0,0.49985572087640495
39628422544100394,0.01,0.98,0.01,0.0,0.08072027127091033
39628459869213050,0.0,0.16,0.84,0.0,0.3171547773202831
39628422544100527,0.0,0.04,0.96,0.0,0.12114609454120741
39628443956023178,0.0,0.41,0.59,0.0,0.488250234378912
39628443956023153,0.0,0.1,0.9,0.0,0.2344977967946406
39628422544100293,0.0,0.22,0.78,0.0,0.38008375148098283
39628449249234541,0.03,0.94,0.03,0.0,0.19372245957723813
39628459869212879,0.0,0.84,0.16,0.0,0.3171547773202831
39628459869212889,0.0,0.12,0.88,0.0,0.2646804326436822
39628427900224667,0.0,0.57,0.43,0.0,0.4929075185894599
39628417154418510,0.0,0.96,0.04,0.0,0.12114609454120741
39628427925390502,0.0,0.03,0.97,0.0,0.0971959289157881
39628454592777426,0.0,0.78,0.22,0.0,0.38008375148098283
39628465175006940,0.0,0.29,0.71,0.0,0.43436062316970225
39628438599895051,0.0,0.87,0.13,0.0,0.2787190925139945
39628449261816194,0.0,0.52,0.48,0.0,0.4994227679976009
39628443956023412,0.01,0.99,0.0,0.0,0.04039656794795559
39628475694317911,0.0,0.77,0.23,0.0,0.38900565177326885
39628427891836235,0.0,0.84,0.16,0.0,0.3171547773202831
39628417141835009,0.0,0.23,0.77,0.0,0.38900565177326885
39628417137643844,0.0,0.22,0.78,0.0,0.38008375148098283
39628417137643809,0.0,0.22,0.78,0.0,0.38008375148098283
39628427921198272,0.0,0.55,0.45,0.0,0.49638722699390414
39628443964408020,0.0,0.47,0.53,0.0,0.4987007942838698
39628443930854870,0.0,0.98,0.02,0.0,0.07072027127091034
39628465154035077,0.01,0.99,0.0,0.0,0.04039656794795559
39628465149840066,0.0,0.35,0.65,0.0,0.4670340276877455
39628449261816439,0.0,0.99,0.01,0.0,0.04039656794795559
39628449261816719,0.0,0.46,0.54,0.0,0.49768921941011285
39628449261816378,0.0,0.09,0.91,0.0,0.21823490853205144
39628449249234597,0.0,0.51,0.49,0.0,0.49985572087640495
39628433277324678,0.0,0.26,0.74,0.0,0.4133731862463089
39628417154418707,0.0,0.56,0.44,0.0,0.4947937606110278
39628417154418664,0.0,0.84,0.16,0.0,0.3171547773202831
39628475694321195,0.0,0.98,0.02,0.0,0.07072027127091034
39628475698512104,0.0,0.93,0.07,0.0,0.18296182545011158
39628465183393258,0.0,0.99,0.01,0.0,0.04039656794795559
39628475698513823,0.0,0.66,0.34,0.0,0.46240935248651505
39628465183393075,0.0,0.27,0.73,0.0,0.42073231810408784
39628470438859715,0.0,0.99,0.01,0.0,0.04039656794795559
39628470443049723,0.0,0.96,0.04,0.0,0.12114609454120741
39628470443049194,0.0,0.94,0.06,0.0,0.16372245957723813
39628470443049731,0.02,0.96,0.02,0.0,0.14114609454120738
39628470443049969,0.0,0.13,0.87,0.0,0.2787190925139945
39628454605358252,0.0,0.89,0.11,0.0,0.249957979082264
39628443972797923,0.0,0.23,0.77,0.0,0.38900565177326885
39628465183392606,0.0,0.65,0.35,0.0,0.4670340276877455
39628470443049787,0.0,0.88,0.12,0.0,0.2646804326436822
39628470443052706,0.0,0.99,0.01,0.0,0.04039656794795559
39628465183393677,0.0,0.89,0.11,0.0,0.249957979082264
39628470426273462,0.0,0.47,0.53,0.0,0.4987007942838698
39628470451439031,0.0,0.02,0.98,0.0,0.07072027127091034
39628449274399071,0.0,0.07,0.93,0.0,0.18296182545011158
39628433260547879,0.0,0.92,0.08,0.0,0.2010895951011364
39628422523128009,0.0,0.94,0.06,0.0,0.16372245957723813
39628438637643456,0.0,0.84,0.16,0.0,0.3171547773202831
39628454592777278,0.0,0.14,0.86,0.0,0.292119405821428
39628449282787101,0.0,0.63,0.37,0.0,0.47533604634353294
39628417137643847,0.0,0.32,0.68,0.0,0.45219072886224687
39628475694322149,0.0,0.02,0.98,0.0,0.07072027127091034
39628449291175307,0.0,0.53,0.47,0.0,0.4987007942838698
39628427921199206,0.0,0.77,0.23,0.0,0.38900565177326885
39628438637642303,0.0,0.87,0.13,0.0,0.2787190925139945
39628422548294951,0.0,0.0,0.99,0.01,0.04039656794795559
39628422539905439,0.0,0.59,0.41,0.0,0.488250234378912
39628465179201995,0.0,0.84,0.16,0.0,0.3171547773202831
39628449282787549,0.0,0.67,0.33,0.0,0.4574631863898637
39628454601165127,0.0,0.64,0.36,0.0,0.4713415946277461
39628454592777235,0.0,0.97,0.03,0.0,0.0971959289157881
39628417137643505,0.0,0.99,0.01,0.0,0.04039656794795559
39628454592777468,0.0,0.48,0.52,0.0,0.4994227679976009
39628433260545208,0.0,0.44,0.56,0.0,0.4947937606110278
39628465149840121,0.0,0.2,0.8,0.0,0.36096404744368116
39628465154032115,0.0,1.0,0.0,0.0,-0.0
39628422548296219,0.0,0.93,0.07,0.0,0.18296182545011158
39628422518932538,0.0,0.79,0.21,0.0,0.37074136996563684
39628459865015689,0.0,0.05,0.93,0.02,0.21317104534994366
39628443951827999,0.01,0.75,0.24,0.0,0.4359255858648683
39628438608282829,0.0,0.7,0.3,0.0,0.44064544961534635
39628417137643482,0.0,0.27,0.73,0.0,0.42073231810408784
39628422518932700,0.0,0.96,0.04,0.0,0.12114609454120741
39628465154032055,0.0,0.54,0.46,0.0,0.49768921941011285
39628465154032074,0.0,0.13,0.87,0.0,0.2787190925139945
39628475694321371,0.0,0.39,0.61,0.0,0.4823997742525436
39628470443049171,0.0,0.27,0.73,0.0,0.42073231810408784
39628470443049025,0.0,0.37,0.63,0.0,0.47533604634353294
39628443972798838,0.0,0.06,0.94,0.0,0.16372245957723813
39628470438859966,0.0,0.81,0.19,0.0,0.3507357299419487
39628454592777217,0.0,0.4,0.6,0.0,0.4854752972273343
39628475698512014,0.0,0.78,0.22,0.0,0.38008375148098283
39628411752154185,0.0,0.77,0.23,0.0,0.38900565177326885
39628411752154766,0.0,1.0,0.0,0.0,-0.0
39628411743766111,0.0,1.0,0.0,0.0,-0.0
39628422548296179,0.0,0.04,0.96,0.0,0.12114609454120741
39628411743766254,0.0,0.89,0.11,0.0,0.249957979082264
39628475694322211,0.03,0.97,0.0,0.0,0.0971959289157881
39628449274398526,0.0,0.06,0.94,0.0,0.16372245957723813
39628449274398805,0.0,0.62,0.38,0.0,0.47902101111314976
39628449295372176,0.0,0.95,0.05,0.0,0.14319847855797813
39628449295372280,0.0,0.47,0.53,0.0,0.4987007942838698
39628443951827591,0.0,0.8,0.2,0.0,0.36096404744368116
39628459856629207,0.0,0.98,0.02,0.0,0.07072027127091034
39628411768932948,0.0,0.44,0.56,0.0,0.4947937606110278
39628454567612339,0.0,0.15,0.84,0.01,0.3441379826496441
39628433247961656,0.0,0.81,0.19,0.0,0.3507357299419487
39628454580195522,0.0,0.02,0.98,0.0,0.07072027127091034
39628427887644988,0.0,0.63,0.37,0.0,0.47533604634353294
39628433247961629,0.0,0.86,0.14,0.0,0.292119405821428
39628459869212939,0.0,0.06,0.9,0.04,0.283045326517374
39628433273130487,0.0,0.0,0.85,0.15,0.3049201523582002
39628449286982689,0.0,0.9,0.1,0.0,0.2344977967946406
39628465154035366,0.0,0.0,1.0,0.0,-0.0
39628433247964622,0.0,0.09,0.9,0.01,0.2579475764741046
39628443930854596,0.0,0.5,0.5,0.0,0.5
39628443930854662,0.0,0.62,0.38,0.0,0.47902101111314976
39628438641837516,0.0,0.2,0.8,0.0,0.36096404744368116
39628459860824241,0.0,1.0,0.0,0.0,-0.0
39628438641837418,0.0,0.0,0.96,0.04,0.12114609454120741
39628443947632672,0.0,0.34,0.66,0.0,0.46240935248651505
39628443947634329,0.0,0.02,0.98,0.0,0.07072027127091034
39628438608283644,0.0,0.66,0.34,0.0,0.46240935248651505
39628470438857850,0.0,1.0,0.0,0.0,-0.0
39628449282787957,0.0,0.14,0.86,0.0,0.292119405821428
39628449286982658,0.0,0.68,0.32,0.0,0.45219072886224687
39628454601166020,0.0,0.05,0.95,0.0,0.14319847855797813
39628465158227592,0.0,0.25,0.75,0.0,0.4056390622295664
39628449274397930,0.0,0.0,1.0,0.0,-0.0
39628449274396879,0.0,0.95,0.05,0.0,0.14319847855797813
39628454605359290,0.0,0.46,0.54,0.0,0.49768921941011285
39628459860824285,0.0,0.45,0.55,0.0,0.49638722699390414
39628438612479121,0.0,0.34,0.66,0.0,0.46240935248651505
39628422556681281,0.0,0.13,0.87,0.0,0.2787190925139945
39628417162809483,0.0,0.7,0.3,0.0,0.44064544961534635
39628427929587557,0.0,0.04,0.96,0.0,0.12114609454120741
39628443943441714,0.0,0.48,0.52,0.0,0.4994227679976009
39628427896029652,0.0,0.18,0.82,0.0,0.34003852286413994
39628438612476056,0.0,0.23,0.77,0.0,0.38900565177326885
39628427896029548,0.0,0.8,0.2,0.0,0.36096404744368116
39628427896029625,0.0,1.0,0.0,0.0,-0.0
39628438620870065,0.0,0.21,0.79,0.0,0.37074136996563684
39628433268936134,0.0,1.0,0.0,0.0,-0.0
39628443939243807,0.0,0.16,0.84,0.0,0.3171547773202831
39628417171194659,0.0,0.23,0.77,0.0,0.38900565177326885
39628417171194671,0.0,0.33,0.67,0.0,0.4574631863898637
39628417171194677,0.0,0.03,0.97,0.0,0.0971959289157881
39628417171196660,0.0,0.15,0.85,0.0,0.3049201523582002
39628417171195038,0.0,0.34,0.66,0.0,0.46240935248651505
39628417171194109,0.0,0.92,0.08,0.0,0.2010895951011364
39628417171195262,0.0,0.59,0.41,0.0,0.488250234378912
39628417171195813,0.0,0.95,0.05,0.0,0.14319847855797813
39628443972798644,0.0,0.26,0.74,0.0,0.4133731862463089
39628417167003259,0.0,0.0,0.96,0.04,0.12114609454120741
39628417167002523,0.0,0.89,0.11,0.0,0.249957979082264
39628417167002174,0.0,0.75,0.25,0.0,0.4056390622295664
39628417171196078,0.0,0.06,0.94,0.0,0.16372245957723813
39628411760543096,0.0,1.0,0.0,0.0,-0.0
39628417171195896,0.0,0.14,0.86,0.0,0.292119405821428
39628417171195822,0.0,1.0,0.0,0.0,-0.0
39628417167003754,0.0,0.0,0.98,0.02,0.07072027127091034
39628438641837713,0.0,0.84,0.16,0.0,0.3171547773202831
39628449274397866,0.0,0.0,1.0,0.0,-0.0
39628422556681113,0.0,0.99,0.01,0.0,0.04039656794795559
39628449274397687,0.1,0.9,0.0,0.0,0.2344977967946406
39628422556681701,0.0,0.23,0.77,0.0,0.38900565177326885
39628449270207542,0.0,0.24,0.76,0.0,0.39752013969226113
39628443972798587,0.0,0.74,0.26,0.0,0.4133731862463089
39628443972800041,0.0,0.3,0.7,0.0,0.44064544961534635
39628443972799999,0.0,0.51,0.49,0.0,0.49985572087640495
39628443972800036,0.01,0.94,0.05,0.0,0.1832231322266888
39628433281518384,0.0,0.92,0.08,0.0,0.2010895951011364
39628427933779751,0.0,0.01,0.97,0.02,0.11097036642660543
39628454605357834,0.0,0.04,0.96,0.0,0.12114609454120741
39628443972800287,0.0,0.58,0.42,0.0,0.49072694751682683
39628449274397865,0.0,0.81,0.19,0.0,0.3507357299419487
39628449274397984,0.0,0.47,0.53,0.0,0.4987007942838698
39628438641838459,0.0,0.82,0.18,0.0,0.34003852286413994
39628433294100361,0.0,0.84,0.16,0.0,0.3171547773202831
39628433294100742,0.0,0.75,0.25,0.0,0.4056390622295664
39628449274397139,0.0,0.01,0.96,0.03,0.13737165703039006
39628449274397230,0.0,0.89,0.11,0.0,0.249957979082264
39628449274397150,0.0,0.61,0.39,0.0,0.4823997742525436
39628427921198781,0.0,0.95,0.05,0.0,0.14319847855797813
39628427921198708,0.0,0.83,0.17,0.0,0.32885238937210975
39628465179200535,0.0,0.53,0.47,0.0,0.4987007942838698
39628427933779917,0.0,0.11,0.89,0.0,0.249957979082264
39628433294101145,0.0,0.17,0.83,0.0,0.32885238937210975
39628411760543502,0.0,0.86,0.14,0.0,0.292119405821428
39628433294101084,0.0,0.24,0.76,0.0,0.39752013969226113
39628449270206592,0.0,0.08,0.92,0.0,0.2010895951011364
39628433294100903,0.0,0.64,0.36,0.0,0.4713415946277461
39628433294100063,0.0,0.96,0.04,0.0,0.12114609454120741
39628427933780118,0.0,0.68,0.32,0.0,0.45219072886224687
39628427933779804,0.0,0.22,0.78,0.0,0.38008375148098283
39628433294100470,0.0,0.01,0.98,0.01,0.08072027127091033
39628427933780163,0.0,1.0,0.0,0.0,-0.0
39628449270206574,0.0,0.07,0.92,0.01,0.22283217282912027
39628433294099699,0.0,0.92,0.08,0.0,0.2010895951011364
39628411760543634,0.0,0.94,0.06,0.0,0.16372245957723813
39628427933780360,0.0,0.39,0.61,0.0,0.4823997742525436
39628433294101198,0.0,0.33,0.67,0.0,0.4574631863898637
39628465179203147,0.0,0.16,0.84,0.0,0.3171547773202831
39628465179203185,0.0,0.37,0.63,0.0,0.47533604634353294
39628443947636060,0.0,0.46,0.54,0.0,0.49768921941011285
39628411760543754,0.0,0.43,0.57,0.0,0.4929075185894599
39628449274399420,0.0,0.22,0.78,0.0,0.38008375148098283
39628443926661301,0.0,0.61,0.39,0.0,0.4823997742525436
39628443943441311,0.0,0.22,0.78,0.0,0.38008375148098283
39628443947631166,0.01,0.83,0.16,0.0,0.3562867308783886
39628454580192410,0.0,0.01,0.99,0.0,0.04039656794795559
39628454580192523,0.0,0.16,0.84,0.0,0.3171547773202831
39628449291176944,0.0,0.02,0.98,0.0,0.07072027127091034
39628433281518451,0.0,1.0,0.0,0.0,-0.0
39628427891836550,0.0,0.85,0.15,0.0,0.3049201523582002
39628427925390125,0.0,0.0,0.99,0.01,0.04039656794795559
39628427925390114,0.0,0.21,0.79,0.0,0.37074136996563684
39628422523127437,0.0,0.09,0.91,0.0,0.21823490853205144
39628411743767407,0.03,0.95,0.02,0.0,0.1674722434193448
39628411764741204,0.0,0.89,0.11,0.0,0.249957979082264
39628406349892082,0.0,1.0,0.0,0.0,-0.0
39628422556684713,0.0,1.0,0.0,0.0,-0.0
39628427929588199,0.0,0.81,0.19,0.0,0.3507357299419487
39628417167002177,0.0,0.65,0.35,0.0,0.4670340276877455
39628411768931891,0.0,0.69,0.31,0.0,0.4465867291889284
39628411752154730,0.0,0.8,0.2,0.0,0.36096404744368116
39628411756347906,0.0,0.88,0.12,0.0,0.2646804326436822
39628411756351767,0.0,0.55,0.45,0.0,0.49638722699390414
39628411756349950,0.0,0.97,0.03,0.0,0.0971959289157881
39628422514741868,0.0,0.55,0.45,0.0,0.49638722699390414
39628411760542773,0.0,0.91,0.09,0.0,0.21823490853205144
39628411756348277,0.0,0.34,0.66,0.0,0.46240935248651505
39628427929585838,0.0,0.23,0.77,0.0,0.38900565177326885
39628427929585988,0.01,0.92,0.07,0.0,0.22283217282912027
39628427929585940,0.0,0.22,0.78,0.0,0.38008375148098283
39628427929585991,0.0,0.62,0.38,0.0,0.47902101111314976
39628443960216145,0.0,0.4,0.6,0.0,0.4854752972273343
39628417167003559,0.0,0.13,0.87,0.0,0.2787190925139945
39628417171194060,0.0,0.91,0.09,0.0,0.21823490853205144
39628427933778787,0.0,0.84,0.16,0.0,0.3171547773202831
39628427929588305,0.0,0.08,0.91,0.01,0.24088153359695552
39628417171194916,0.0,0.69,0.31,0.0,0.4465867291889284
39628417167004308,0.01,0.94,0.05,0.0,0.1832231322266888
39628417171194872,0.0,0.17,0.83,0.0,0.32885238937210975
39628443947635430,0.0,0.75,0.25,0.0,0.4056390622295664
39628417171194687,0.0,0.93,0.07,0.0,0.18296182545011158
39628422514741706,0.0,0.48,0.52,0.0,0.4994227679976009
39628417171194438,0.0,0.89,0.11,0.0,0.249957979082264
39628417167004137,0.0,0.49,0.51,0.0,0.49985572087640495
39628417167002602,0.0,0.95,0.05,0.0,0.14319847855797813
39628417167002981,0.0,0.09,0.91,0.0,0.21823490853205144
39628427929587721,0.01,0.97,0.02,0.0,0.11097036642660543
39628427929588664,0.0,0.55,0.45,0.0,0.49638722699390414
39628411760542959,0.0,0.82,0.18,0.0,0.34003852286413994
39628417167000635,0.0,0.23,0.77,0.0,0.38900565177326885
39628411760542962,0.0,0.09,0.9,0.01,0.2579475764741046
39628422514741205,0.0,0.45,0.55,0.0,0.49638722699390414
39628411768935109,0.0,1.0,0.0,0.0,-0.0
39628417167001122,0.0,0.76,0.24,0.0,0.39752013969226113
39628417171196202,0.0,0.86,0.14,0.0,0.292119405821428
39628427929587628,0.0,0.75,0.25,0.0,0.4056390622295664
39628427929588113,0.0,0.63,0.37,0.0,0.47533604634353294
39628417167002497,0.0,0.94,0.06,0.0,0.16372245957723813
39628443972797828,0.0,0.26,0.74,0.0,0.4133731862463089
39628443972797926,0.0,0.32,0.68,0.0,0.45219072886224687
39628449274399091,0.0,0.05,0.95,0.0,0.14319847855797813
39628443947635479,0.0,0.7,0.3,0.0,0.44064544961534635
39628406341502861,0.0,0.69,0.31,0.0,0.4465867291889284
39628417162808393,0.0,0.93,0.07,0.0,0.18296182545011158
39628411756347878,0.0,0.47,0.53,0.0,0.4987007942838698
39628411752154206,0.0,0.5,0.5,0.0,0.5
39628422514740265,0.0,0.43,0.57,0.0,0.4929075185894599
39628411768934362,0.0,0.4,0.6,0.0,0.4854752972273343
39628406341505703,0.0,0.78,0.22,0.0,0.38008375148098283
39628411743764617,0.0,0.15,0.85,0.0,0.3049201523582002
39628411743767336,0.0,0.06,0.94,0.0,0.16372245957723813
39628411764741148,0.0,0.82,0.18,0.0,0.34003852286413994
39628406345697598,0.0,0.97,0.03,0.0,0.0971959289157881
39628411764741075,0.0,0.61,0.39,0.0,0.4823997742525436
39628411768930831,0.0,0.97,0.03,0.0,0.0971959289157881
39628411743766693,0.0,0.37,0.63,0.0,0.47533604634353294
39628411743767133,0.0,0.93,0.07,0.0,0.18296182545011158
39628406345697709,0.0,0.99,0.01,0.0,0.04039656794795559
39628411743766851,0.0,0.78,0.22,0.0,0.38008375148098283
39628422514741141,0.0,0.95,0.05,0.0,0.14319847855797813
39628427933778415,0.0,0.23,0.77,0.0,0.38900565177326885
39628427929588696,0.0,0.47,0.53,0.0,0.4987007942838698
39628443947635339,0.0,0.54,0.46,0.0,0.49768921941011285
39628411760544326,0.06,0.94,0.0,0.0,0.16372245957723813
39628411760545944,0.0,0.8,0.2,0.0,0.36096404744368116
39628411760546186,0.01,0.98,0.01,0.0,0.08072027127091033
39628417171196322,0.0,0.25,0.75,0.0,0.4056390622295664
39628417171194385,0.0,0.82,0.18,0.0,0.34003852286413994
39628417171196766,0.0,0.47,0.53,0.0,0.4987007942838698
39628422556682694,0.0,0.23,0.77,0.0,0.38900565177326885
39628417171196237,0.0,0.47,0.53,0.0,0.4987007942838698
39628417171194275,0.0,0.38,0.62,0.0,0.47902101111314976
39628417171195841,0.0,0.89,0.11,0.0,0.249957979082264
39628417171194310,0.0,0.82,0.18,0.0,0.34003852286413994
39628417167003805,0.0,1.0,0.0,0.0,-0.0
39628417171193982,0.01,0.99,0.0,0.0,0.04039656794795559
39628427933780138,0.0,0.04,0.96,0.0,0.12114609454120741
39628422556682504,0.0,0.41,0.59,0.0,0.488250234378912
39628417167003689,0.0,0.77,0.23,0.0,0.38900565177326885
39628411760544367,0.0,0.84,0.16,0.0,0.3171547773202831
39628417171195045,0.0,0.24,0.76,0.0,0.39752013969226113
39628417171194842,0.0,0.93,0.07,0.0,0.18296182545011158
39628417171194761,0.0,0.47,0.53,0.0,0.4987007942838698
39628417171197094,0.0,0.95,0.05,0.0,0.14319847855797813
39628422556682716,0.0,0.27,0.73,0.0,0.42073231810408784
39628417171195620,0.0,0.78,0.22,0.0,0.38008375148098283
39628417171195672,0.0,0.64,0.36,0.0,0.4713415946277461
39628417171196619,0.0,0.84,0.16,0.0,0.3171547773202831
39628417167002930,0.0,0.6,0.4,0.0,0.4854752972273343
39628417171195768,0.0,0.25,0.75,0.0,0.4056390622295664
39628427933780652,0.0,0.11,0.88,0.01,0.28950944366190023
39628417167003231,0.0,0.91,0.09,0.0,0.21823490853205144
39628417171195703,0.0,0.12,0.88,0.0,0.2646804326436822
39628438641837775,0.0,0.0,1.0,0.0,-0.0
39628443972799659,0.0,0.31,0.69,0.0,0.4465867291889284
39628438641837698,0.0,0.02,0.98,0.0,0.07072027127091034
39628411764739220,0.0,0.77,0.23,0.0,0.38900565177326885
39628411752155670,0.01,0.97,0.02,0.0,0.11097036642660543
39628411752155453,0.0,0.89,0.11,0.0,0.249957979082264
39628449295369455,0.0,0.42,0.58,0.0,0.49072694751682683
39628411768935163,0.0,0.97,0.03,0.0,0.0971959289157881
39628411768935574,0.0,0.79,0.21,0.0,0.37074136996563684
39628411768933331,0.0,1.0,0.0,0.0,-0.0
39628411768934806,0.01,0.81,0.18,0.0,0.3789955935892812
39628411768930364,0.0,0.33,0.67,0.0,0.4574631863898637
39628411768932670,0.0,0.97,0.03,0.0,0.0971959289157881
39628417167003541,0.02,0.97,0.01,0.0,0.11097036642660543
39628411768936120,0.0,0.68,0.32,0.0,0.45219072886224687
39628427933778805,0.0,0.67,0.33,0.0,0.4574631863898637
39628427933779442,0.0,0.96,0.04,0.0,0.12114609454120741
39628427933779381,0.0,0.43,0.57,0.0,0.4929075185894599
39628417171194589,0.0,0.97,0.03,0.0,0.0971959289157881
39628411743768827,0.0,0.61,0.39,0.0,0.4823997742525436
39628427933778128,0.0,0.05,0.95,0.0,0.14319847855797813
39628417171198166,0.0,1.0,0.0,0.0,-0.0
39628411768936501,0.0,0.71,0.29,0.0,0.43436062316970225
39628449299562940,0.0,0.38,0.62,0.0,0.47902101111314976
39628449286982585,0.0,0.89,0.11,0.0,0.249957979082264
39628417141834840,0.0,0.17,0.83,0.0,0.32885238937210975
39628443960215702,0.0,0.87,0.13,0.0,0.2787190925139945
39628417141834792,0.0,0.41,0.59,0.0,0.488250234378912
39628449282788600,0.0,0.21,0.79,0.0,0.37074136996563684
39628443972798636,0.0,0.59,0.41,0.0,0.488250234378912
39628454605358196,0.0,0.86,0.14,0.0,0.292119405821428
39628454592775856,0.0,1.0,0.0,0.0,-0.0
39628438633451853,0.0,0.33,0.67,0.0,0.4574631863898637
39628438633447830,0.0,0.98,0.02,0.0,0.07072027127091034
39628470438858788,0.0,0.55,0.45,0.0,0.49638722699390414
39628470443049484,0.0,0.94,0.06,0.0,0.16372245957723813
39628470443050106,0.0,0.84,0.16,0.0,0.3171547773202831
39628475694319057,0.0,1.0,0.0,0.0,-0.0
39628459902763719,0.0,0.77,0.23,0.0,0.38900565177326885
39628459902763787,0.0,0.97,0.03,0.0,0.0971959289157881
39628449274398708,0.0,0.01,0.97,0.02,0.11097036642660543
39628427929585025,0.0,0.96,0.04,0.0,0.12114609454120741
39628427929585574,0.0,0.9,0.1,0.0,0.2344977967946406
39628427929585602,0.0,0.04,0.96,0.0,0.12114609454120741
39628427929587688,0.0,0.99,0.01,0.0,0.04039656794795559
39628422556681866,0.0,0.06,0.94,0.0,0.16372245957723813
39628422556681786,0.0,0.37,0.63,0.0,0.47533604634353294
39628449274398126,0.0,0.43,0.57,0.0,0.4929075185894599
39628422556681815,0.0,0.78,0.22,0.0,0.38008375148098283
39628422556681830,0.0,0.8,0.2,0.0,0.36096404744368116
39628443972798831,0.0,0.46,0.54,0.0,0.49768921941011285
39628433264739885,0.0,0.55,0.45,0.0,0.49638722699390414
39628449299563882,0.0,0.79,0.21,0.0,0.37074136996563684
39628422556683471,0.0,0.9,0.1,0.0,0.2344977967946406
39628433294102073,0.0,0.98,0.02,0.0,0.07072027127091034
39628411760546183,0.0,0.98,0.02,0.0,0.07072027127091034
39628443976994389,0.0,0.94,0.06,0.0,0.16372245957723813
39628422556682800,0.0,0.91,0.09,0.0,0.21823490853205144
39628454605361181,0.0,0.77,0.23,0.0,0.38900565177326885
39628465183392939,0.0,0.98,0.02,0.0,0.07072027127091034
39628459898569865,0.0,0.57,0.43,0.0,0.4929075185894599
39628438641838315,0.0,0.81,0.19,0.0,0.3507357299419487
39628411760544906,0.0,0.65,0.35,0.0,0.4670340276877455
39628427933781034,0.0,0.84,0.16,0.0,0.3171547773202831
39628449299563151,0.0,0.97,0.03,0.0,0.0971959289157881
39628433294100790,0.04,0.96,0.0,0.0,0.12114609454120741
39628433294100381,0.0,0.72,0.28,0.0,0.4277254052800653
39628422556681876,0.01,0.99,0.0,0.0,0.04039656794795559
39628454605360802,0.0,0.07,0.93,0.0,0.18296182545011158
39628422556682110,0.0,1.0,0.0,0.0,-0.0
39628438641839963,0.0,0.4,0.6,0.0,0.4854752972273343
39628433294101695,0.0,0.75,0.25,0.0,0.4056390622295664
39628433294100585,0.0,0.01,0.94,0.05,0.1832231322266888
39628454605361069,0.0,0.91,0.09,0.0,0.21823490853205144
39628422556683011,0.0,0.17,0.83,0.0,0.32885238937210975
39628454605361036,0.0,0.97,0.03,0.0,0.0971959289157881
39628454605362103,0.07,0.93,0.0,0.0,0.18296182545011158
39628454605361079,0.0,0.99,0.01,0.0,0.04039656794795559
39628459898569876,0.0,0.74,0.26,0.0,0.4133731862463089
39628433294099662,0.0,0.89,0.11,0.0,0.249957979082264
39628465183392796,0.0,0.78,0.22,0.0,0.38008375148098283
39628454605360691,0.01,0.99,0.0,0.0,0.04039656794795559
39628454605361409,0.0,0.91,0.09,0.0,0.21823490853205144
39628465183393193,0.0,0.14,0.86,0.0,0.292119405821428
39628465183392699,0.02,0.98,0.0,0.0,0.07072027127091034
39628438641838482,0.0,0.81,0.19,0.0,0.3507357299419487
39628454605360840,0.0,0.26,0.74,0.0,0.4133731862463089
39628465183394572,0.0,0.95,0.05,0.0,0.14319847855797813
39628417141835052,0.0,0.8,0.2,0.0,0.36096404744368116
39628443956019706,0.0,0.94,0.06,0.0,0.16372245957723813
39628449295373042,0.0,0.56,0.44,0.0,0.4947937606110278
39628411752153683,0.0,0.68,0.32,0.0,0.45219072886224687
39628417137641064,0.0,0.91,0.09,0.0,0.21823490853205144
39628411756351153,0.0,0.99,0.01,0.0,0.04039656794795559
39628411764741980,0.01,0.9,0.09,0.0,0.2579475764741046
39628411743768293,0.0,0.1,0.9,0.0,0.2344977967946406
39628411743768302,0.0,0.27,0.73,0.0,0.42073231810408784
39628411764740041,0.0,0.65,0.35,0.0,0.4670340276877455
39628406349891303,0.0,1.0,0.0,0.0,-0.0
39628406349890120,0.0,0.91,0.09,0.0,0.21823490853205144
39628411743767772,0.0,0.9,0.1,0.0,0.2344977967946406
39628411743767951,0.0,0.97,0.03,0.0,0.0971959289157881
39628406349891062,0.0,0.43,0.57,0.0,0.4929075185894599
39628411764741778,0.0,0.95,0.05,0.0,0.14319847855797813
39628411743766728,0.0,0.98,0.02,0.0,0.07072027127091034
39628449299563987,0.02,0.98,0.0,0.0,0.07072027127091034
39628433294103072,0.0,0.82,0.18,0.0,0.34003852286413994
39628433294102819,0.0,0.98,0.02,0.0,0.07072027127091034
39628411764736492,0.0,0.96,0.04,0.0,0.12114609454120741
39628438641840228,0.0,1.0,0.0,0.0,-0.0
39628454605362146,0.0,1.0,0.0,0.0,-0.0
39628422556683935,0.01,0.99,0.0,0.0,0.04039656794795559
39628438646030680,0.0,1.0,0.0,0.0,-0.0
39628422556684188,0.0,0.97,0.03,0.0,0.0971959289157881
39628449295369334,0.0,0.35,0.65,0.0,0.4670340276877455
39628438641837611,0.0,0.92,0.08,0.0,0.2010895951011364
39628438641839591,0.0,0.76,0.24,0.0,0.39752013969226113
39628433294101311,0.0,0.83,0.17,0.0,0.32885238937210975
39628427933781892,0.0,0.86,0.14,0.0,0.292119405821428
39628427933781679,0.0,0.96,0.04,0.0,0.12114609454120741
39628427933781162,0.0,0.03,0.97,0.0,0.0971959289157881
39628411760545801,0.0,0.35,0.65,0.0,0.4670340276877455
39628427933781333,0.0,0.89,0.11,0.0,0.249957979082264
39628427933781048,0.0,0.48,0.52,0.0,0.4994227679976009
39628422556683841,0.0,0.94,0.06,0.0,0.16372245957723813
39628427933780869,0.0,0.94,0.06,0.0,0.16372245957723813
39628427933780599,0.0,1.0,0.0,0.0,-0.0
39628411760545230,0.0,0.85,0.15,0.0,0.3049201523582002
39628427933780683,0.0,0.99,0.01,0.0,0.04039656794795559
39628411760544916,0.0,0.98,0.02,0.0,0.07072027127091034
39628422556683750,0.0,0.2,0.8,0.0,0.36096404744368116
39628417167003889,0.0,0.78,0.22,0.0,0.38008375148098283
39628411760544618,0.0,1.0,0.0,0.0,-0.0
39628422556683013,0.0,0.94,0.06,0.0,0.16372245957723813
39628454605361618,0.0,0.18,0.82,0.0,0.34003852286413994
39628454605361341,0.0,0.67,0.33,0.0,0.4574631863898637
39628465183393098,0.0,0.76,0.24,0.0,0.39752013969226113
39628465183392822,0.0,0.68,0.32,0.0,0.45219072886224687
39628411764739673,0.0,0.81,0.19,0.0,0.3507357299419487
39628443951827482,0.0,1.0,0.0,0.0,-0.0
39628411760545799,0.0,0.79,0.21,0.0,0.37074136996563684
39628417171195272,0.0,0.94,0.06,0.0,0.16372245957723813
39628417171195580,0.0,1.0,0.0,0.0,-0.0
39628417171196991,0.0,1.0,0.0,0.0,-0.0
39628411768936225,0.0,1.0,0.0,0.0,-0.0
39628427933780818,0.0,0.99,0.01,0.0,0.04039656794795559
39628417171197994,0.0,0.99,0.01,0.0,0.04039656794795559
39628411747958904,0.0,0.61,0.39,0.0,0.4823997742525436
39628438641838028,0.0,1.0,0.0,0.0,-0.0
39628427933779512,0.0,0.21,0.79,0.0,0.37074136996563684
39628411760546046,0.0,1.0,0.0,0.0,-0.0
39628417171194216,0.0,0.95,0.05,0.0,0.14319847855797813
39628427933779718,0.0,0.99,0.01,0.0,0.04039656794795559
39628465183393878,0.0,0.98,0.02,0.0,0.07072027127091034
39628465183393502,0.0,0.97,0.03,0.0,0.0971959289157881
39628449299563368,0.0,0.79,0.21,0.0,0.37074136996563684
39628465141450145,0.0,1.0,0.0,0.0,-0.0
39628454555028150,0.02,0.98,0.0,0.0,0.07072027127091034
39628438587314411,0.0,0.84,0.16,0.0,0.3171547773202831
39628465141450847,0.0,0.97,0.03,0.0,0.0971959289157881
39628475685929810,0.0,0.95,0.05,0.0,0.14319847855797813
39628454559225914,0.0,0.12,0.88,0.0,0.2646804326436822
39628427912810579,0.0,0.25,0.75,0.0,0.4056390622295664
39628449282785949,0.0,0.49,0.51,0.0,0.49985572087640495
39628454584387433,0.0,0.03,0.97,0.0,0.0971959289157881
39628449249235173,0.0,0.06,0.93,0.01,0.20367037270049304
39628454601164649,0.0,0.03,0.96,0.01,0.13737165703039006
39628459881796216,0.0,0.35,0.65,0.0,0.4670340276877455
39628422552488100,0.0,0.0,0.95,0.05,0.14319847855797813
39628433264740101,0.0,0.99,0.01,0.0,0.04039656794795559
39628459890183938,0.0,1.0,0.0,0.0,-0.0
39628454596971014,0.0,0.17,0.83,0.0,0.32885238937210975
39628433277324042,0.0,0.05,0.95,0.0,0.14319847855797813
39628465162421920,0.0,0.8,0.2,0.0,0.36096404744368116
39628454567613275,0.0,0.18,0.82,0.0,0.34003852286413994
39628465162422052,0.0,0.29,0.71,0.0,0.43436062316970225
39628454563417385,0.0,0.02,0.97,0.01,0.11097036642660543
39628465166617706,0.0,0.0,1.0,0.0,-0.0
39628459890184091,0.0,0.09,0.91,0.0,0.21823490853205144
39628449286981180,0.0,0.05,0.95,0.0,0.14319847855797813
39628438608283503,0.0,0.7,0.3,0.0,0.44064544961534635
39628433277323965,0.0,0.02,0.92,0.06,0.23354072007950172
39628427891838482,0.0,0.07,0.93,0.0,0.18296182545011158
39628454559222868,0.0,0.23,0.77,0.0,0.38900565177326885
39628454563417229,0.0,0.64,0.36,0.0,0.4713415946277461
39628454559225781,0.0,0.2,0.8,0.0,0.36096404744368116
39628449282786230,0.0,0.13,0.87,0.0,0.2787190925139945
39628454601164268,0.0,0.72,0.28,0.0,0.4277254052800653
39628449249234467,0.0,0.45,0.55,0.0,0.49638722699390414
39628454563414546,0.0,0.96,0.04,0.0,0.12114609454120741
39628427925394040,0.0,0.18,0.82,0.0,0.34003852286413994
39628427925392782,0.0,0.24,0.76,0.0,0.39752013969226113
39628422552488288,0.0,0.01,0.99,0.0,0.04039656794795559
39628470426277161,0.0,0.92,0.08,0.0,0.2010895951011364
39628470426277387,0.0,0.31,0.69,0.0,0.4465867291889284
39628470426277436,0.0,0.99,0.01,0.0,0.04039656794795559
39628449295369453,0.0,0.78,0.22,0.0,0.38008375148098283
39628465166617796,0.0,0.0,0.93,0.07,0.18296182545011158
39628427921199530,0.0,0.53,0.47,0.0,0.4987007942838698
39628454605359330,0.0,0.47,0.53,0.0,0.4987007942838698
39628465183392228,0.0,0.14,0.86,0.0,0.292119405821428
39628443964410410,0.0,0.08,0.92,0.0,0.2010895951011364
39628449249235164,0.0,0.97,0.03,0.0,0.0971959289157881
39628459881795842,0.0,0.49,0.51,0.0,0.49985572087640495
39628459894379181,0.0,1.0,0.0,0.0,-0.0
39628459877597731,0.0,0.69,0.31,0.0,0.4465867291889284
39628438591509772,0.0,0.02,0.9,0.08,0.2705942015390087
39628417141837646,0.0,0.86,0.14,0.0,0.292119405821428
39628454601166354,0.0,0.0,0.98,0.02,0.07072027127091034
39628427929586875,0.01,0.6,0.39,0.0,0.5192074835266683
39628427904418361,0.0,0.21,0.79,0.0,0.37074136996563684
39628443943439955,0.0,0.94,0.06,0.0,0.16372245957723813
39628422539907268,0.0,0.3,0.7,0.0,0.44064544961534635
39628465149841457,0.0,0.24,0.76,0.0,0.39752013969226113
39628443960217555,0.0,0.11,0.89,0.0,0.249957979082264
39628449249234106,0.01,0.98,0.01,0.0,0.08072027127091033
39628438633450855,0.0,0.55,0.45,0.0,0.49638722699390414
39628454559225409,0.0,0.99,0.01,0.0,0.04039656794795559
39628449295370770,0.0,0.99,0.01,0.0,0.04039656794795559
39628417162805438,0.0,0.45,0.55,0.0,0.49638722699390414
39628417158616476,0.0,0.88,0.12,0.0,0.2646804326436822
39628465149840888,0.0,0.11,0.89,0.0,0.249957979082264
39628438591509856,0.0,0.12,0.88,0.0,0.2646804326436822
39628465158228980,0.0,0.48,0.52,0.0,0.4994227679976009
39628422531514882,0.0,0.79,0.21,0.0,0.37074136996563684
39628449295371919,0.0,0.82,0.18,0.0,0.34003852286413994
39628449295372011,0.0,0.85,0.15,0.0,0.3049201523582002
39628422527320708,0.0,0.85,0.15,0.0,0.3049201523582002
39628443972799309,0.0,0.41,0.59,0.0,0.488250234378912
39628465158228003,0.0,0.93,0.07,0.0,0.18296182545011158
39628422527320722,0.0,0.06,0.94,0.0,0.16372245957723813
39628443972799063,0.0,0.0,0.96,0.04,0.12114609454120741
39628443972798954,0.0,0.99,0.01,0.0,0.04039656794795559
39628438633451258,0.0,0.17,0.83,0.0,0.32885238937210975
39628449278594075,0.0,0.77,0.23,0.0,0.38900565177326885
39628449278594070,0.0,0.48,0.52,0.0,0.4994227679976009
39628459894379178,0.0,0.34,0.66,0.0,0.46240935248651505
39628465141453093,0.0,0.65,0.35,0.0,0.4670340276877455
39628433277323532,0.0,0.01,0.99,0.0,0.04039656794795559
39628427883451049,0.0,0.35,0.65,0.0,0.4670340276877455
39628438591504460,0.0,0.73,0.27,0.0,0.42073231810408784
39628427883450142,0.0,0.99,0.01,0.0,0.04039656794795559
39628433243768611,0.0,0.99,0.01,0.0,0.04039656794795559
39628422514741943,0.0,0.59,0.41,0.0,0.488250234378912
39628427883451693,0.0,0.69,0.31,0.0,0.4465867291889284
39628427883451394,0.0,0.32,0.67,0.01,0.4897882160840085
39628443926660728,0.0,0.36,0.64,0.0,0.4713415946277461
39628427925392508,0.01,0.99,0.0,0.0,0.04039656794795559
39628427925392789,0.0,0.08,0.92,0.0,0.2010895951011364
39628427925393255,0.0,0.99,0.01,0.0,0.04039656794795559
39628438591506673,0.0,0.01,0.99,0.0,0.04039656794795559
39628411747961763,0.0,0.9,0.1,0.0,0.2344977967946406
39628411747961340,0.0,0.07,0.93,0.0,0.18296182545011158
39628411747961244,0.0,0.88,0.12,0.0,0.2646804326436822
39628411747961232,0.0,0.75,0.25,0.0,0.4056390622295664
39628411747961202,0.0,0.05,0.95,0.0,0.14319847855797813
39628411747961153,0.0,1.0,0.0,0.0,-0.0
39628411747961048,0.0,0.69,0.31,0.0,0.4465867291889284
39628443926660119,0.0,0.28,0.72,0.0,0.4277254052800653
39628443926659995,0.0,0.32,0.68,0.0,0.45219072886224687
39628465158228243,0.0,0.41,0.59,0.0,0.488250234378912
39628454584387474,0.0,0.66,0.34,0.0,0.46240935248651505
39628438587315598,0.0,0.33,0.67,0.0,0.4574631863898637
39628449245041691,0.0,0.14,0.86,0.0,0.292119405821428
39628411747961255,0.0,0.69,0.31,0.0,0.4465867291889284
39628411747961852,0.0,0.84,0.16,0.0,0.3171547773202831
39628443964410524,0.0,0.84,0.16,0.0,0.3171547773202831
39628411747961583,0.0,0.06,0.94,0.0,0.16372245957723813
39628443926660419,0.0,0.93,0.07,0.0,0.18296182545011158
39628443926660272,0.0,0.86,0.14,0.0,0.292119405821428
39628449295371818,0.0,1.0,0.0,0.0,-0.0
39628417137642453,0.0,0.82,0.18,0.0,0.34003852286413994
39628417162805460,0.0,0.88,0.12,0.0,0.2646804326436822
39628427883448293,0.04,0.93,0.03,0.0,0.2174448102113104
39628427883448565,0.0,0.92,0.08,0.0,0.2010895951011364
39628411747961041,0.0,0.92,0.08,0.0,0.2010895951011364
39628411747960987,0.04,0.93,0.03,0.0,0.2174448102113104
39628443926660031,0.0,0.36,0.64,0.0,0.4713415946277461
39628443922469601,0.0,0.93,0.07,0.0,0.18296182545011158
39628417137641856,0.0,0.57,0.43,0.0,0.4929075185894599
39628443951825772,0.0,0.83,0.17,0.0,0.32885238937210975
39628443951825794,0.0,0.01,0.99,0.0,0.04039656794795559
39628411747960918,0.0,0.28,0.72,0.0,0.4277254052800653
39628443951825094,0.0,0.86,0.14,0.0,0.292119405821428
39628443956020221,0.01,0.99,0.0,0.0,0.04039656794795559
39628443956020509,0.0,0.24,0.76,0.0,0.39752013969226113
39628459890183702,0.0,0.11,0.89,0.0,0.249957979082264
39628465175005566,0.0,0.68,0.32,0.0,0.45219072886224687
39628459898569104,0.0,0.51,0.49,0.0,0.49985572087640495
39628427896032190,0.0,0.64,0.36,0.0,0.4713415946277461
39628454563417328,0.0,0.27,0.73,0.0,0.42073231810408784
39628449261816014,0.0,0.56,0.44,0.0,0.4947937606110278
39628459898569185,0.0,0.27,0.73,0.0,0.42073231810408784
39628422518933933,0.0,0.43,0.57,0.0,0.4929075185894599
39628449291174802,0.0,0.15,0.85,0.0,0.3049201523582002
39628475698513125,0.0,0.97,0.03,0.0,0.0971959289157881
39628449282786302,0.0,0.94,0.06,0.0,0.16372245957723813
39628449282785959,0.0,1.0,0.0,0.0,-0.0
39628475690128516,0.0,0.96,0.04,0.0,0.12114609454120741
39628459856630712,0.0,0.3,0.7,0.0,0.44064544961534635
39628427925389665,0.0,1.0,0.0,0.0,-0.0
39628470451437964,0.0,0.61,0.39,0.0,0.4823997742525436
39628459856630687,0.0,0.07,0.93,0.0,0.18296182545011158
39628470447243666,0.0,1.0,0.0,0.0,-0.0
39628470422084467,0.0,0.44,0.56,0.0,0.4947937606110278
39628470447243921,0.0,0.56,0.44,0.0,0.4947937606110278
39628470451439761,0.0,1.0,0.0,0.0,-0.0
39628475690123648,0.0,0.99,0.01,0.0,0.04039656794795559
39628475690124118,0.0,1.0,0.0,0.0,-0.0
39628470443052657,0.0,0.97,0.03,0.0,0.0971959289157881
39628475690124324,0.0,0.03,0.97,0.0,0.0971959289157881
39628475690124287,0.0,0.92,0.08,0.0,0.2010895951011364
39628470443052576,0.0,0.45,0.55,0.0,0.49638722699390414
39628475690128650,0.0,0.91,0.09,0.0,0.21823490853205144
39628449249231625,0.03,0.93,0.04,0.0,0.2174448102113104
39628475698513834,0.0,0.66,0.34,0.0,0.46240935248651505
39628470422081100,0.0,0.45,0.55,0.0,0.49638722699390414
39628422531514890,0.0,0.73,0.27,0.0,0.42073231810408784
39628443951828103,0.0,0.92,0.08,0.0,0.2010895951011364
39628475694319497,0.0,0.93,0.07,0.0,0.18296182545011158
39628470422084186,0.0,0.25,0.75,0.0,0.4056390622295664
39628459898573197,0.0,1.0,0.0,0.0,-0.0
39628443976991385,0.01,0.69,0.3,0.0,0.4784535679576163
39628470451438211,0.0,0.73,0.27,0.0,0.42073231810408784
39628475694318126,0.19,0.8,0.01,0.0,0.38960374315527674
39628475698512610,0.0,0.49,0.51,0.0,0.49985572087640495
39628475685931063,0.19,0.81,0.0,0.0,0.3507357299419487
39628475685931004,0.0,0.79,0.21,0.0,0.37074136996563684
39628465141450200,0.0,0.93,0.07,0.0,0.18296182545011158
39628449278595445,0.0,0.0,0.94,0.06,0.16372245957723813
39628470422079492,0.0,0.98,0.02,0.0,0.07072027127091034
39628443939244667,0.0,0.98,0.02,0.0,0.07072027127091034
39628443939244691,0.0,0.67,0.33,0.0,0.4574631863898637
39628443939244720,0.0,0.08,0.92,0.0,0.2010895951011364
39628427883450483,0.0,0.47,0.53,0.0,0.4987007942838698
39628427883450661,0.0,0.4,0.6,0.0,0.4854752972273343
39628454559221490,0.0,0.77,0.23,0.0,0.38900565177326885
39628465141451648,0.0,0.31,0.69,0.0,0.4465867291889284
39628422514742634,0.0,0.33,0.67,0.0,0.4574631863898637
39628449245039774,0.0,0.58,0.42,0.0,0.49072694751682683
39628465141450900,0.0,0.82,0.18,0.0,0.34003852286413994
39628465141451346,0.0,0.4,0.6,0.0,0.4854752972273343
39628465141451450,0.0,0.43,0.57,0.0,0.4929075185894599
39628449245039286,0.0,0.89,0.11,0.0,0.249957979082264
39628459852436080,0.0,0.16,0.84,0.0,0.3171547773202831
39628449245039658,0.0,0.81,0.19,0.0,0.3507357299419487
39628465141450457,0.0,0.97,0.03,0.0,0.0971959289157881
39628465141450873,0.0,0.98,0.02,0.0,0.07072027127091034
39628459865015381,0.0,0.0,1.0,0.0,-0.0
39628465145643935,0.0,0.95,0.05,0.0,0.14319847855797813
39628438591504884,0.0,0.37,0.63,0.0,0.47533604634353294
39628449245040852,0.0,0.95,0.05,0.0,0.14319847855797813
39628459856627685,0.0,0.86,0.14,0.0,0.292119405821428
39628459856627830,0.0,0.39,0.61,0.0,0.4823997742525436
39628454555029739,0.0,0.29,0.71,0.0,0.43436062316970225
39628465141452454,0.0,0.95,0.05,0.0,0.14319847855797813
39628449245041194,0.0,0.92,0.08,0.0,0.2010895951011364
39628475677545907,0.0,0.93,0.07,0.0,0.18296182545011158
39628475681737116,0.0,0.96,0.04,0.0,0.12114609454120741
39628470417885719,0.0,1.0,0.0,0.0,-0.0
39628475685932131,0.0,0.69,0.31,0.0,0.4465867291889284
39628475677546722,0.0,0.99,0.01,0.0,0.04039656794795559
39628475685930748,0.0,0.83,0.17,0.0,0.32885238937210975
39628475681735611,0.0,0.94,0.06,0.0,0.16372245957723813
39628411747959992,0.01,0.85,0.14,0.0,0.33142210248480686
39628411747960108,0.01,0.99,0.0,0.0,0.04039656794795559
39628422518933381,0.0,0.38,0.62,0.0,0.47902101111314976
39628433243767044,0.0,0.81,0.19,0.0,0.3507357299419487
39628417133447305,0.0,1.0,0.0,0.0,-0.0
39628433239577212,0.0,0.69,0.31,0.0,0.4465867291889284
39628433239577150,0.0,0.59,0.41,0.0,0.488250234378912
39628438591505289,0.02,0.94,0.04,0.0,0.1912713345988728
39628470426272565,0.0,0.29,0.71,0.0,0.43436062316970225
39628470451437836,0.0,0.71,0.29,0.0,0.43436062316970225
39628422514741030,0.01,0.98,0.01,0.0,0.08072027127091033
39628454555029211,0.0,1.0,0.0,0.0,-0.0
39628438587314136,0.01,0.98,0.01,0.0,0.08072027127091033
39628443951827011,0.0,0.58,0.42,0.0,0.49072694751682683
39628443951826658,0.0,0.98,0.02,0.0,0.07072027127091034
39628470417885283,0.01,0.99,0.0,0.0,0.04039656794795559
39628459856628440,0.0,1.0,0.0,0.0,-0.0
39628454555028291,0.0,0.94,0.06,0.0,0.16372245957723813
39628459902763064,0.0,0.22,0.78,0.0,0.38008375148098283
39628459902763765,0.0,0.26,0.74,0.0,0.4133731862463089
39628475685931528,0.03,0.97,0.0,0.0,0.0971959289157881
39628475694319773,0.0,0.89,0.11,0.0,0.249957979082264
39628470447245996,0.0,0.87,0.13,0.0,0.2787190925139945
39628475677544511,0.02,0.97,0.01,0.0,0.11097036642660543
39628411743767664,0.0,0.78,0.22,0.0,0.38008375148098283
39628406333117128,0.0,1.0,0.0,0.0,-0.0
39628406345698564,0.01,0.99,0.0,0.0,0.04039656794795559
39628422556684566,0.0,1.0,0.0,0.0,-0.0
39628422560874738,0.0,0.99,0.01,0.0,0.04039656794795559
39628449295371273,0.0,0.4,0.6,0.0,0.4854752972273343
39628454559223485,0.0,0.0,0.85,0.15,0.3049201523582002
39628449286982790,0.0,0.67,0.33,0.0,0.4574631863898637
39628454601163064,0.0,0.02,0.98,0.0,0.07072027127091034
39628427904420898,0.0,0.19,0.81,0.0,0.3507357299419487
39628454601165723,0.0,0.01,0.99,0.0,0.04039656794795559
39628427904421029,0.0,0.03,0.96,0.01,0.13737165703039006
39628427891838351,0.0,0.56,0.44,0.0,0.4947937606110278
39628443947632256,0.0,0.32,0.68,0.0,0.45219072886224687
39628449295371357,0.0,0.7,0.3,0.0,0.44064544961534635
39628427929584339,0.0,0.2,0.8,0.0,0.36096404744368116
39628433264739473,0.0,0.66,0.34,0.0,0.46240935248651505
39628427929584049,0.0,0.43,0.57,0.0,0.4929075185894599
39628454601165854,0.0,0.35,0.65,0.0,0.4670340276877455
39628449295370994,0.0,0.16,0.84,0.0,0.3171547773202831
39628443947631787,0.0,0.93,0.07,0.0,0.18296182545011158
39628465183391984,0.0,0.58,0.42,0.0,0.49072694751682683
39628443947631950,0.0,0.89,0.11,0.0,0.249957979082264
39628411756348043,0.0,0.37,0.63,0.0,0.47533604634353294
39628411756347714,0.01,0.76,0.23,0.0,0.4275060148322434
39628438591509884,0.0,0.28,0.72,0.0,0.4277254052800653
39628417171194362,0.0,0.01,0.98,0.01,0.08072027127091033
39628449274398333,0.0,0.88,0.12,0.0,0.2646804326436822
39628449274396737,0.0,0.11,0.89,0.0,0.249957979082264
39628433289905432,0.0,0.04,0.96,0.0,0.12114609454120741
39628443947631619,0.0,0.17,0.83,0.0,0.32885238937210975
39628443960216193,0.01,0.71,0.28,0.0,0.46573817837513565
39628449295370870,0.0,0.38,0.62,0.0,0.47902101111314976
39628449295373000,0.0,0.81,0.19,0.0,0.3507357299419487
39628449274397820,0.0,0.78,0.22,0.0,0.38008375148098283
39628443964408635,0.0,0.36,0.64,0.0,0.4713415946277461
39628433294099743,0.0,0.71,0.29,0.0,0.43436062316970225
39628438641838863,0.0,0.11,0.89,0.0,0.249957979082264
39628454605359317,0.0,0.45,0.55,0.0,0.49638722699390414
39628454605359357,0.0,0.93,0.07,0.0,0.18296182545011158
39628443972798395,0.0,0.35,0.65,0.0,0.4670340276877455
39628449274397254,0.0,0.68,0.32,0.0,0.45219072886224687
39628438587315432,0.0,0.86,0.14,0.0,0.292119405821428
39628449295371514,0.0,0.64,0.36,0.0,0.4713415946277461
39628443926660891,0.0,0.58,0.42,0.0,0.49072694751682683
39628443935051691,0.0,0.24,0.76,0.0,0.39752013969226113
39628433277323770,0.0,1.0,0.0,0.0,-0.0
39628449249231215,0.0,0.04,0.96,0.0,0.12114609454120741
39628449249231422,0.0,0.94,0.06,0.0,0.16372245957723813
39628406345698153,0.0,1.0,0.0,0.0,-0.0
39628406345695498,0.0,0.94,0.06,0.0,0.16372245957723813
39628411739571149,0.0,0.42,0.58,0.0,0.49072694751682683
39628411768932148,0.0,1.0,0.0,0.0,-0.0
39628422514738881,0.0,0.88,0.12,0.0,0.2646804326436822
39628422514738525,0.0,0.95,0.05,0.0,0.14319847855797813
39628411735380791,0.0,0.46,0.54,0.0,0.49768921941011285
39628406341501443,0.0,1.0,0.0,0.0,-0.0
39628411743766853,0.02,0.96,0.02,0.0,0.14114609454120738
39628411768933198,0.0,0.54,0.46,0.0,0.49768921941011285
39628411756349847,0.01,0.67,0.32,0.0,0.4897882160840085
39628449295370755,0.0,0.47,0.53,0.0,0.4987007942838698
39628411768933355,0.0,0.71,0.29,0.0,0.43436062316970225
39628411768933823,0.0,0.57,0.43,0.0,0.4929075185894599
39628411743767751,0.0,0.84,0.16,0.0,0.3171547773202831
39628411768932185,0.0,0.74,0.26,0.0,0.4133731862463089
39628417133448970,0.0,0.93,0.07,0.0,0.18296182545011158
39628417137639544,0.0,1.0,0.0,0.0,-0.0
39628411739573376,0.0,0.11,0.89,0.0,0.249957979082264
39628422527320338,0.0,0.01,0.95,0.04,0.16124668093016215
39628443926659455,0.0,0.82,0.18,0.0,0.34003852286413994
39628449274400263,0.0,0.0,1.0,0.0,-0.0
39628422527320411,0.0,0.39,0.61,0.0,0.4823997742525436
39628411764740147,0.0,0.89,0.11,0.0,0.249957979082264
39628411764740813,0.0,0.97,0.03,0.0,0.0971959289157881
39628422514739684,0.0,0.67,0.33,0.0,0.4574631863898637
39628411764740563,0.0,0.64,0.36,0.0,0.4713415946277461
39628422514739812,0.0,0.38,0.62,0.0,0.47902101111314976
39628422514740070,0.0,0.71,0.29,0.0,0.43436062316970225
39628422514739979,0.0,0.86,0.14,0.0,0.292119405821428
39628406349889929,0.0,0.97,0.03,0.0,0.0971959289157881
39628406341504193,0.0,0.92,0.08,0.0,0.2010895951011364
39628406341504400,0.0,0.91,0.09,0.0,0.21823490853205144
39628406341504626,0.0,1.0,0.0,0.0,-0.0
39628406341505391,0.0,0.88,0.12,0.0,0.2646804326436822
39628422514739281,0.0,0.99,0.01,0.0,0.04039656794795559
39628422514739998,0.0,0.98,0.02,0.0,0.07072027127091034
39628422514739904,0.0,0.52,0.48,0.0,0.4994227679976009
39628411739570896,0.0,0.97,0.03,0.0,0.0971959289157881
39628406345698321,0.0,1.0,0.0,0.0,-0.0
39628406341505542,0.0,0.84,0.16,0.0,0.3171547773202831
39628406341505536,0.0,1.0,0.0,0.0,-0.0
39628427929588422,0.0,0.99,0.01,0.0,0.04039656794795559
39628411768931019,0.0,0.67,0.33,0.0,0.4574631863898637
39628406341502582,0.0,1.0,0.0,0.0,-0.0
39628443926659904,0.0,0.9,0.1,0.0,0.2344977967946406
39628411743767082,0.0,0.55,0.45,0.0,0.49638722699390414
39628411743766894,0.0,0.63,0.37,0.0,0.47533604634353294
39628427933779534,0.0,0.94,0.06,0.0,0.16372245957723813
39628443976991533,0.0,0.63,0.37,0.0,0.47533604634353294
39628454605359608,0.0,0.07,0.93,0.0,0.18296182545011158
39628417133445829,0.0,0.98,0.02,0.0,0.07072027127091034
39628417133448560,0.0,0.85,0.15,0.0,0.3049201523582002
39628411764738394,0.0,0.98,0.02,0.0,0.07072027127091034
39628443951825223,0.0,0.25,0.75,0.0,0.4056390622295664
39628443951825084,0.0,0.89,0.11,0.0,0.249957979082264
39628406349892589,0.0,1.0,0.0,0.0,-0.0
39628411764741107,0.0,0.92,0.08,0.0,0.2010895951011364
39628406349893845,0.0,0.99,0.01,0.0,0.04039656794795559
39628422514740428,0.12,0.88,0.0,0.0,0.2646804326436822
39628406349893311,0.0,0.99,0.01,0.0,0.04039656794795559
39628411743768371,0.0,0.95,0.05,0.0,0.14319847855797813
39628411768931499,0.0,1.0,0.0,0.0,-0.0
39628411768933621,0.0,0.92,0.08,0.0,0.2010895951011364
39628422514740051,0.0,0.98,0.02,0.0,0.07072027127091034
39628411764740477,0.02,0.95,0.03,0.0,0.1674722434193448
39628411768931850,0.0,0.99,0.01,0.0,0.04039656794795559
39628411764742021,0.0,1.0,0.0,0.0,-0.0
39628443976991863,0.0,0.95,0.05,0.0,0.14319847855797813
39628449299564793,0.0,0.99,0.01,0.0,0.04039656794795559
39628470455632161,0.0,1.0,0.0,0.0,-0.0
39628454609551824,0.0,1.0,0.0,0.0,-0.0
39628454609552148,0.0,1.0,0.0,0.0,-0.0
39628470447247302,0.0,0.2,0.8,0.0,0.36096404744368116
39628454601166672,0.0,0.57,0.43,0.0,0.4929075185894599
39628443972798549,0.0,0.02,0.98,0.0,0.07072027127091034
39628443972798619,0.0,0.99,0.01,0.0,0.04039656794795559
39628470451442415,0.0,0.46,0.54,0.0,0.49768921941011285
39628470422083908,0.03,0.92,0.05,0.0,0.239266955218135
39628438599895089,0.0,0.31,0.69,0.0,0.4465867291889284
39628475698512686,0.0,0.98,0.02,0.0,0.07072027127091034
39628454601166495,0.0,0.17,0.83,0.0,0.32885238937210975
39628470451439776,0.0,0.34,0.66,0.0,0.46240935248651505
39628470451439729,0.0,1.0,0.0,0.0,-0.0
39628475694320870,0.04,0.94,0.02,0.0,0.19127133459887283
39628470422077576,0.0,0.87,0.13,0.0,0.2787190925139945
39628470417889118,0.0,0.85,0.15,0.0,0.3049201523582002
39628470417888832,0.0,0.12,0.88,0.0,0.2646804326436822
39628411743766517,0.0,0.58,0.42,0.0,0.49072694751682683
39628449270207649,0.0,0.6,0.4,0.0,0.4854752972273343
39628443947635044,0.0,0.24,0.76,0.0,0.39752013969226113
39628449274398255,0.0,0.17,0.83,0.0,0.32885238937210975
39628443976993773,0.0,0.93,0.07,0.0,0.18296182545011158
39628422556683745,0.0,0.05,0.95,0.0,0.14319847855797813
39628422556684436,0.0,0.7,0.3,0.0,0.44064544961534635
39628443976995271,0.0,0.99,0.01,0.0,0.04039656794795559
39628449299564451,0.04,0.96,0.0,0.0,0.12114609454120741
39628422556683444,0.0,0.13,0.87,0.0,0.2787190925139945
39628438641839672,0.0,0.83,0.17,0.0,0.32885238937210975
39628438641839300,0.0,1.0,0.0,0.0,-0.0
39628443976991370,0.0,0.45,0.55,0.0,0.49638722699390414
39628443976991130,0.0,0.96,0.04,0.0,0.12114609454120741
39628454605360509,0.0,0.1,0.9,0.0,0.2344977967946406
39628443976991395,0.0,0.97,0.03,0.0,0.0971959289157881
39628470443050307,0.0,0.17,0.83,0.0,0.32885238937210975
39628465183392578,0.0,1.0,0.0,0.0,-0.0
39628443976992178,0.0,0.56,0.44,0.0,0.4947937606110278
39628475698516831,0.0,0.37,0.63,0.0,0.47533604634353294
39628459902766444,0.0,1.0,0.0,0.0,-0.0
39628470451439543,0.0,0.98,0.02,0.0,0.07072027127091034
39628443976992557,0.0,1.0,0.0,0.0,-0.0
39628438612478697,0.0,0.96,0.04,0.0,0.12114609454120741
39628438612478661,0.0,0.67,0.33,0.0,0.4574631863898637
39628449299562996,0.0,0.97,0.03,0.0,0.0971959289157881
39628475681739924,0.01,0.98,0.01,0.0,0.08072027127091033
39628470451438053,0.0,1.0,0.0,0.0,-0.0
39628465187586686,0.0,0.93,0.07,0.0,0.18296182545011158
39628475698515208,0.0,0.98,0.02,0.0,0.07072027127091034
39628475681740218,0.01,0.98,0.01,0.0,0.08072027127091033
39628470451440069,0.0,1.0,0.0,0.0,-0.0
39628480941392318,0.0,0.97,0.03,0.0,0.0971959289157881
39628480941395690,0.0,0.99,0.01,0.0,0.04039656794795559
39628470443052858,0.0,0.63,0.37,0.0,0.47533604634353294
39628465187586542,0.0,1.0,0.0,0.0,-0.0
39628465187586634,0.0,1.0,0.0,0.0,-0.0
39628470451440102,0.0,0.86,0.14,0.0,0.292119405821428
39628459856626726,0.0,0.99,0.01,0.0,0.04039656794795559
39628454559221103,0.0,0.12,0.88,0.0,0.2646804326436822
39628470451438224,0.0,0.59,0.41,0.0,0.488250234378912
39628459902763649,0.0,0.97,0.03,0.0,0.0971959289157881
39628475694318332,0.02,0.98,0.0,0.0,0.07072027127091034
39628470426274888,0.0,0.17,0.83,0.0,0.32885238937210975
39628443947636003,0.0,0.14,0.86,0.0,0.292119405821428
39628449249230991,0.0,0.01,0.99,0.0,0.04039656794795559
39628470417883609,0.0,0.89,0.11,0.0,0.249957979082264
39628470447244621,0.0,0.91,0.09,0.0,0.21823490853205144
39628470447245393,0.0,0.75,0.25,0.0,0.4056390622295664
39628459856627586,0.0,0.54,0.46,0.0,0.49768921941011285
39628480933007892,0.01,0.99,0.0,0.0,0.04039656794795559
39628475706902603,0.0,0.97,0.03,0.0,0.0971959289157881
39628475706903373,0.0,0.92,0.08,0.0,0.2010895951011364
39628406337309435,0.0,1.0,0.0,0.0,-0.0
39628406333114892,0.0,1.0,0.0,0.0,-0.0
39628411735380031,0.0,1.0,0.0,0.0,-0.0
39628411764736720,0.0,0.57,0.43,0.0,0.4929075185894599
39628411752153957,0.0,0.71,0.29,0.0,0.43436062316970225
39628411747959732,0.0,0.81,0.19,0.0,0.3507357299419487
39628443943441205,0.0,0.8,0.2,0.0,0.36096404744368116
39628411760542887,0.0,0.28,0.72,0.0,0.4277254052800653
39628417133445178,0.0,0.94,0.06,0.0,0.16372245957723813
39628411747959533,0.01,0.98,0.01,0.0,0.08072027127091033
39628427883449243,0.0,0.96,0.04,0.0,0.12114609454120741
39628449249232154,0.0,0.34,0.66,0.0,0.46240935248651505
39628406345696872,0.0,0.99,0.01,0.0,0.04039656794795559
39628406345696805,0.0,0.92,0.08,0.0,0.2010895951011364
39628411764741015,0.0,1.0,0.0,0.0,-0.0
39628411743766330,0.0,0.84,0.16,0.0,0.3171547773202831
39628449295370694,0.0,0.41,0.59,0.0,0.488250234378912
39628459856627554,0.0,0.86,0.14,0.0,0.292119405821428
39628433294103618,0.0,1.0,0.0,0.0,-0.0
39628433294102833,0.0,0.79,0.21,0.0,0.37074136996563684
39628427933782616,0.0,0.95,0.05,0.0,0.14319847855797813
39628459902763799,0.0,0.67,0.33,0.0,0.4574631863898637
39628422560874569,0.0,0.56,0.44,0.0,0.4947937606110278
39628449299565617,0.01,0.99,0.0,0.0,0.04039656794795559
39628422560875019,0.0,0.88,0.12,0.0,0.2646804326436822
39628475694318610,0.0,0.72,0.28,0.0,0.4277254052800653
39628433294101592,0.0,0.97,0.03,0.0,0.0971959289157881
39628449299562828,0.0,0.51,0.49,0.0,0.49985572087640495
39628449274396890,0.0,0.13,0.87,0.0,0.2787190925139945
39628427933780161,0.0,0.92,0.08,0.0,0.2010895951011364
39628449299562555,0.0,0.62,0.38,0.0,0.47902101111314976
39628465183393040,0.0,0.34,0.66,0.0,0.46240935248651505
39628459902765728,0.01,0.99,0.0,0.0,0.04039656794795559
39628465183393661,0.0,0.98,0.02,0.0,0.07072027127091034
39628459902764550,0.0,0.84,0.16,0.0,0.3171547773202831
39628454609551508,0.0,0.22,0.78,0.0,0.38008375148098283
39628465183393864,0.0,0.71,0.29,0.0,0.43436062316970225
39628459856627051,0.0,0.99,0.01,0.0,0.04039656794795559
39628438587314212,0.0,0.96,0.04,0.0,0.12114609454120741
39628449245039764,0.01,0.99,0.0,0.0,0.04039656794795559
39628454555028332,0.0,1.0,0.0,0.0,-0.0
39628443922465952,0.0,0.97,0.03,0.0,0.0971959289157881
39628449245040053,0.0,0.97,0.03,0.0,0.0971959289157881
39628411768934769,0.0,1.0,0.0,0.0,-0.0
39628433294101972,0.0,0.76,0.24,0.0,0.39752013969226113
39628422514740222,0.0,0.58,0.42,0.0,0.49072694751682683
39628406354084197,0.0,0.98,0.02,0.0,0.07072027127091034
39628422560876054,0.0,1.0,0.0,0.0,-0.0
39628443976991885,0.0,0.83,0.17,0.0,0.32885238937210975
39628480945588927,0.0,1.0,0.0,0.0,-0.0
39628475698512949,0.0,0.96,0.04,0.0,0.12114609454120741
39628475685929469,0.0,0.89,0.11,0.0,0.249957979082264
39628475681737734,0.0,1.0,0.0,0.0,-0.0
39628475681736755,0.0,0.98,0.02,0.0,0.07072027127091034
39628475681736250,0.0,0.98,0.02,0.0,0.07072027127091034
39628475677546428,0.0,0.99,0.01,0.0,0.04039656794795559
39628475698513480,0.0,0.96,0.04,0.0,0.12114609454120741
39628475677546294,0.0,0.97,0.03,0.0,0.0971959289157881
39628475677544554,0.0,1.0,0.0,0.0,-0.0
39628475677542705,0.0,1.0,0.0,0.0,-0.0
39628470455632470,0.0,1.0,0.0,0.0,-0.0
39628470455632022,0.01,0.99,0.0,0.0,0.04039656794795559
39628475706904213,0.0,1.0,0.0,0.0,-0.0
39628475711096035,0.0,0.98,0.02,0.0,0.07072027127091034
39628465183394420,0.0,1.0,0.0,0.0,-0.0
39628480937198816,0.0,0.96,0.04,0.0,0.12114609454120741
39628480945587535,0.0,1.0,0.0,0.0,-0.0
39628480945588430,0.02,0.98,0.0,0.0,0.07072027127091034
39628480937200055,0.02,0.98,0.0,0.0,0.07072027127091034
39628480937200372,0.0,0.99,0.01,0.0,0.04039656794795559
39628480937200641,0.0,0.93,0.07,0.0,0.18296182545011158
39628480937201272,0.0,1.0,0.0,0.0,-0.0
39628480941393094,0.0,1.0,0.0,0.0,-0.0
39628480941394491,0.0,1.0,0.0,0.0,-0.0
39628465183394223,0.06,0.94,0.0,0.0,0.16372245957723813
